ID,DT,Usage
103,55001,0.24599999999999997
103,55002,0.243
103,55003,0.243
103,55004,0.129
103,55005,0.09
103,55006,0.09
103,55007,0.081
103,55008,0.09
103,55009,0.087
103,55010,0.081
103,55011,0.087
103,55012,0.087
103,55013,0.147
103,55014,0.174
103,55015,0.144
103,55016,0.078
103,55017,0.087
103,55018,0.159
103,55019,0.051000000000000004
103,55020,0.024
103,55021,0.051000000000000004
103,55022,0.192
103,55023,0.11699999999999999
103,55024,0.018
103,55025,0.024
103,55026,0.021
103,55027,0.021
103,55028,0.048
103,55029,0.084
103,55030,0.132
103,55031,0.024
103,55032,0.018
103,55033,0.096
103,55034,0.036
103,55035,0.132
103,55036,0.318
103,55037,0.309
103,55038,0.186
103,55039,0.237
103,55040,0.282
103,55041,0.096
103,55042,0.186
103,55043,0.261
103,55044,0.264
103,55045,0.252
103,55046,0.357
103,55047,0.354
103,55048,0.159
103,55101,0.108
103,55102,0.099
103,55103,0.072
103,55104,0.078
103,55105,0.081
103,55106,0.075
103,55107,0.081
103,55108,0.081
103,55109,0.075
103,55110,0.12
103,55111,0.096
103,55112,0.096
103,55113,0.126
103,55114,0.207
103,55115,0.144
103,55116,0.087
103,55117,0.081
103,55118,0.078
103,55119,0.084
103,55120,0.075
103,55121,0.087
103,55122,0.22799999999999998
103,55123,0.141
103,55124,0.075
103,55125,0.072
103,55126,0.078
103,55127,0.099
103,55128,0.084
103,55129,0.11699999999999999
103,55130,0.081
103,55131,0.075
103,55132,0.09
103,55133,0.048
103,55134,0.03
103,55135,0.033
103,55136,0.23399999999999999
103,55137,0.48899999999999993
103,55138,0.405
103,55139,0.378
103,55140,0.315
103,55141,0.255
103,55142,0.36
103,55143,0.183
103,55144,0.222
103,55145,0.45299999999999996
103,55146,0.255
103,55147,0.243
103,55148,0.237
103,55201,0.207
103,55202,0.141
103,55203,0.075
103,55204,0.081
103,55205,0.081
103,55206,0.075
103,55207,0.084
103,55208,0.111
103,55209,0.10200000000000001
103,55210,0.075
103,55211,0.081
103,55212,0.108
103,55213,0.12
103,55214,0.135
103,55215,0.135
103,55216,0.072
103,55217,0.075
103,55218,0.081
103,55219,0.18
103,55220,0.036
103,55221,0.078
103,55222,0.168
103,55223,0.051000000000000004
103,55224,0.042
103,55225,0.024
103,55226,0.027
103,55227,0.087
103,55228,0.24599999999999997
103,55229,0.285
103,55230,0.153
103,55231,0.21
103,55232,0.366
103,55233,0.34199999999999997
103,55234,0.159
103,55235,0.21
103,55236,0.333
103,55237,0.195
103,55238,0.189
103,55239,0.174
103,55240,0.189
103,55241,0.12299999999999998
103,55242,0.11399999999999999
103,55243,0.219
103,55244,0.243
103,55245,0.345
103,55246,0.3
103,55247,0.192
103,55248,0.198
103,55301,0.195
103,55302,0.198
103,55303,0.207
103,55304,0.056999999999999995
103,55305,0.036
103,55306,0.036
103,55307,0.03
103,55308,0.027
103,55309,0.027
103,55310,0.03
103,55311,0.06
103,55312,0.051000000000000004
103,55313,0.11399999999999999
103,55314,0.096
103,55315,0.10200000000000001
103,55316,0.075
103,55317,0.069
103,55318,0.027
103,55319,0.024
103,55320,0.027
103,55321,0.081
103,55322,0.066
103,55323,0.063
103,55324,0.063
103,55325,0.111
103,55326,0.15
103,55327,0.099
103,55328,0.093
103,55329,0.12
103,55330,0.072
103,55331,0.06
103,55332,0.06
103,55333,0.063
103,55334,0.069
103,55335,0.084
103,55336,0.318
103,55337,0.315
103,55338,0.414
103,55339,0.261
103,55340,0.138
103,55341,0.297
103,55342,0.261
103,55343,0.186
103,55344,0.162
103,55345,0.285
103,55346,0.369
103,55347,0.252
103,55348,0.258
103,55401,0.24899999999999997
103,55402,0.243
103,55403,0.24899999999999997
103,55404,0.099
103,55405,0.09
103,55406,0.093
103,55407,0.087
103,55408,0.087
103,55409,0.093
103,55410,0.087
103,55411,0.126
103,55412,0.099
103,55413,0.105
103,55414,0.10200000000000001
103,55415,0.081
103,55416,0.075
103,55417,0.10200000000000001
103,55418,0.12
103,55419,0.084
103,55420,0.03
103,55421,0.051000000000000004
103,55422,0.273
103,55423,0.105
103,55424,0.207
103,55425,0.10200000000000001
103,55426,0.066
103,55427,0.042
103,55428,0.195
103,55429,0.09
103,55430,0.066
103,55431,0.084
103,55432,0.078
103,55433,0.099
103,55434,0.126
103,55435,0.222
103,55436,0.477
103,55437,0.471
103,55438,0.22499999999999998
103,55439,0.23399999999999999
103,55440,0.372
103,55441,0.705
103,55442,0.714
103,55443,0.48
103,55444,0.24599999999999997
103,55445,0.23399999999999999
103,55446,0.22799999999999998
103,55447,0.243
103,55448,0.24599999999999997
103,55501,0.24899999999999997
103,55502,0.222
103,55503,0.24599999999999997
103,55504,0.174
103,55505,0.081
103,55506,0.09
103,55507,0.087
103,55508,0.081
103,55509,0.087
103,55510,0.084
103,55511,0.078
103,55512,0.081
103,55513,0.075
103,55514,0.078
103,55515,0.081
103,55516,0.12
103,55517,0.096
103,55518,0.075
103,55519,0.09
103,55520,0.069
103,55521,0.174
103,55522,0.237
103,55523,0.18
103,55524,0.3
103,55525,0.192
103,55526,0.111
103,55527,0.075
103,55528,0.084
103,55529,0.087
103,55530,0.108
103,55531,0.108
103,55532,0.21
103,55533,0.267
103,55534,0.40800000000000003
103,55535,0.483
103,55536,0.6569999999999999
103,55537,0.585
103,55538,0.183
103,55539,0.11699999999999999
103,55540,0.15
103,55541,0.129
103,55542,0.111
103,55543,0.087
103,55544,0.12299999999999998
103,55545,0.402
103,55546,0.3
103,55547,0.243
103,55548,0.24
103,55601,0.207
103,55602,0.282
103,55603,0.144
103,55604,0.078
103,55605,0.081
103,55606,0.099
103,55607,0.105
103,55608,0.096
103,55609,0.075
103,55610,0.09
103,55611,0.11699999999999999
103,55612,0.126
103,55613,0.237
103,55614,0.078
103,55615,0.078
103,55616,0.069
103,55617,0.078
103,55618,0.12299999999999998
103,55619,0.17099999999999999
103,55620,0.357
103,55621,0.03
103,55622,0.018
103,55623,0.024
103,55624,0.06
103,55625,0.06
103,55626,0.174
103,55627,0.555
103,55628,0.513
103,55629,0.357
103,55630,0.264
103,55631,0.42
103,55632,0.186
103,55633,0.156
103,55634,0.12299999999999998
103,55635,0.12299999999999998
103,55636,0.12
103,55637,0.264
103,55638,0.156
103,55639,0.285
103,55640,0.291
103,55641,0.138
103,55642,0.105
103,55643,0.111
103,55644,0.207
103,55645,0.138
103,55646,0.6779999999999999
103,55647,0.309
103,55648,0.252
103,55701,0.279
103,55702,0.24899999999999997
103,55703,0.24899999999999997
103,55704,0.093
103,55705,0.087
103,55706,0.09
103,55707,0.087
103,55708,0.087
103,55709,0.09
103,55710,0.099
103,55711,0.11699999999999999
103,55712,0.111
103,55713,0.22499999999999998
103,55714,0.168
103,55715,0.075
103,55716,0.045
103,55717,0.018
103,55718,0.048
103,55719,0.027
103,55720,0.033
103,55721,0.06
103,55722,0.066
103,55723,0.045
103,55724,0.024
103,55725,0.063
103,55726,0.06
103,55727,0.099
103,55728,0.12299999999999998
103,55729,0.126
103,55730,0.06
103,55731,0.063
103,55732,0.06
103,55733,0.06
103,55734,0.174
103,55735,0.075
103,55736,0.12
103,55737,0.195
103,55738,0.174
103,55739,0.159
103,55740,0.138
103,55741,0.162
103,55742,0.321
103,55743,0.525
103,55744,0.387
103,55745,0.267
103,55746,0.48899999999999993
103,55747,0.23399999999999999
103,55748,0.183
103,55801,0.087
103,55802,0.078
103,55803,0.081
103,55804,0.072
103,55805,0.084
103,55806,0.081
103,55807,0.075
103,55808,0.081
103,55809,0.084
103,55810,0.141
103,55811,0.093
103,55812,0.126
103,55813,0.321
103,55814,0.153
103,55815,0.141
103,55816,0.078
103,55817,0.084
103,55818,0.069
103,55819,0.12299999999999998
103,55820,0.075
103,55821,0.027
103,55822,0.135
103,55823,0.27
103,55824,0.078
103,55825,0.027
103,55826,0.051000000000000004
103,55827,0.066
103,55828,0.075
103,55829,0.369
103,55830,0.162
103,55831,0.03
103,55832,0.099
103,55833,0.195
103,55834,0.324
103,55835,0.327
103,55836,0.066
103,55837,0.135
103,55838,0.09
103,55839,0.078
103,55840,0.312
103,55841,0.351
103,55842,0.393
103,55843,0.132
103,55844,0.387
103,55845,0.312
103,55846,0.363
103,55847,0.6
103,55848,0.11399999999999999
103,55901,0.10200000000000001
103,55902,0.10200000000000001
103,55903,0.126
103,55904,0.105
103,55905,0.105
103,55906,0.111
103,55907,0.141
103,55908,0.081
103,55909,0.081
103,55910,0.105
103,55911,0.144
103,55912,0.105
103,55913,0.10200000000000001
103,55914,0.11699999999999999
103,55915,0.12
103,55916,0.087
103,55917,0.075
103,55918,0.075
103,55919,0.11399999999999999
103,55920,0.087
103,55921,0.087
103,55922,0.075
103,55923,0.099
103,55924,0.10200000000000001
103,55925,0.12299999999999998
103,55926,0.12
103,55927,0.618
103,55928,0.447
103,55929,0.24
103,55930,0.366
103,55931,0.363
103,55932,0.303
103,55933,0.11699999999999999
103,55934,0.165
103,55935,0.333
103,55936,0.44999999999999996
103,55937,0.423
103,55938,0.20400000000000001
103,55939,0.198
103,55940,0.321
103,55941,0.153
103,55942,0.258
103,55943,0.432
103,55944,0.426
103,55945,0.219
103,55946,0.312
103,55947,0.216
103,55948,0.267
103,56001,0.46799999999999997
103,56002,0.168
103,56003,0.081
103,56004,0.081
103,56005,0.078
103,56006,0.081
103,56007,0.084
103,56008,0.078
103,56009,0.081
103,56010,0.11399999999999999
103,56011,0.084
103,56012,0.105
103,56013,0.12299999999999998
103,56014,0.129
103,56015,0.10200000000000001
103,56016,0.078
103,56017,0.075
103,56018,0.048
103,56019,0.024
103,56020,0.021
103,56021,0.165
103,56022,0.06
103,56023,0.072
103,56024,0.09
103,56025,0.162
103,56026,0.06
103,56027,0.219
103,56028,0.357
103,56029,0.207
103,56030,0.321
103,56031,0.099
103,56032,0.024
103,56033,0.021
103,56034,0.036
103,56035,0.072
103,56036,0.6029999999999999
103,56037,0.57
103,56038,0.369
103,56039,0.306
103,56040,0.186
103,56041,0.33899999999999997
103,56042,0.066
103,56043,0.072
103,56044,0.09
103,56045,0.15
103,56046,0.213
103,56047,0.273
103,56048,0.387
103,56101,0.42
103,56102,0.075
103,56103,0.078
103,56104,0.078
103,56105,0.075
103,56106,0.081
103,56107,0.081
103,56108,0.075
103,56109,0.078
103,56110,0.084
103,56111,0.165
103,56112,0.174
103,56113,0.162
103,56114,0.138
103,56115,0.135
103,56116,0.084
103,56117,0.051000000000000004
103,56118,0.03
103,56119,0.024
103,56120,0.048
103,56121,0.045
103,56122,0.033
103,56123,0.021
103,56124,0.024
103,56125,0.024
103,56126,0.081
103,56127,0.042
103,56128,0.279
103,56129,0.075
103,56130,0.159
103,56131,0.357
103,56132,0.189
103,56133,0.081
103,56134,0.10200000000000001
103,56135,0.22499999999999998
103,56136,0.375
103,56137,0.348
103,56138,0.309
103,56139,0.294
103,56140,0.306
103,56141,0.273
103,56142,0.24599999999999997
103,56143,0.24599999999999997
103,56144,0.18
103,56145,0.264
103,56146,0.48
103,56147,0.11699999999999999
103,56148,0.111
103,56201,0.11699999999999999
103,56202,0.099
103,56203,0.078
103,56204,0.087
103,56205,0.084
103,56206,0.081
103,56207,0.087
103,56208,0.11399999999999999
103,56209,0.10200000000000001
103,56210,0.093
103,56211,0.084
103,56212,0.081
103,56213,0.078
103,56214,0.081
103,56215,0.081
103,56216,0.078
103,56217,0.105
103,56218,0.153
103,56219,0.111
103,56220,0.174
103,56221,0.285
103,56222,0.081
103,56223,0.318
103,56224,0.243
103,56225,0.045
103,56226,0.033
103,56227,0.03
103,56228,0.027
103,56229,0.084
103,56230,0.327
103,56231,0.23399999999999999
103,56232,0.078
103,56233,0.072
103,56234,0.141
103,56235,0.49799999999999994
103,56236,0.45299999999999996
103,56237,0.393
103,56238,0.147
103,56239,0.27
103,56240,0.378
103,56241,0.324
103,56242,0.33
103,56243,0.33
103,56244,0.279
103,56245,0.348
103,56246,0.351
103,56247,0.213
103,56248,0.12
103,56301,0.12
103,56302,0.078
103,56303,0.081
103,56304,0.081
103,56305,0.078
103,56306,0.081
103,56307,0.081
103,56308,0.075
103,56309,0.081
103,56310,0.081
103,56311,0.105
103,56312,0.135
103,56313,0.22499999999999998
103,56314,0.096
103,56315,0.093
103,56316,0.084
103,56317,0.078
103,56318,0.12299999999999998
103,56319,0.096
103,56320,0.24599999999999997
103,56321,0.22499999999999998
103,56322,0.12299999999999998
103,56323,0.141
103,56324,0.345
103,56325,0.069
103,56326,0.33899999999999997
103,56327,0.40800000000000003
103,56328,0.288
103,56329,0.279
103,56330,0.18
103,56331,0.10200000000000001
103,56332,0.177
103,56333,0.159
103,56334,0.159
103,56335,0.237
103,56336,0.087
103,56337,0.15
103,56338,0.567
103,56339,0.531
103,56340,0.363
103,56341,0.696
103,56342,0.567
103,56343,0.564
103,56344,0.402
103,56345,0.291
103,56346,0.33
103,56347,0.126
103,56348,0.24
103,56401,0.24
103,56402,0.17099999999999999
103,56403,0.087
103,56404,0.084
103,56405,0.09
103,56406,0.087
103,56407,0.084
103,56408,0.093
103,56409,0.093
103,56410,0.11699999999999999
103,56411,0.105
103,56412,0.11399999999999999
103,56413,0.10200000000000001
103,56414,0.41100000000000003
103,56415,0.156
103,56416,0.11699999999999999
103,56417,0.093
103,56418,0.033
103,56419,0.024
103,56420,0.024
103,56421,0.018
103,56422,0.024
103,56423,0.219
103,56424,0.024
103,56425,0.036
103,56426,0.024
103,56427,0.024
103,56428,0.027
103,56429,0.021
103,56430,0.021
103,56431,0.033
103,56432,0.36
103,56433,0.435
103,56434,0.294
103,56435,0.105
103,56436,0.243
103,56437,0.162
103,56438,0.381
103,56439,0.513
103,56440,0.546
103,56441,0.567
103,56442,0.291
103,56443,0.282
103,56444,0.321
103,56445,0.255
103,56446,0.27
103,56447,0.429
103,56448,0.23099999999999998
103,56501,0.243
103,56502,0.24599999999999997
103,56503,0.27
103,56504,0.15
103,56505,0.087
103,56506,0.081
103,56507,0.081
103,56508,0.075
103,56509,0.078
103,56510,0.084
103,56511,0.129
103,56512,0.096
103,56513,0.144
103,56514,0.423
103,56515,0.222
103,56516,0.078
103,56517,0.072
103,56518,0.081
103,56519,0.087
103,56520,0.063
103,56521,0.024
103,56522,0.072
103,56523,0.177
103,56524,0.033
103,56525,0.033
103,56526,0.024
103,56527,0.075
103,56528,0.021
103,56529,0.018
103,56530,0.03
103,56531,0.327
103,56532,0.321
103,56533,0.594
103,56534,0.672
103,56535,0.41100000000000003
103,56536,0.41100000000000003
103,56537,0.429
103,56538,0.201
103,56539,0.093
103,56540,0.252
103,56541,0.393
103,56542,0.258
103,56543,0.189
103,56544,0.159
103,56545,0.345
103,56546,0.372
103,56547,0.243
103,56548,0.144
103,56601,0.09
103,56602,0.087
103,56603,0.084
103,56604,0.087
103,56605,0.09
103,56606,0.084
103,56607,0.09
103,56608,0.09
103,56609,0.084
103,56610,0.087
103,56611,0.12
103,56612,0.099
103,56613,0.138
103,56614,0.39
103,56615,0.147
103,56616,0.078
103,56617,0.093
103,56618,0.03
103,56619,0.048
103,56620,0.024
103,56621,0.021
103,56622,0.087
103,56623,0.384
103,56624,0.042
103,56625,0.03
103,56626,0.024
103,56627,0.03
103,56628,0.17099999999999999
103,56629,0.273
103,56630,0.075
103,56631,0.126
103,56632,0.384
103,56633,0.636
103,56634,0.672
103,56635,0.7529999999999999
103,56636,0.6029999999999999
103,56637,0.303
103,56638,0.51
103,56639,0.528
103,56640,0.399
103,56641,0.27
103,56642,0.138
103,56643,0.144
103,56644,0.285
103,56645,0.46499999999999997
103,56646,0.585
103,56647,0.444
103,56648,0.096
103,56701,0.09
103,56702,0.084
103,56703,0.084
103,56704,0.09
103,56705,0.087
103,56706,0.087
103,56707,0.09
103,56708,0.087
103,56709,0.084
103,56710,0.093
103,56711,0.129
103,56712,0.093
103,56713,0.12299999999999998
103,56714,0.372
103,56715,0.105
103,56716,0.078
103,56717,0.099
103,56718,0.099
103,56719,0.087
103,56720,0.081
103,56721,0.06
103,56722,0.09
103,56723,0.141
103,56724,0.024
103,56725,0.015
103,56726,0.024
103,56727,0.024
103,56728,0.018
103,56729,0.024
103,56730,0.039
103,56731,0.207
103,56732,0.366
103,56733,0.042
103,56734,0.09
103,56735,0.087
103,56736,0.6
103,56737,0.375
103,56738,0.075
103,56739,0.081
103,56740,0.096
103,56741,0.129
103,56742,0.135
103,56743,0.177
103,56744,0.18
103,56745,0.444
103,56746,0.6869999999999999
103,56747,0.273
103,56748,0.081
103,56801,0.078
103,56802,0.078
103,56803,0.075
103,56804,0.078
103,56805,0.078
103,56806,0.075
103,56807,0.081
103,56808,0.255
103,56809,0.084
103,56810,0.11399999999999999
103,56811,0.096
103,56812,0.096
103,56813,0.126
103,56814,0.138
103,56815,0.111
103,56816,0.129
103,56817,0.075
103,56818,0.066
103,56819,0.105
103,56820,0.111
103,56821,0.09
103,56822,0.033
103,56823,0.351
103,56824,0.06
103,56825,0.051000000000000004
103,56826,0.048
103,56827,0.11399999999999999
103,56828,0.141
103,56829,0.12299999999999998
103,56830,0.108
103,56831,0.072
103,56832,0.093
103,56833,0.174
103,56834,0.399
103,56835,0.072
103,56836,0.069
103,56837,0.06
103,56838,0.063
103,56839,0.105
103,56840,0.108
103,56841,0.10200000000000001
103,56842,0.105
103,56843,0.084
103,56844,0.09
103,56845,0.156
103,56846,0.45599999999999996
103,56847,0.351
103,56848,0.195
103,56901,0.174
103,56902,0.036
103,56903,0.033
103,56904,0.03
103,56905,0.036
103,56906,0.033
103,56907,0.03
103,56908,0.036
103,56909,0.036
103,56910,0.03
103,56911,0.033
103,56912,0.03
103,56913,0.024
103,56914,0.024
103,56915,0.03
103,56916,0.033
103,56917,0.093
103,56918,0.069
103,56919,0.036
103,56920,0.072
103,56921,0.129
103,56922,0.414
103,56923,0.15
103,56924,0.18
103,56925,0.096
103,56926,0.045
103,56927,0.042
103,56928,0.063
103,56929,0.141
103,56930,0.045
103,56931,0.21
103,56932,0.396
103,56933,0.414
103,56934,0.327
103,56935,0.666
103,56936,0.435
103,56937,0.129
103,56938,0.348
103,56939,0.147
103,56940,0.111
103,56941,0.11399999999999999
103,56942,0.111
103,56943,0.108
103,56944,0.11399999999999999
103,56945,0.11399999999999999
103,56946,0.17099999999999999
103,56947,0.354
103,56948,0.351
103,57001,0.46799999999999997
103,57002,0.432
103,57003,0.372
103,57004,0.3
103,57005,0.27
103,57006,0.10200000000000001
103,57007,0.09
103,57008,0.093
103,57009,0.096
103,57010,0.135
103,57011,0.144
103,57012,0.11399999999999999
103,57013,0.11399999999999999
103,57014,0.093
103,57015,0.078
103,57016,0.081
103,57017,0.12
103,57018,0.285
103,57019,0.46799999999999997
103,57020,0.252
103,57021,0.129
103,57022,0.23099999999999998
103,57023,0.297
103,57024,0.12
103,57025,0.042
103,57026,0.027
103,57027,0.027
103,57028,0.027
103,57029,0.051000000000000004
103,57030,0.06
103,57031,0.036
103,57032,0.024
103,57033,0.039
103,57034,0.093
103,57035,0.069
103,57036,0.056999999999999995
103,57037,0.084
103,57038,0.303
103,57039,0.147
103,57040,0.153
103,57041,0.138
103,57042,0.156
103,57043,0.138
103,57044,0.138
103,57045,0.288
103,57046,0.186
103,57047,0.09
103,57048,0.084
103,57101,0.087
103,57102,0.087
103,57103,0.084
103,57104,0.087
103,57105,0.087
103,57106,0.084
103,57107,0.084
103,57108,0.087
103,57109,0.087
103,57110,0.081
103,57111,0.138
103,57112,0.099
103,57113,0.183
103,57114,0.21
103,57115,0.177
103,57116,0.111
103,57117,0.087
103,57118,0.042
103,57119,0.027
103,57120,0.021
103,57121,0.015
103,57122,0.021
103,57123,0.021
103,57124,0.018
103,57125,0.045
103,57126,0.021
103,57127,0.018
103,57128,0.024
103,57129,0.021
103,57130,0.018
103,57131,0.084
103,57132,0.195
103,57133,0.312
103,57134,0.315
103,57135,0.147
103,57136,0.18
103,57137,0.17099999999999999
103,57138,0.23399999999999999
103,57139,0.096
103,57140,0.099
103,57141,0.159
103,57142,0.147
103,57143,0.066
103,57144,0.17099999999999999
103,57145,0.24599999999999997
103,57146,0.078
103,57147,0.075
103,57148,0.081
103,57201,0.078
103,57202,0.075
103,57203,0.081
103,57204,0.078
103,57205,0.075
103,57206,0.084
103,57207,0.081
103,57208,0.075
103,57209,0.081
103,57210,0.099
103,57211,0.132
103,57212,0.11699999999999999
103,57213,0.153
103,57214,0.357
103,57215,0.3
103,57216,0.078
103,57217,0.09
103,57218,0.048
103,57219,0.063
103,57220,0.036
103,57221,0.03
103,57222,0.033
103,57223,0.033
103,57224,0.03
103,57225,0.03
103,57226,0.033
103,57227,0.03
103,57228,0.033
103,57229,0.033
103,57230,0.03
103,57231,0.03
103,57232,0.279
103,57233,0.252
103,57234,0.105
103,57235,0.075
103,57236,0.258
103,57237,0.357
103,57238,0.195
103,57239,0.096
103,57240,0.096
103,57241,0.096
103,57242,0.183
103,57243,0.072
103,57244,0.084
103,57245,0.081
103,57246,0.252
103,57247,0.138
103,57248,0.078
103,57301,0.081
103,57302,0.072
103,57303,0.075
103,57304,0.078
103,57305,0.075
103,57306,0.078
103,57307,0.081
103,57308,0.078
103,57309,0.078
103,57310,0.132
103,57311,0.093
103,57312,0.10200000000000001
103,57313,0.21
103,57314,0.46199999999999997
103,57315,0.159
103,57316,0.087
103,57317,0.024
103,57318,0.027
103,57319,0.021
103,57320,0.018
103,57321,0.024
103,57322,0.021
103,57323,0.018
103,57324,0.024
103,57325,0.021
103,57326,0.018
103,57327,0.048
103,57328,0.021
103,57329,0.027
103,57330,0.024
103,57331,0.021
103,57332,0.027
103,57333,0.243
103,57334,0.315
103,57335,0.309
103,57336,0.288
103,57337,0.159
103,57338,0.34199999999999997
103,57339,0.312
103,57340,0.135
103,57341,0.11699999999999999
103,57342,0.129
103,57343,0.108
103,57344,0.09
103,57345,0.267
103,57346,0.174
103,57347,0.087
103,57348,0.075
103,57401,0.078
103,57402,0.075
103,57403,0.078
103,57404,0.078
103,57405,0.078
103,57406,0.081
103,57407,0.084
103,57408,0.078
103,57409,0.081
103,57410,0.087
103,57411,0.111
103,57412,0.099
103,57413,0.201
103,57414,0.438
103,57415,0.10200000000000001
103,57416,0.081
103,57417,0.078
103,57418,0.087
103,57419,0.036
103,57420,0.042
103,57421,0.021
103,57422,0.024
103,57423,0.018
103,57424,0.018
103,57425,0.021
103,57426,0.021
103,57427,0.039
103,57428,0.027
103,57429,0.018
103,57430,0.021
103,57431,0.024
103,57432,0.024
103,57433,0.063
103,57434,0.036
103,57435,0.066
103,57436,0.315
103,57437,0.432
103,57438,0.183
103,57439,0.22499999999999998
103,57440,0.108
103,57441,0.132
103,57442,0.105
103,57443,0.093
103,57444,0.135
103,57445,0.135
103,57446,0.333
103,57447,0.096
103,57448,0.084
103,57501,0.087
103,57502,0.084
103,57503,0.084
103,57504,0.087
103,57505,0.081
103,57506,0.084
103,57507,0.087
103,57508,0.084
103,57509,0.09
103,57510,0.135
103,57511,0.10200000000000001
103,57512,0.11399999999999999
103,57513,0.108
103,57514,0.126
103,57515,0.33899999999999997
103,57516,0.096
103,57517,0.081
103,57518,0.084
103,57519,0.078
103,57520,0.078
103,57521,0.048
103,57522,0.027
103,57523,0.084
103,57524,0.051000000000000004
103,57525,0.093
103,57526,0.045
103,57527,0.018
103,57528,0.11399999999999999
103,57529,0.021
103,57530,0.021
103,57531,0.024
103,57532,0.024
103,57533,0.135
103,57534,0.312
103,57535,0.22499999999999998
103,57536,0.327
103,57537,0.213
103,57538,0.129
103,57539,0.15
103,57540,0.22499999999999998
103,57541,0.15
103,57542,0.147
103,57543,0.12299999999999998
103,57544,0.11399999999999999
103,57545,0.084
103,57546,0.27
103,57547,0.126
103,57548,0.084
103,57601,0.078
103,57602,0.081
103,57603,0.084
103,57604,0.078
103,57605,0.084
103,57606,0.087
103,57607,0.081
103,57608,0.084
103,57609,0.087
103,57610,0.11699999999999999
103,57611,0.096
103,57612,0.108
103,57613,0.081
103,57614,0.075
103,57615,0.075
103,57616,0.108
103,57617,0.12
103,57618,0.075
103,57619,0.084
103,57620,0.12
103,57621,0.11699999999999999
103,57622,0.318
103,57623,0.315
103,57624,0.324
103,57625,0.321
103,57626,0.168
103,57627,0.105
103,57628,0.153
103,57629,0.10200000000000001
103,57630,0.108
103,57631,0.081
103,57632,0.066
103,57633,0.069
103,57634,0.081
103,57635,0.078
103,57636,0.309
103,57637,0.255
103,57638,0.198
103,57639,0.21
103,57640,0.399
103,57641,0.27
103,57642,0.177
103,57643,0.213
103,57644,0.093
103,57645,0.084
103,57646,0.198
103,57647,0.186
103,57648,0.081
103,57701,0.078
103,57702,0.072
103,57703,0.078
103,57704,0.078
103,57705,0.072
103,57706,0.078
103,57707,0.078
103,57708,0.069
103,57709,0.075
103,57710,0.108
103,57711,0.081
103,57712,0.099
103,57713,0.141
103,57714,0.069
103,57715,0.072
103,57716,0.075
103,57717,0.066
103,57718,0.072
103,57719,0.069
103,57720,0.075
103,57721,0.06
103,57722,0.051000000000000004
103,57723,0.129
103,57724,0.096
103,57725,0.069
103,57726,0.081
103,57727,0.24899999999999997
103,57728,0.087
103,57729,0.141
103,57730,0.066
103,57731,0.066
103,57732,0.09
103,57733,0.069
103,57734,0.072
103,57735,0.069
103,57736,0.078
103,57737,0.198
103,57738,0.366
103,57739,0.279
103,57740,0.17099999999999999
103,57741,0.195
103,57742,0.387
103,57743,0.186
103,57744,0.126
103,57745,0.12299999999999998
103,57746,0.276
103,57747,0.084
103,57748,0.087
103,57801,0.078
103,57802,0.084
103,57803,0.087
103,57804,0.078
103,57805,0.087
103,57806,0.084
103,57807,0.081
103,57808,0.084
103,57809,0.084
103,57810,0.078
103,57811,0.084
103,57812,0.087
103,57813,0.24
103,57814,0.369
103,57815,0.147
103,57816,0.111
103,57817,0.087
103,57818,0.042
103,57819,0.021
103,57820,0.024
103,57821,0.021
103,57822,0.024
103,57823,0.024
103,57824,0.021
103,57825,0.021
103,57826,0.024
103,57827,0.018
103,57828,0.021
103,57829,0.024
103,57830,0.018
103,57831,0.024
103,57832,0.024
103,57833,0.045
103,57834,0.294
103,57835,0.237
103,57836,0.135
103,57837,0.12
103,57838,0.081
103,57839,0.06
103,57840,0.056999999999999995
103,57841,0.069
103,57842,0.093
103,57843,0.10200000000000001
103,57844,0.087
103,57845,0.18
103,57846,0.189
103,57847,0.075
103,57848,0.078
103,57901,0.069
103,57902,0.075
103,57903,0.078
103,57904,0.069
103,57905,0.081
103,57906,0.078
103,57907,0.072
103,57908,0.078
103,57909,0.12299999999999998
103,57910,0.084
103,57911,0.10200000000000001
103,57912,0.099
103,57913,0.174
103,57914,0.414
103,57915,0.243
103,57916,0.108
103,57917,0.078
103,57918,0.056999999999999995
103,57919,0.021
103,57920,0.021
103,57921,0.021
103,57922,0.021
103,57923,0.024
103,57924,0.021
103,57925,0.024
103,57926,0.024
103,57927,0.045
103,57928,0.045
103,57929,0.036
103,57930,0.024
103,57931,0.042
103,57932,0.06
103,57933,0.063
103,57934,0.063
103,57935,0.072
103,57936,0.153
103,57937,0.056999999999999995
103,57938,0.054
103,57939,0.069
103,57940,0.147
103,57941,0.366
103,57942,0.213
103,57943,0.147
103,57944,0.108
103,57945,0.075
103,57946,0.222
103,57947,0.15
103,57948,0.078
103,58001,0.075
103,58002,0.078
103,58003,0.075
103,58004,0.072
103,58005,0.078
103,58006,0.078
103,58007,0.075
103,58008,0.081
103,58009,0.075
103,58010,0.072
103,58011,0.078
103,58012,0.099
103,58013,0.153
103,58014,0.378
103,58015,0.144
103,58016,0.081
103,58017,0.069
103,58018,0.024
103,58019,0.024
103,58020,0.018
103,58021,0.024
103,58022,0.03
103,58023,0.027
103,58024,0.027
103,58025,0.033
103,58026,0.027
103,58027,0.03
103,58028,0.03
103,58029,0.018
103,58030,0.021
103,58031,0.021
103,58032,0.027
103,58033,0.213
103,58034,0.10200000000000001
103,58035,0.207
103,58036,0.135
103,58037,0.096
103,58038,0.126
103,58039,0.087
103,58040,0.273
103,58041,0.216
103,58042,0.147
103,58043,0.147
103,58044,0.144
103,58045,0.105
103,58046,0.303
103,58047,0.087
103,58048,0.084
103,58101,0.084
103,58102,0.084
103,58103,0.081
103,58104,0.081
103,58105,0.087
103,58106,0.087
103,58107,0.081
103,58108,0.09
103,58109,0.093
103,58110,0.108
103,58111,0.10200000000000001
103,58112,0.11399999999999999
103,58113,0.12299999999999998
103,58114,0.312
103,58115,0.093
103,58116,0.066
103,58117,0.075
103,58118,0.033
103,58119,0.024
103,58120,0.039
103,58121,0.024
103,58122,0.018
103,58123,0.021
103,58124,0.024
103,58125,0.018
103,58126,0.036
103,58127,0.024
103,58128,0.018
103,58129,0.024
103,58130,0.024
103,58131,0.018
103,58132,0.027
103,58133,0.063
103,58134,0.066
103,58135,0.084
103,58136,0.132
103,58137,0.132
103,58138,0.189
103,58139,0.129
103,58140,0.096
103,58141,0.11399999999999999
103,58142,0.108
103,58143,0.12299999999999998
103,58144,0.10200000000000001
103,58145,0.078
103,58146,0.213
103,58147,0.153
103,58148,0.075
103,58201,0.078
103,58202,0.072
103,58203,0.075
103,58204,0.078
103,58205,0.075
103,58206,0.075
103,58207,0.078
103,58208,0.078
103,58209,0.096
103,58210,0.15
103,58211,0.11399999999999999
103,58212,0.12
103,58213,0.17099999999999999
103,58214,0.144
103,58215,0.075
103,58216,0.075
103,58217,0.078
103,58218,0.048
103,58219,0.024
103,58220,0.027
103,58221,0.021
103,58222,0.024
103,58223,0.018
103,58224,0.024
103,58225,0.021
103,58226,0.018
103,58227,0.024
103,58228,0.03
103,58229,0.036
103,58230,0.027
103,58231,0.056999999999999995
103,58232,0.036
103,58233,0.063
103,58234,0.075
103,58235,0.09
103,58236,0.09
103,58237,0.12299999999999998
103,58238,0.12
103,58239,0.12299999999999998
103,58240,0.111
103,58241,0.10200000000000001
103,58242,0.084
103,58243,0.069
103,58244,0.087
103,58245,0.081
103,58246,0.078
103,58247,0.072
103,58248,0.081
103,58301,0.075
103,58302,0.072
103,58303,0.078
103,58304,0.075
103,58305,0.072
103,58306,0.081
103,58307,0.075
103,58308,0.075
103,58309,0.078
103,58310,0.108
103,58311,0.084
103,58312,0.10200000000000001
103,58313,0.096
103,58314,0.069
103,58315,0.075
103,58316,0.156
103,58317,0.072
103,58318,0.078
103,58319,0.075
103,58320,0.09
103,58321,0.11399999999999999
103,58322,0.126
103,58323,0.126
103,58324,0.111
103,58325,0.087
103,58326,0.078
103,58327,0.108
103,58328,0.126
103,58329,0.10200000000000001
103,58330,0.075
103,58331,0.066
103,58332,0.066
103,58333,0.099
103,58334,0.072
103,58335,0.075
103,58336,0.084
103,58337,0.267
103,58338,0.10200000000000001
103,58339,0.126
103,58340,0.12
103,58341,0.087
103,58342,0.078
103,58343,0.078
103,58344,0.111
103,58345,0.207
103,58346,0.23099999999999998
103,58347,0.096
103,58348,0.093
103,58401,0.078
103,58402,0.078
103,58403,0.078
103,58404,0.075
103,58405,0.081
103,58406,0.081
103,58407,0.078
103,58408,0.081
103,58409,0.084
103,58410,0.105
103,58411,0.096
103,58412,0.183
103,58413,0.15
103,58414,0.084
103,58415,0.075
103,58416,0.087
103,58417,0.096
103,58418,0.072
103,58419,0.078
103,58420,0.072
103,58421,0.056999999999999995
103,58422,0.024
103,58423,0.021
103,58424,0.015
103,58425,0.045
103,58426,0.144
103,58427,0.303
103,58428,0.363
103,58429,0.303
103,58430,0.279
103,58431,0.168
103,58432,0.108
103,58433,0.11399999999999999
103,58434,0.10200000000000001
103,58435,0.072
103,58436,0.072
103,58437,0.189
103,58438,0.141
103,58439,0.162
103,58440,0.159
103,58441,0.129
103,58442,0.108
103,58443,0.10200000000000001
103,58444,0.11699999999999999
103,58445,0.084
103,58446,0.276
103,58447,0.12299999999999998
103,58448,0.084
103,58501,0.087
103,58502,0.081
103,58503,0.081
103,58504,0.087
103,58505,0.081
103,58506,0.084
103,58507,0.087
103,58508,0.081
103,58509,0.084
103,58510,0.084
103,58511,0.081
103,58512,0.099
103,58513,0.222
103,58514,0.12
103,58515,0.303
103,58516,0.174
103,58517,0.072
103,58518,0.03
103,58519,0.048
103,58520,0.021
103,58521,0.018
103,58522,0.024
103,58523,0.021
103,58524,0.018
103,58525,0.024
103,58526,0.042
103,58527,0.021
103,58528,0.021
103,58529,0.027
103,58530,0.018
103,58531,0.024
103,58532,0.03
103,58533,0.09
103,58534,0.033
103,58535,0.078
103,58536,0.36
103,58537,0.186
103,58538,0.108
103,58539,0.105
103,58540,0.063
103,58541,0.081
103,58542,0.09
103,58543,0.252
103,58544,0.354
103,58545,0.084
103,58546,0.255
103,58547,0.129
103,58548,0.078
103,58601,0.072
103,58602,0.078
103,58603,0.075
103,58604,0.072
103,58605,0.081
103,58606,0.078
103,58607,0.072
103,58608,0.081
103,58609,0.081
103,58610,0.126
103,58611,0.09
103,58612,0.108
103,58613,0.129
103,58614,0.138
103,58615,0.36
103,58616,0.195
103,58617,0.072
103,58618,0.075
103,58619,0.051000000000000004
103,58620,0.027
103,58621,0.024
103,58622,0.018
103,58623,0.021
103,58624,0.024
103,58625,0.018
103,58626,0.018
103,58627,0.03
103,58628,0.027
103,58629,0.018
103,58630,0.024
103,58631,0.12
103,58632,0.312
103,58633,0.309
103,58634,0.3
103,58635,0.213
103,58636,0.084
103,58637,0.087
103,58638,0.075
103,58639,0.11699999999999999
103,58640,0.09
103,58641,0.084
103,58642,0.096
103,58643,0.129
103,58644,0.135
103,58645,0.09
103,58646,0.081
103,58647,0.081
103,58648,0.075
103,58701,0.084
103,58702,0.078
103,58703,0.075
103,58704,0.084
103,58705,0.081
103,58706,0.075
103,58707,0.084
103,58708,0.084
103,58709,0.069
103,58710,0.078
103,58711,0.078
103,58712,0.069
103,58713,0.108
103,58714,0.129
103,58715,0.303
103,58716,0.20400000000000001
103,58717,0.075
103,58718,0.027
103,58719,0.027
103,58720,0.024
103,58721,0.021
103,58722,0.018
103,58723,0.024
103,58724,0.021
103,58725,0.021
103,58726,0.051000000000000004
103,58727,0.024
103,58728,0.015
103,58729,0.021
103,58730,0.021
103,58731,0.021
103,58732,0.03
103,58733,0.09
103,58734,0.303
103,58735,0.324
103,58736,0.351
103,58737,0.147
103,58738,0.105
103,58739,0.111
103,58740,0.159
103,58741,0.183
103,58742,0.195
103,58743,0.186
103,58744,0.177
103,58745,0.099
103,58746,0.132
103,58747,0.282
103,58748,0.084
103,58801,0.078
103,58802,0.084
103,58803,0.084
103,58804,0.078
103,58805,0.09
103,58806,0.084
103,58807,0.078
103,58808,0.087
103,58809,0.081
103,58810,0.093
103,58811,0.108
103,58812,0.099
103,58813,0.147
103,58814,0.147
103,58815,0.11699999999999999
103,58816,0.072
103,58817,0.075
103,58818,0.075
103,58819,0.072
103,58820,0.159
103,58821,0.348
103,58822,0.027
103,58823,0.069
103,58824,0.072
103,58825,0.066
103,58826,0.22499999999999998
103,58827,0.23099999999999998
103,58828,0.195
103,58829,0.096
103,58830,0.063
103,58831,0.186
103,58832,0.309
103,58833,0.078
103,58834,0.10200000000000001
103,58835,0.084
103,58836,0.069
103,58837,0.036
103,58838,0.132
103,58839,0.11699999999999999
103,58840,0.264
103,58841,0.156
103,58842,0.084
103,58843,0.12
103,58844,0.099
103,58845,0.294
103,58846,0.10200000000000001
103,58847,0.078
103,58848,0.078
103,58901,0.084
103,58902,0.084
103,58903,0.075
103,58904,0.084
103,58905,0.084
103,58906,0.081
103,58907,0.087
103,58908,0.084
103,58909,0.078
103,58910,0.093
103,58911,0.153
103,58912,0.10200000000000001
103,58913,0.15
103,58914,0.321
103,58915,0.147
103,58916,0.072
103,58917,0.069
103,58918,0.063
103,58919,0.069
103,58920,0.072
103,58921,0.069
103,58922,0.072
103,58923,0.03
103,58924,0.093
103,58925,0.34199999999999997
103,58926,0.324
103,58927,0.207
103,58928,0.024
103,58929,0.027
103,58930,0.027
103,58931,0.075
103,58932,0.063
103,58933,0.063
103,58934,0.06
103,58935,0.099
103,58936,0.084
103,58937,0.126
103,58938,0.126
103,58939,0.10200000000000001
103,58940,0.189
103,58941,0.147
103,58942,0.36
103,58943,0.132
103,58944,0.156
103,58945,0.177
103,58946,0.222
103,58947,0.078
103,58948,0.075
103,59001,0.075
103,59002,0.078
103,59003,0.078
103,59004,0.075
103,59005,0.078
103,59006,0.078
103,59007,0.078
103,59008,0.081
103,59009,0.078
103,59010,0.078
103,59011,0.10200000000000001
103,59012,0.099
103,59013,0.096
103,59014,0.099
103,59015,0.084
103,59016,0.09
103,59017,0.105
103,59018,0.078
103,59019,0.042
103,59020,0.048
103,59021,0.036
103,59022,0.132
103,59023,0.087
103,59024,0.072
103,59025,0.129
103,59026,0.129
103,59027,0.24
103,59028,0.084
103,59029,0.063
103,59030,0.056999999999999995
103,59031,0.066
103,59032,0.075
103,59033,0.069
103,59034,0.075
103,59035,0.081
103,59036,0.075
103,59037,0.12
103,59038,0.093
103,59039,0.138
103,59040,0.11399999999999999
103,59041,0.189
103,59042,0.11699999999999999
103,59043,0.129
103,59044,0.078
103,59045,0.078
103,59046,0.165
103,59047,0.207
103,59048,0.081
103,59101,0.078
103,59102,0.075
103,59103,0.081
103,59104,0.078
103,59105,0.075
103,59106,0.081
103,59107,0.081
103,59108,0.072
103,59109,0.081
103,59110,0.09
103,59111,0.105
103,59112,0.12299999999999998
103,59113,0.258
103,59114,0.075
103,59115,0.084
103,59116,0.081
103,59117,0.072
103,59118,0.072
103,59119,0.075
103,59120,0.072
103,59121,0.066
103,59122,0.132
103,59123,0.093
103,59124,0.096
103,59125,0.093
103,59126,0.108
103,59127,0.108
103,59128,0.192
103,59129,0.312
103,59130,0.327
103,59131,0.312
103,59132,0.17099999999999999
103,59133,0.063
103,59134,0.069
103,59135,0.072
103,59136,0.054
103,59137,0.10200000000000001
103,59138,0.156
103,59139,0.264
103,59140,0.309
103,59141,0.363
103,59142,0.207
103,59143,0.09
103,59144,0.081
103,59145,0.168
103,59146,0.219
103,59147,0.087
103,59148,0.084
103,59201,0.09
103,59202,0.084
103,59203,0.078
103,59204,0.084
103,59205,0.078
103,59206,0.081
103,59207,0.084
103,59208,0.081
103,59209,0.078
103,59210,0.084
103,59211,0.081
103,59212,0.078
103,59213,0.12299999999999998
103,59214,0.366
103,59215,0.144
103,59216,0.087
103,59217,0.081
103,59218,0.072
103,59219,0.072
103,59220,0.078
103,59221,0.033
103,59222,0.021
103,59223,0.018
103,59224,0.048
103,59225,0.273
103,59226,0.327
103,59227,0.22799999999999998
103,59228,0.06
103,59229,0.06
103,59230,0.066
103,59231,0.06
103,59232,0.063
103,59233,0.069
103,59234,0.072
103,59235,0.213
103,59236,0.294
103,59237,0.069
103,59238,0.093
103,59239,0.078
103,59240,0.069
103,59241,0.156
103,59242,0.12
103,59243,0.306
103,59244,0.072
103,59245,0.285
103,59246,0.099
103,59247,0.075
103,59248,0.072
103,59301,0.081
103,59302,0.078
103,59303,0.075
103,59304,0.078
103,59305,0.078
103,59306,0.072
103,59307,0.078
103,59308,0.078
103,59309,0.069
103,59310,0.078
103,59311,0.15
103,59312,0.087
103,59313,0.126
103,59314,0.126
103,59315,0.138
103,59316,0.111
103,59317,0.084
103,59318,0.039
103,59319,0.027
103,59320,0.027
103,59321,0.021
103,59322,0.027
103,59323,0.063
103,59324,0.066
103,59325,0.075
103,59326,0.078
103,59327,0.09
103,59328,0.066
103,59329,0.063
103,59330,0.056999999999999995
103,59331,0.063
103,59332,0.066
103,59333,0.056999999999999995
103,59334,0.06
103,59335,0.072
103,59336,0.084
103,59337,0.09
103,59338,0.138
103,59339,0.108
103,59340,0.156
103,59341,0.315
103,59342,0.345
103,59343,0.111
103,59344,0.087
103,59345,0.084
103,59346,0.23399999999999999
103,59347,0.144
103,59348,0.078
103,59401,0.075
103,59402,0.072
103,59403,0.078
103,59404,0.078
103,59405,0.072
103,59406,0.081
103,59407,0.078
103,59408,0.072
103,59409,0.078
103,59410,0.075
103,59411,0.069
103,59412,0.075
103,59413,0.201
103,59414,0.396
103,59415,0.12
103,59416,0.10200000000000001
103,59417,0.093
103,59418,0.087
103,59419,0.20400000000000001
103,59420,0.087
103,59421,0.075
103,59422,0.072
103,59423,0.087
103,59424,0.03
103,59425,0.051000000000000004
103,59426,0.195
103,59427,0.306
103,59428,0.312
103,59429,0.273
103,59430,0.17099999999999999
103,59431,0.069
103,59432,0.156
103,59433,0.273
103,59434,0.087
103,59435,0.066
103,59436,0.17099999999999999
103,59437,0.366
103,59438,0.096
103,59439,0.084
103,59440,0.11399999999999999
103,59441,0.135
103,59442,0.132
103,59443,0.135
103,59444,0.09
103,59445,0.084
103,59446,0.126
103,59447,0.267
103,59448,0.084
103,59501,0.081
103,59502,0.078
103,59503,0.081
103,59504,0.11699999999999999
103,59505,0.096
103,59506,0.09
103,59507,0.081
103,59508,0.084
103,59509,0.081
103,59510,0.081
103,59511,0.081
103,59512,0.078
103,59513,0.141
103,59514,0.429
103,59515,0.159
103,59516,0.066
103,59517,0.033
103,59518,0.018
103,59519,0.021
103,59520,0.021
103,59521,0.018
103,59522,0.021
103,59523,0.021
103,59524,0.015
103,59525,0.021
103,59526,0.021
103,59527,0.054
103,59528,0.282
103,59529,0.315
103,59530,0.309
103,59531,0.315
103,59532,0.312
103,59533,0.10200000000000001
103,59534,0.072
103,59535,0.069
103,59536,0.12
103,59537,0.147
103,59538,0.129
103,59539,0.312
103,59540,0.135
103,59541,0.279
103,59542,0.33899999999999997
103,59543,0.081
103,59544,0.072
103,59545,0.081
103,59546,0.198
103,59547,0.20400000000000001
103,59548,0.078
103,59601,0.084
103,59602,0.084
103,59603,0.078
103,59604,0.084
103,59605,0.087
103,59606,0.075
103,59607,0.084
103,59608,0.084
103,59609,0.075
103,59610,0.111
103,59611,0.105
103,59612,0.093
103,59613,0.135
103,59614,0.12
103,59615,0.12299999999999998
103,59616,0.075
103,59617,0.078
103,59618,0.078
103,59619,0.138
103,59620,0.366
103,59621,0.201
103,59622,0.159
103,59623,0.309
103,59624,0.3
103,59625,0.12
103,59626,0.066
103,59627,0.105
103,59628,0.222
103,59629,0.06
103,59630,0.12
103,59631,0.24899999999999997
103,59632,0.066
103,59633,0.054
103,59634,0.06
103,59635,0.135
103,59636,0.312
103,59637,0.165
103,59638,0.156
103,59639,0.111
103,59640,0.108
103,59641,0.318
103,59642,0.132
103,59643,0.126
103,59644,0.096
103,59645,0.24599999999999997
103,59646,0.165
103,59647,0.075
103,59648,0.081
103,59701,0.081
103,59702,0.075
103,59703,0.081
103,59704,0.078
103,59705,0.072
103,59706,0.078
103,59707,0.081
103,59708,0.078
103,59709,0.072
103,59710,0.078
103,59711,0.105
103,59712,0.081
103,59713,0.10200000000000001
103,59714,0.09
103,59715,0.12
103,59716,0.084
103,59717,0.087
103,59718,0.096
103,59719,0.12
103,59720,0.243
103,59721,0.363
103,59722,0.33
103,59723,0.201
103,59724,0.021
103,59725,0.15
103,59726,0.351
103,59727,0.267
103,59728,0.108
103,59729,0.06
103,59730,0.066
103,59731,0.072
103,59732,0.147
103,59733,0.093
103,59734,0.081
103,59735,0.09
103,59736,0.321
103,59737,0.12
103,59738,0.096
103,59739,0.324
103,59740,0.12299999999999998
103,59741,0.078
103,59742,0.219
103,59743,0.22799999999999998
103,59744,0.078
103,59745,0.045
103,59746,0.036
103,59747,0.042
103,59748,0.063
103,59801,0.072
103,59802,0.078
103,59803,0.075
103,59804,0.069
103,59805,0.078
103,59806,0.078
103,59807,0.072
103,59808,0.078
103,59809,0.078
103,59810,0.072
103,59811,0.084
103,59812,0.111
103,59813,0.09
103,59814,0.108
103,59815,0.084
103,59816,0.075
103,59817,0.078
103,59818,0.093
103,59819,0.12
103,59820,0.135
103,59821,0.369
103,59822,0.168
103,59823,0.162
103,59824,0.105
103,59825,0.056999999999999995
103,59826,0.072
103,59827,0.141
103,59828,0.144
103,59829,0.21
103,59830,0.327
103,59831,0.315
103,59832,0.189
103,59833,0.105
103,59834,0.096
103,59835,0.09
103,59836,0.09
103,59837,0.105
103,59838,0.153
103,59839,0.11699999999999999
103,59840,0.309
103,59841,0.12299999999999998
103,59842,0.126
103,59843,0.066
103,59844,0.10200000000000001
103,59845,0.09
103,59846,0.276
103,59847,0.135
103,59848,0.087
103,59901,0.084
103,59902,0.087
103,59903,0.081
103,59904,0.084
103,59905,0.087
103,59906,0.081
103,59907,0.087
103,59908,0.087
103,59909,0.078
103,59910,0.087
103,59911,0.084
103,59912,0.078
103,59913,0.135
103,59914,0.267
103,59915,0.24899999999999997
103,59916,0.036
103,59917,0.054
103,59918,0.048
103,59919,0.036
103,59920,0.021
103,59921,0.024
103,59922,0.021
103,59923,0.018
103,59924,0.021
103,59925,0.042
103,59926,0.024
103,59927,0.021
103,59928,0.015
103,59929,0.021
103,59930,0.021
103,59931,0.015
103,59932,0.021
103,59933,0.021
103,59934,0.087
103,59935,0.321
103,59936,0.321
103,59937,0.33899999999999997
103,59938,0.21
103,59939,0.11399999999999999
103,59940,0.10200000000000001
103,59941,0.129
103,59942,0.162
103,59943,0.159
103,59944,0.12
103,59945,0.195
103,59946,0.195
103,59947,0.075
103,59948,0.078
103,60001,0.081
103,60002,0.075
103,60003,0.075
103,60004,0.078
103,60005,0.075
103,60006,0.078
103,60007,0.081
103,60008,0.078
103,60009,0.132
103,60010,0.099
103,60011,0.099
103,60012,0.09
103,60013,0.126
103,60014,0.282
103,60015,0.126
103,60016,0.093
103,60017,0.081
103,60018,0.051000000000000004
103,60019,0.024
103,60020,0.024
103,60021,0.021
103,60022,0.018
103,60023,0.018
103,60024,0.021
103,60025,0.021
103,60026,0.045
103,60027,0.11699999999999999
103,60028,0.063
103,60029,0.165
103,60030,0.267
103,60031,0.069
103,60032,0.066
103,60033,0.063
103,60034,0.06
103,60035,0.11699999999999999
103,60036,0.096
103,60037,0.261
103,60038,0.243
103,60039,0.099
103,60040,0.099
103,60041,0.078
103,60042,0.24899999999999997
103,60043,0.23399999999999999
103,60044,0.075
103,60045,0.084
103,60046,0.081
103,60047,0.075
103,60048,0.072
103,60101,0.078
103,60102,0.075
103,60103,0.072
103,60104,0.081
103,60105,0.078
103,60106,0.072
103,60107,0.081
103,60108,0.078
103,60109,0.105
103,60110,0.096
103,60111,0.10200000000000001
103,60112,0.072
103,60113,0.096
103,60114,0.321
103,60115,0.069
103,60116,0.021
103,60117,0.021
103,60118,0.06
103,60119,0.036
103,60120,0.021
103,60121,0.021
103,60122,0.024
103,60123,0.018
103,60124,0.024
103,60125,0.021
103,60126,0.018
103,60127,0.021
103,60128,0.021
103,60129,0.018
103,60130,0.024
103,60131,0.021
103,60132,0.069
103,60133,0.084
103,60134,0.309
103,60135,0.318
103,60136,0.096
103,60137,0.078
103,60138,0.147
103,60139,0.063
103,60140,0.195
103,60141,0.12
103,60142,0.081
103,60143,0.066
103,60144,0.056999999999999995
103,60145,0.078
103,60146,0.072
103,60147,0.153
103,60148,0.24
103,60201,0.072
103,60202,0.075
103,60203,0.075
103,60204,0.072
103,60205,0.078
103,60206,0.081
103,60207,0.072
103,60208,0.078
103,60209,0.078
103,60210,0.069
103,60211,0.072
103,60212,0.078
103,60213,0.10200000000000001
103,60214,0.105
103,60215,0.264
103,60216,0.024
103,60217,0.018
103,60218,0.024
103,60219,0.021
103,60220,0.015
103,60221,0.024
103,60222,0.024
103,60223,0.018
103,60224,0.024
103,60225,0.024
103,60226,0.063
103,60227,0.036
103,60228,0.021
103,60229,0.024
103,60230,0.024
103,60231,0.021
103,60232,0.024
103,60233,0.078
103,60234,0.291
103,60235,0.093
103,60236,0.255
103,60237,0.081
103,60238,0.099
103,60239,0.156
103,60240,0.345
103,60241,0.186
103,60242,0.066
103,60243,0.06
103,60244,0.075
103,60245,0.084
103,60246,0.087
103,60247,0.279
103,60248,0.078
103,60301,0.075
103,60302,0.078
103,60303,0.081
103,60304,0.078
103,60305,0.075
103,60306,0.078
103,60307,0.075
103,60308,0.075
103,60309,0.093
103,60310,0.10200000000000001
103,60311,0.093
103,60312,0.10200000000000001
103,60313,0.078
103,60314,0.069
103,60315,0.075
103,60316,0.138
103,60317,0.183
103,60318,0.126
103,60319,0.024
103,60320,0.015
103,60321,0.024
103,60322,0.063
103,60323,0.075
103,60324,0.048
103,60325,0.087
103,60326,0.054
103,60327,0.069
103,60328,0.018
103,60329,0.03
103,60330,0.033
103,60331,0.024
103,60332,0.021
103,60333,0.018
103,60334,0.024
103,60335,0.024
103,60336,0.024
103,60337,0.027
103,60338,0.021
103,60339,0.027
103,60340,0.024
103,60341,0.018
103,60342,0.027
103,60343,0.024
103,60344,0.018
103,60345,0.024
103,60346,0.021
103,60347,0.018
103,60348,0.024
103,60401,0.021
103,60402,0.021
103,60403,0.024
103,60404,0.021
103,60405,0.021
103,60406,0.024
103,60407,0.024
103,60408,0.018
103,60409,0.024
103,60410,0.024
103,60411,0.015
103,60412,0.036
103,60413,0.033
103,60414,0.027
103,60415,0.03
103,60416,0.033
103,60417,0.027
103,60418,0.03
103,60419,0.033
103,60420,0.027
103,60421,0.027
103,60422,0.033
103,60423,0.021
103,60424,0.015
103,60425,0.024
103,60426,0.021
103,60427,0.015
103,60428,0.024
103,60429,0.021
103,60430,0.015
103,60431,0.021
103,60432,0.024
103,60433,0.018
103,60434,0.027
103,60435,0.027
103,60436,0.018
103,60437,0.021
103,60438,0.024
103,60439,0.056999999999999995
103,60440,0.039
103,60441,0.033
103,60442,0.021
103,60443,0.027
103,60444,0.021
103,60445,0.021
103,60446,0.021
103,60447,0.018
103,60448,0.021
103,60501,0.024
103,60502,0.018
103,60503,0.021
103,60504,0.024
103,60505,0.021
103,60506,0.018
103,60507,0.024
103,60508,0.024
103,60509,0.015
103,60510,0.021
103,60511,0.024
103,60512,0.03
103,60513,0.03
103,60514,0.03
103,60515,0.027
103,60516,0.027
103,60517,0.033
103,60518,0.03
103,60519,0.027
103,60520,0.033
103,60521,0.033
103,60522,0.027
103,60523,0.024
103,60524,0.021
103,60525,0.018
103,60526,0.021
103,60527,0.024
103,60528,0.018
103,60529,0.021
103,60530,0.042
103,60531,0.105
103,60532,0.10200000000000001
103,60533,0.072
103,60534,0.066
103,60535,0.096
103,60536,0.324
103,60537,0.327
103,60538,0.138
103,60539,0.162
103,60540,0.147
103,60541,0.135
103,60542,0.126
103,60543,0.288
103,60544,0.087
103,60545,0.087
103,60546,0.297
103,60547,0.111
103,60548,0.084
103,60601,0.087
103,60602,0.081
103,60603,0.087
103,60604,0.087
103,60605,0.084
103,60606,0.09
103,60607,0.09
103,60608,0.087
103,60609,0.084
103,60610,0.144
103,60611,0.10200000000000001
103,60612,0.099
103,60613,0.174
103,60614,0.12299999999999998
103,60615,0.36
103,60616,0.18
103,60617,0.084
103,60618,0.072
103,60619,0.078
103,60620,0.075
103,60621,0.081
103,60622,0.033
103,60623,0.048
103,60624,0.03
103,60625,0.042
103,60626,0.021
103,60627,0.024
103,60628,0.024
103,60629,0.018
103,60630,0.024
103,60631,0.024
103,60632,0.033
103,60633,0.063
103,60634,0.063
103,60635,0.156
103,60636,0.141
103,60637,0.11699999999999999
103,60638,0.093
103,60639,0.069
103,60640,0.075
103,60641,0.06
103,60642,0.078
103,60643,0.099
103,60644,0.09
103,60645,0.054
103,60646,0.03
103,60647,0.024
103,60648,0.027
103,60701,0.027
103,60702,0.027
103,60703,0.03
103,60704,0.024
103,60705,0.027
103,60706,0.03
103,60707,0.072
103,60708,0.207
103,60709,0.03
103,60710,0.051000000000000004
103,60711,0.069
103,60712,0.054
103,60713,0.084
103,60714,0.126
103,60715,0.273
103,60716,0.021
103,60717,0.03
103,60718,0.033
103,60719,0.03
103,60720,0.024
103,60721,0.018
103,60722,0.021
103,60723,0.024
103,60724,0.018
103,60725,0.105
103,60726,0.066
103,60727,0.036
103,60728,0.09
103,60729,0.024
103,60730,0.024
103,60731,0.06
103,60732,0.063
103,60733,0.027
103,60734,0.054
103,60735,0.066
103,60736,0.192
103,60737,0.066
103,60738,0.063
103,60739,0.054
103,60740,0.096
103,60741,0.336
103,60742,0.186
103,60743,0.075
103,60744,0.099
103,60745,0.075
103,60746,0.3
103,60747,0.078
103,60748,0.075
103,60801,0.081
103,60802,0.078
103,60803,0.078
103,60804,0.081
103,60805,0.078
103,60806,0.078
103,60807,0.081
103,60808,0.081
103,60809,0.084
103,60810,0.108
103,60811,0.096
103,60812,0.099
103,60813,0.111
103,60814,0.126
103,60815,0.17099999999999999
103,60816,0.033
103,60817,0.051000000000000004
103,60818,0.018
103,60819,0.024
103,60820,0.045
103,60821,0.045
103,60822,0.042
103,60823,0.033
103,60824,0.03
103,60825,0.048
103,60826,0.021
103,60827,0.024
103,60828,0.018
103,60829,0.024
103,60830,0.024
103,60831,0.018
103,60832,0.039
103,60833,0.099
103,60834,0.237
103,60835,0.072
103,60836,0.075
103,60837,0.087
103,60838,0.09
103,60839,0.056999999999999995
103,60840,0.09
103,60841,0.10200000000000001
103,60842,0.129
103,60843,0.153
103,60844,0.141
103,60845,0.21
103,60846,0.168
103,60847,0.078
103,60848,0.072
103,60901,0.078
103,60902,0.078
103,60903,0.072
103,60904,0.081
103,60905,0.081
103,60906,0.075
103,60907,0.081
103,60908,0.078
103,60909,0.072
103,60910,0.081
103,60911,0.081
103,60912,0.069
103,60913,0.108
103,60914,0.129
103,60915,0.396
103,60916,0.087
103,60917,0.105
103,60918,0.108
103,60919,0.09
103,60920,0.056999999999999995
103,60921,0.024
103,60922,0.021
103,60923,0.018
103,60924,0.024
103,60925,0.021
103,60926,0.021
103,60927,0.024
103,60928,0.048
103,60929,0.024
103,60930,0.024
103,60931,0.018
103,60932,0.027
103,60933,0.066
103,60934,0.069
103,60935,0.084
103,60936,0.366
103,60937,0.12
103,60938,0.105
103,60939,0.36
103,60940,0.36
103,60941,0.168
103,60942,0.165
103,60943,0.111
103,60944,0.10200000000000001
103,60945,0.09
103,60946,0.222
103,60947,0.17099999999999999
103,60948,0.087
103,61001,0.084
103,61002,0.081
103,61003,0.087
103,61004,0.084
103,61005,0.072
103,61006,0.09
103,61007,0.087
103,61008,0.069
103,61009,0.087
103,61010,0.11699999999999999
103,61011,0.084
103,61012,0.12
103,61013,0.132
103,61014,0.39
103,61015,0.186
103,61016,0.10200000000000001
103,61017,0.084
103,61018,0.033
103,61019,0.024
103,61020,0.018
103,61021,0.021
103,61022,0.024
103,61023,0.018
103,61024,0.024
103,61025,0.021
103,61026,0.018
103,61027,0.024
103,61028,0.021
103,61029,0.021
103,61030,0.024
103,61031,0.291
103,61032,0.321
103,61033,0.144
103,61034,0.072
103,61035,0.078
103,61036,0.11399999999999999
103,61037,0.11699999999999999
103,61038,0.168
103,61039,0.144
103,61040,0.135
103,61041,0.096
103,61042,0.10200000000000001
103,61043,0.099
103,61044,0.093
103,61045,0.075
103,61046,0.165
103,61047,0.24599999999999997
103,61048,0.141
103,61101,0.09
103,61102,0.099
103,61103,0.11399999999999999
103,61104,0.10200000000000001
103,61105,0.087
103,61106,0.09
103,61107,0.081
103,61108,0.072
103,61109,0.078
103,61110,0.06
103,61111,0.072
103,61112,0.075
103,61113,0.108
103,61114,0.081
103,61115,0.081
103,61116,0.075
103,61117,0.045
103,61118,0.045
103,61119,0.108
103,61120,0.093
103,61121,0.084
103,61122,0.087
103,61123,0.075
103,61124,0.066
103,61125,0.036
103,61126,0.099
103,61127,0.069
103,61128,0.075
103,61129,0.315
103,61130,0.306
103,61131,0.264
103,61132,0.10200000000000001
103,61133,0.066
103,61134,0.072
103,61135,0.078
103,61136,0.138
103,61137,0.105
103,61138,0.192
103,61139,0.132
103,61140,0.195
103,61141,0.174
103,61142,0.147
103,61143,0.11399999999999999
103,61144,0.081
103,61145,0.078
103,61146,0.20400000000000001
103,61147,0.174
103,61148,0.081
103,61201,0.078
103,61202,0.075
103,61203,0.081
103,61204,0.078
103,61205,0.078
103,61206,0.081
103,61207,0.078
103,61208,0.078
103,61209,0.084
103,61210,0.081
103,61211,0.243
103,61212,0.10200000000000001
103,61213,0.111
103,61214,0.096
103,61215,0.081
103,61216,0.081
103,61217,0.081
103,61218,0.084
103,61219,0.096
103,61220,0.11399999999999999
103,61221,0.126
103,61222,0.078
103,61223,0.27
103,61224,0.12299999999999998
103,61225,0.108
103,61226,0.087
103,61227,0.10200000000000001
103,61228,0.12
103,61229,0.189
103,61230,0.33
103,61231,0.261
103,61232,0.069
103,61233,0.087
103,61234,0.087
103,61235,0.087
103,61236,0.096
103,61237,0.24899999999999997
103,61238,0.153
103,61239,0.198
103,61240,0.144
103,61241,0.144
103,61242,0.15
103,61243,0.11399999999999999
103,61244,0.093
103,61245,0.261
103,61246,0.12299999999999998
103,61247,0.087
103,61248,0.078
103,61301,0.087
103,61302,0.084
103,61303,0.078
103,61304,0.084
103,61305,0.084
103,61306,0.081
103,61307,0.087
103,61308,0.087
103,61309,0.084
103,61310,0.099
103,61311,0.096
103,61312,0.084
103,61313,0.147
103,61314,0.216
103,61315,0.357
103,61316,0.084
103,61317,0.024
103,61318,0.024
103,61319,0.024
103,61320,0.018
103,61321,0.024
103,61322,0.021
103,61323,0.021
103,61324,0.024
103,61325,0.042
103,61326,0.027
103,61327,0.024
103,61328,0.021
103,61329,0.024
103,61330,0.021
103,61331,0.021
103,61332,0.024
103,61333,0.018
103,61334,0.042
103,61335,0.21
103,61336,0.17099999999999999
103,61337,0.12299999999999998
103,61338,0.11399999999999999
103,61339,0.081
103,61340,0.078
103,61341,0.075
103,61342,0.099
103,61343,0.108
103,61344,0.105
103,61345,0.20400000000000001
103,61346,0.198
103,61347,0.081
103,61348,0.084
103,61401,0.081
103,61402,0.081
103,61403,0.084
103,61404,0.081
103,61405,0.084
103,61406,0.087
103,61407,0.081
103,61408,0.087
103,61409,0.087
103,61410,0.081
103,61411,0.126
103,61412,0.12
103,61413,0.3
103,61414,0.252
103,61415,0.069
103,61416,0.072
103,61417,0.051000000000000004
103,61418,0.033
103,61419,0.03
103,61420,0.024
103,61421,0.018
103,61422,0.021
103,61423,0.021
103,61424,0.018
103,61425,0.024
103,61426,0.021
103,61427,0.045
103,61428,0.024
103,61429,0.018
103,61430,0.024
103,61431,0.063
103,61432,0.093
103,61433,0.096
103,61434,0.078
103,61435,0.084
103,61436,0.11399999999999999
103,61437,0.063
103,61438,0.084
103,61439,0.066
103,61440,0.099
103,61441,0.11399999999999999
103,61442,0.12299999999999998
103,61443,0.108
103,61444,0.072
103,61445,0.087
103,61446,0.18
103,61447,0.198
103,61448,0.087
103,61501,0.072
103,61502,0.075
103,61503,0.069
103,61504,0.084
103,61505,0.069
103,61506,0.072
103,61507,0.081
103,61508,0.069
103,61509,0.09
103,61510,0.081
103,61511,0.108
103,61512,0.09
103,61513,0.12
103,61514,0.237
103,61515,0.105
103,61516,0.069
103,61517,0.069
103,61518,0.081
103,61519,0.06
103,61520,0.027
103,61521,0.021
103,61522,0.021
103,61523,0.024
103,61524,0.018
103,61525,0.033
103,61526,0.051000000000000004
103,61527,0.03
103,61528,0.036
103,61529,0.021
103,61530,0.021
103,61531,0.063
103,61532,0.105
103,61533,0.078
103,61534,0.174
103,61535,0.099
103,61536,0.10200000000000001
103,61537,0.084
103,61538,0.09
103,61539,0.321
103,61540,0.105
103,61541,0.12299999999999998
103,61542,0.10200000000000001
103,61543,0.105
103,61544,0.093
103,61545,0.075
103,61546,0.261
103,61547,0.126
103,61548,0.078
103,61601,0.087
103,61602,0.081
103,61603,0.078
103,61604,0.084
103,61605,0.084
103,61606,0.081
103,61607,0.084
103,61608,0.084
103,61609,0.081
103,61610,0.084
103,61611,0.084
103,61612,0.081
103,61613,0.105
103,61614,0.12
103,61615,0.276
103,61616,0.23399999999999999
103,61617,0.072
103,61618,0.066
103,61619,0.063
103,61620,0.045
103,61621,0.036
103,61622,0.024
103,61623,0.018
103,61624,0.024
103,61625,0.141
103,61626,0.069
103,61627,0.036
103,61628,0.027
103,61629,0.021
103,61630,0.039
103,61631,0.036
103,61632,0.036
103,61633,0.021
103,61634,0.021
103,61635,0.03
103,61636,0.189
103,61637,0.282
103,61638,0.126
103,61639,0.132
103,61640,0.18
103,61641,0.11399999999999999
103,61642,0.084
103,61643,0.072
103,61644,0.10200000000000001
103,61645,0.09
103,61646,0.291
103,61647,0.078
103,61648,0.084
103,61701,0.075
103,61702,0.069
103,61703,0.084
103,61704,0.063
103,61705,0.084
103,61706,0.069
103,61707,0.063
103,61708,0.084
103,61709,0.072
103,61710,0.11699999999999999
103,61711,0.099
103,61712,0.096
103,61713,0.081
103,61714,0.174
103,61715,0.417
103,61716,0.141
103,61717,0.075
103,61718,0.126
103,61719,0.099
103,61720,0.087
103,61721,0.069
103,61722,0.03
103,61723,0.021
103,61724,0.036
103,61725,0.06
103,61726,0.021
103,61727,0.048
103,61728,0.066
103,61729,0.015
103,61730,0.024
103,61731,0.045
103,61732,0.11399999999999999
103,61733,0.309
103,61734,0.306
103,61735,0.12299999999999998
103,61736,0.099
103,61737,0.129
103,61738,0.10200000000000001
103,61739,0.12
103,61740,0.099
103,61741,0.21
103,61742,0.105
103,61743,0.10200000000000001
103,61744,0.12299999999999998
103,61745,0.09
103,61746,0.312
103,61747,0.09
103,61748,0.084
103,61801,0.084
103,61802,0.078
103,61803,0.084
103,61804,0.087
103,61805,0.081
103,61806,0.087
103,61807,0.087
103,61808,0.081
103,61809,0.09
103,61810,0.11399999999999999
103,61811,0.10200000000000001
103,61812,0.24899999999999997
103,61813,0.20400000000000001
103,61814,0.069
103,61815,0.069
103,61816,0.096
103,61817,0.108
103,61818,0.10200000000000001
103,61819,0.183
103,61820,0.282
103,61821,0.24
103,61822,0.099
103,61823,0.105
103,61824,0.105
103,61825,0.093
103,61826,0.084
103,61827,0.078
103,61828,0.093
103,61829,0.045
103,61830,0.024
103,61831,0.033
103,61832,0.036
103,61833,0.024
103,61834,0.03
103,61835,0.033
103,61836,0.027
103,61837,0.159
103,61838,0.156
103,61839,0.069
103,61840,0.084
103,61841,0.093
103,61842,0.09
103,61843,0.084
103,61844,0.084
103,61845,0.22799999999999998
103,61846,0.18
103,61847,0.081
103,61848,0.084
103,61901,0.087
103,61902,0.081
103,61903,0.084
103,61904,0.09
103,61905,0.105
103,61906,0.099
103,61907,0.087
103,61908,0.075
103,61909,0.099
103,61910,0.096
103,61911,0.096
103,61912,0.15
103,61913,0.10200000000000001
103,61914,0.069
103,61915,0.072
103,61916,0.069
103,61917,0.075
103,61918,0.078
103,61919,0.135
103,61920,0.135
103,61921,0.078
103,61922,0.069
103,61923,0.045
103,61924,0.024
103,61925,0.021
103,61926,0.039
103,61927,0.021
103,61928,0.021
103,61929,0.015
103,61930,0.021
103,61931,0.024
103,61932,0.018
103,61933,0.024
103,61934,0.06
103,61935,0.051000000000000004
103,61936,0.066
103,61937,0.078
103,61938,0.129
103,61939,0.11399999999999999
103,61940,0.12299999999999998
103,61941,0.09
103,61942,0.087
103,61943,0.072
103,61944,0.09
103,61945,0.258
103,61946,0.108
103,61947,0.075
103,61948,0.072
103,62001,0.072
103,62002,0.075
103,62003,0.075
103,62004,0.072
103,62005,0.078
103,62006,0.075
103,62007,0.072
103,62008,0.075
103,62009,0.081
103,62010,0.11699999999999999
103,62011,0.10200000000000001
103,62012,0.096
103,62013,0.111
103,62014,0.11699999999999999
103,62015,0.093
103,62016,0.075
103,62017,0.075
103,62018,0.072
103,62019,0.069
103,62020,0.033
103,62021,0.021
103,62022,0.015
103,62023,0.021
103,62024,0.042
103,62025,0.036
103,62026,0.036
103,62027,0.024
103,62028,0.015
103,62029,0.021
103,62030,0.021
103,62031,0.015
103,62032,0.021
103,62033,0.021
103,62034,0.015
103,62035,0.021
103,62036,0.132
103,62037,0.11699999999999999
103,62038,0.096
103,62039,0.087
103,62040,0.06
103,62041,0.063
103,62042,0.078
103,62043,0.09
103,62044,0.12
103,62045,0.09
103,62046,0.192
103,62047,0.192
103,62048,0.075
103,62101,0.078
103,62102,0.069
103,62103,0.075
103,62104,0.075
103,62105,0.069
103,62106,0.078
103,62107,0.078
103,62108,0.069
103,62109,0.075
103,62110,0.135
103,62111,0.09
103,62112,0.096
103,62113,0.138
103,62114,0.12299999999999998
103,62115,0.105
103,62116,0.072
103,62117,0.072
103,62118,0.066
103,62119,0.075
103,62120,0.03
103,62121,0.021
103,62122,0.021
103,62123,0.018
103,62124,0.033
103,62125,0.036
103,62126,0.021
103,62127,0.027
103,62128,0.024
103,62129,0.018
103,62130,0.036
103,62131,0.063
103,62132,0.06
103,62133,0.195
103,62134,0.075
103,62135,0.066
103,62136,0.11399999999999999
103,62137,0.075
103,62138,0.078
103,62139,0.054
103,62140,0.096
103,62141,0.174
103,62142,0.198
103,62143,0.174
103,62144,0.24899999999999997
103,62145,0.198
103,62146,0.186
103,62147,0.066
103,62148,0.075
103,62201,0.075
103,62202,0.069
103,62203,0.075
103,62204,0.075
103,62205,0.072
103,62206,0.075
103,62207,0.072
103,62208,0.069
103,62209,0.075
103,62210,0.072
103,62211,0.069
103,62212,0.078
103,62213,0.11399999999999999
103,62214,0.20400000000000001
103,62215,0.222
103,62216,0.075
103,62217,0.066
103,62218,0.066
103,62219,0.045
103,62220,0.015
103,62221,0.021
103,62222,0.021
103,62223,0.018
103,62224,0.024
103,62225,0.021
103,62226,0.021
103,62227,0.021
103,62228,0.018
103,62229,0.021
103,62230,0.027
103,62231,0.056999999999999995
103,62232,0.039
103,62233,0.024
103,62234,0.051000000000000004
103,62235,0.279
103,62236,0.279
103,62237,0.105
103,62238,0.105
103,62239,0.10200000000000001
103,62240,0.10200000000000001
103,62241,0.10200000000000001
103,62242,0.093
103,62243,0.135
103,62244,0.108
103,62245,0.078
103,62246,0.198
103,62247,0.156
103,62248,0.075
103,62301,0.075
103,62302,0.051000000000000004
103,62303,0.075
103,62304,0.056999999999999995
103,62305,0.075
103,62306,0.06
103,62307,0.072
103,62308,0.063
103,62309,0.069
103,62310,0.075
103,62311,0.072
103,62312,0.093
103,62313,0.108
103,62314,0.198
103,62315,0.105
103,62316,0.06
103,62317,0.054
103,62318,0.021
103,62319,0.027
103,62320,0.027
103,62321,0.072
103,62322,0.036
103,62323,0.03
103,62324,0.018
103,62325,0.021
103,62326,0.018
103,62327,0.021
103,62328,0.021
103,62329,0.018
103,62330,0.024
103,62331,0.021
103,62332,0.024
103,62333,0.063
103,62334,0.066
103,62335,0.084
103,62336,0.264
103,62337,0.087
103,62338,0.111
103,62339,0.099
103,62340,0.12
103,62341,0.11699999999999999
103,62342,0.11399999999999999
103,62343,0.159
103,62344,0.153
103,62345,0.282
103,62346,0.11399999999999999
103,62347,0.081
103,62348,0.084
103,62401,0.081
103,62402,0.066
103,62403,0.084
103,62404,0.078
103,62405,0.069
103,62406,0.096
103,62407,0.069
103,62408,0.084
103,62409,0.084
103,62410,0.12299999999999998
103,62411,0.165
103,62412,0.10200000000000001
103,62413,0.129
103,62414,0.159
103,62415,0.243
103,62416,0.066
103,62417,0.06
103,62418,0.039
103,62419,0.063
103,62420,0.018
103,62421,0.021
103,62422,0.021
103,62423,0.018
103,62424,0.024
103,62425,0.021
103,62426,0.042
103,62427,0.027
103,62428,0.018
103,62429,0.021
103,62430,0.021
103,62431,0.018
103,62432,0.024
103,62433,0.024
103,62434,0.03
103,62435,0.066
103,62436,0.081
103,62437,0.288
103,62438,0.165
103,62439,0.10200000000000001
103,62440,0.10200000000000001
103,62441,0.105
103,62442,0.072
103,62443,0.09
103,62444,0.084
103,62445,0.153
103,62446,0.3
103,62447,0.096
103,62448,0.087
103,62501,0.081
103,62502,0.063
103,62503,0.078
103,62504,0.066
103,62505,0.072
103,62506,0.069
103,62507,0.066
103,62508,0.078
103,62509,0.072
103,62510,0.111
103,62511,0.075
103,62512,0.093
103,62513,0.069
103,62514,0.075
103,62515,0.126
103,62516,0.111
103,62517,0.144
103,62518,0.048
103,62519,0.042
103,62520,0.045
103,62521,0.075
103,62522,0.10200000000000001
103,62523,0.093
103,62524,0.075
103,62525,0.087
103,62526,0.105
103,62527,0.12299999999999998
103,62528,0.10200000000000001
103,62529,0.09
103,62530,0.081
103,62531,0.072
103,62532,0.099
103,62533,0.072
103,62534,0.018
103,62535,0.024
103,62536,0.03
103,62537,0.078
103,62538,0.099
103,62539,0.126
103,62540,0.11399999999999999
103,62541,0.111
103,62542,0.126
103,62543,0.096
103,62544,0.087
103,62545,0.09
103,62546,0.294
103,62547,0.081
103,62548,0.066
103,62601,0.072
103,62602,0.069
103,62603,0.06
103,62604,0.072
103,62605,0.069
103,62606,0.063
103,62607,0.072
103,62608,0.069
103,62609,0.093
103,62610,0.084
103,62611,0.096
103,62612,0.129
103,62613,0.093
103,62614,0.054
103,62615,0.072
103,62616,0.042
103,62617,0.024
103,62618,0.021
103,62619,0.024
103,62620,0.056999999999999995
103,62621,0.042
103,62622,0.036
103,62623,0.06
103,62624,0.06
103,62625,0.069
103,62626,0.072
103,62627,0.039
103,62628,0.048
103,62629,0.06
103,62630,0.045
103,62631,0.021
103,62632,0.066
103,62633,0.066
103,62634,0.084
103,62635,0.108
103,62636,0.087
103,62637,0.108
103,62638,0.10200000000000001
103,62639,0.099
103,62640,0.093
103,62641,0.111
103,62642,0.072
103,62643,0.03
103,62644,0.033
103,62645,0.108
103,62646,0.135
103,62647,0.03
103,62648,0.024
103,62701,0.03
103,62702,0.027
103,62703,0.021
103,62704,0.03
103,62705,0.024
103,62706,0.024
103,62707,0.03
103,62708,0.063
103,62709,0.042
103,62710,0.036
103,62711,0.024
103,62712,0.096
103,62713,0.126
103,62714,0.156
103,62715,0.06
103,62716,0.069
103,62717,0.075
103,62718,0.069
103,62719,0.066
103,62720,0.063
103,62721,0.018
103,62722,0.024
103,62723,0.021
103,62724,0.084
103,62725,0.072
103,62726,0.056999999999999995
103,62727,0.024
103,62728,0.021
103,62729,0.021
103,62730,0.024
103,62731,0.021
103,62732,0.024
103,62733,0.033
103,62734,0.036
103,62735,0.075
103,62736,0.162
103,62737,0.138
103,62738,0.087
103,62739,0.099
103,62740,0.084
103,62741,0.066
103,62742,0.081
103,62743,0.132
103,62744,0.15
103,62745,0.513
103,62746,0.132
103,62747,0.075
103,62748,0.063
103,62801,0.072
103,62802,0.075
103,62803,0.06
103,62804,0.078
103,62805,0.072
103,62806,0.06
103,62807,0.078
103,62808,0.075
103,62809,0.06
103,62810,0.096
103,62811,0.11399999999999999
103,62812,0.096
103,62813,0.135
103,62814,0.132
103,62815,0.12
103,62816,0.081
103,62817,0.033
103,62818,0.051000000000000004
103,62819,0.024
103,62820,0.018
103,62821,0.054
103,62822,0.039
103,62823,0.11699999999999999
103,62824,0.048
103,62825,0.036
103,62826,0.021
103,62827,0.024
103,62828,0.021
103,62829,0.024
103,62830,0.033
103,62831,0.06
103,62832,0.066
103,62833,0.042
103,62834,0.027
103,62835,0.054
103,62836,0.075
103,62837,0.084
103,62838,0.063
103,62839,0.054
103,62840,0.10200000000000001
103,62841,0.11399999999999999
103,62842,0.084
103,62843,0.12
103,62844,0.11699999999999999
103,62845,0.177
103,62846,0.189
103,62847,0.075
103,62848,0.078
103,62901,0.075
103,62902,0.072
103,62903,0.078
103,62904,0.072
103,62905,0.06
103,62906,0.081
103,62907,0.054
103,62908,0.081
103,62909,0.06
103,62910,0.072
103,62911,0.072
103,62912,0.069
103,62913,0.111
103,62914,0.096
103,62915,0.12299999999999998
103,62916,0.072
103,62917,0.12299999999999998
103,62918,0.051000000000000004
103,62919,0.018
103,62920,0.024
103,62921,0.063
103,62922,0.036
103,62923,0.036
103,62924,0.018
103,62925,0.036
103,62926,0.03
103,62927,0.021
103,62928,0.021
103,62929,0.018
103,62930,0.033
103,62931,0.018
103,62932,0.021
103,62933,0.021
103,62934,0.03
103,62935,0.066
103,62936,0.063
103,62937,0.056999999999999995
103,62938,0.063
103,62939,0.051000000000000004
103,62940,0.051000000000000004
103,62941,0.054
103,62942,0.045
103,62943,0.051000000000000004
103,62944,0.051000000000000004
103,62945,0.042
103,62946,0.051000000000000004
103,62947,0.051000000000000004
103,62948,0.045
103,63001,0.09
103,63002,0.12
103,63003,0.10200000000000001
103,63004,0.105
103,63005,0.105
103,63006,0.105
103,63007,0.165
103,63008,0.081
103,63009,0.072
103,63010,0.084
103,63011,0.093
103,63012,0.087
103,63013,0.129
103,63014,0.129
103,63015,0.099
103,63016,0.078
103,63017,0.078
103,63018,0.081
103,63019,0.066
103,63020,0.084
103,63021,0.105
103,63022,0.033
103,63023,0.069
103,63024,0.042
103,63025,0.06
103,63026,0.069
103,63027,0.056999999999999995
103,63028,0.066
103,63029,0.051000000000000004
103,63030,0.021
103,63031,0.018
103,63032,0.024
103,63033,0.018
103,63034,0.021
103,63035,0.024
103,63036,0.12299999999999998
103,63037,0.069
103,63038,0.056999999999999995
103,63039,0.087
103,63040,0.078
103,63041,0.11699999999999999
103,63042,0.147
103,63043,0.144
103,63044,0.288
103,63045,0.21
103,63046,0.078
103,63047,0.075
103,63048,0.099
103,63101,0.069
103,63102,0.056999999999999995
103,63103,0.069
103,63104,0.056999999999999995
103,63105,0.056999999999999995
103,63106,0.072
103,63107,0.051000000000000004
103,63108,0.06
103,63109,0.069
103,63110,0.075
103,63111,0.06
103,63112,0.072
103,63113,0.063
103,63114,0.093
103,63115,0.11399999999999999
103,63116,0.183
103,63117,0.036
103,63118,0.056999999999999995
103,63119,0.036
103,63120,0.036
103,63121,0.018
103,63122,0.024
103,63123,0.054
103,63124,0.066
103,63125,0.056999999999999995
103,63126,0.027
103,63127,0.036
103,63128,0.036
103,63129,0.033
103,63130,0.033
103,63131,0.021
103,63132,0.027
103,63133,0.093
103,63134,0.069
103,63135,0.108
103,63136,0.069
103,63137,0.045
103,63138,0.045
103,63139,0.045
103,63140,0.11699999999999999
103,63141,0.11399999999999999
103,63142,0.12
103,63143,0.099
103,63144,0.18
103,63145,0.144
103,63146,0.168
103,63147,0.22499999999999998
103,63148,0.078
103,63201,0.084
103,63202,0.084
103,63203,0.063
103,63204,0.056999999999999995
103,63205,0.066
103,63206,0.078
103,63207,0.06
103,63208,0.06
103,63209,0.063
103,63210,0.096
103,63211,0.084
103,63212,0.072
103,63213,0.105
103,63214,0.096
103,63215,0.081
103,63216,0.084
103,63217,0.12
103,63218,0.12299999999999998
103,63219,0.11399999999999999
103,63220,0.075
103,63221,0.069
103,63222,0.078
103,63223,0.075
103,63224,0.06
103,63225,0.069
103,63226,0.078
103,63227,0.084
103,63228,0.189
103,63229,0.201
103,63230,0.078
103,63231,0.078
103,63232,0.084
103,63233,0.081
103,63234,0.144
103,63235,0.129
103,63236,0.21
103,63237,0.17099999999999999
103,63238,0.138
103,63239,0.132
103,63240,0.10200000000000001
103,63241,0.096
103,63242,0.096
103,63243,0.075
103,63244,0.084
103,63245,0.22799999999999998
103,63246,0.24899999999999997
103,63247,0.126
103,63248,0.087
103,63301,0.087
103,63302,0.09
103,63303,0.066
103,63304,0.087
103,63305,0.072
103,63306,0.081
103,63307,0.087
103,63308,0.069
103,63309,0.081
103,63310,0.11699999999999999
103,63311,0.084
103,63312,0.12
103,63313,0.12299999999999998
103,63314,0.09
103,63315,0.087
103,63316,0.11399999999999999
103,63317,0.081
103,63318,0.072
103,63319,0.099
103,63320,0.168
103,63321,0.138
103,63322,0.093
103,63323,0.174
103,63324,0.054
103,63325,0.069
103,63326,0.072
103,63327,0.054
103,63328,0.09
103,63329,0.078
103,63330,0.066
103,63331,0.078
103,63332,0.087
103,63333,0.10200000000000001
103,63334,0.153
103,63335,0.321
103,63336,0.312
103,63337,0.21
103,63338,0.11699999999999999
103,63339,0.303
103,63340,0.165
103,63341,0.11399999999999999
103,63342,0.252
103,63343,0.108
103,63344,0.141
103,63345,0.156
103,63346,0.297
103,63347,0.084
103,63348,0.087
103,63401,0.084
103,63402,0.081
103,63403,0.087
103,63404,0.084
103,63405,0.084
103,63406,0.09
103,63407,0.084
103,63408,0.084
103,63409,0.10200000000000001
103,63410,0.105
103,63411,0.10200000000000001
103,63412,0.111
103,63413,0.153
103,63414,0.141
103,63415,0.108
103,63416,0.111
103,63417,0.093
103,63418,0.036
103,63419,0.039
103,63420,0.021
103,63421,0.018
103,63422,0.021
103,63423,0.033
103,63424,0.048
103,63425,0.12299999999999998
103,63426,0.063
103,63427,0.132
103,63428,0.111
103,63429,0.084
103,63430,0.054
103,63431,0.063
103,63432,0.042
103,63433,0.024
103,63434,0.021
103,63435,0.09
103,63436,0.40800000000000003
103,63437,0.126
103,63438,0.153
103,63439,0.168
103,63440,0.162
103,63441,0.15
103,63442,0.105
103,63443,0.111
103,63444,0.126
103,63445,0.261
103,63446,0.237
103,63447,0.108
103,63448,0.108
103,63501,0.078
103,63502,0.075
103,63503,0.075
103,63504,0.075
103,63505,0.075
103,63506,0.081
103,63507,0.075
103,63508,0.078
103,63509,0.081
103,63510,0.072
103,63511,0.12
103,63512,0.093
103,63513,0.138
103,63514,0.168
103,63515,0.108
103,63516,0.075
103,63517,0.075
103,63518,0.078
103,63519,0.078
103,63520,0.087
103,63521,0.087
103,63522,0.06
103,63523,0.078
103,63524,0.078
103,63525,0.087
103,63526,0.075
103,63527,0.069
103,63528,0.138
103,63529,0.099
103,63530,0.09
103,63531,0.078
103,63532,0.075
103,63533,0.078
103,63534,0.063
103,63535,0.054
103,63536,0.087
103,63537,0.084
103,63538,0.132
103,63539,0.087
103,63540,0.174
103,63541,0.315
103,63542,0.24599999999999997
103,63543,0.24899999999999997
103,63544,0.20400000000000001
103,63545,0.243
103,63546,0.40800000000000003
103,63547,0.195
103,63548,0.12
103,63601,0.24
103,63602,0.213
103,63603,0.075
103,63604,0.075
103,63605,0.075
103,63606,0.078
103,63607,0.081
103,63608,0.072
103,63609,0.078
103,63610,0.081
103,63611,0.072
103,63612,0.078
103,63613,0.129
103,63614,0.129
103,63615,0.105
103,63616,0.087
103,63617,0.10200000000000001
103,63618,0.087
103,63619,0.072
103,63620,0.056999999999999995
103,63621,0.056999999999999995
103,63622,0.054
103,63623,0.066
103,63624,0.045
103,63625,0.11699999999999999
103,63626,0.078
103,63627,0.159
103,63628,0.201
103,63629,0.189
103,63630,0.042
103,63631,0.036
103,63632,0.099
103,63633,0.111
103,63634,0.207
103,63635,0.153
103,63636,0.141
103,63637,0.183
103,63638,0.273
103,63639,0.24
103,63640,0.174
103,63641,0.138
103,63642,0.23399999999999999
103,63643,0.285
103,63644,0.126
103,63645,0.129
103,63646,0.23399999999999999
103,63647,0.24
103,63648,0.147
103,63701,0.084
103,63702,0.063
103,63703,0.072
103,63704,0.069
103,63705,0.066
103,63706,0.078
103,63707,0.066
103,63708,0.063
103,63709,0.072
103,63710,0.093
103,63711,0.081
103,63712,0.10200000000000001
103,63713,0.111
103,63714,0.111
103,63715,0.096
103,63716,0.069
103,63717,0.072
103,63718,0.066
103,63719,0.027
103,63720,0.018
103,63721,0.03
103,63722,0.03
103,63723,0.033
103,63724,0.099
103,63725,0.108
103,63726,0.105
103,63727,0.132
103,63728,0.078
103,63729,0.048
103,63730,0.06
103,63731,0.12
103,63732,0.063
103,63733,0.06
103,63734,0.069
103,63735,0.078
103,63736,0.12
103,63737,0.222
103,63738,0.147
103,63739,0.22499999999999998
103,63740,0.105
103,63741,0.093
103,63742,0.099
103,63743,0.126
103,63744,0.11399999999999999
103,63745,0.6
103,63746,0.39
103,63747,0.44999999999999996
103,63748,0.267
103,63801,0.24599999999999997
103,63802,0.237
103,63803,0.201
103,63804,0.087
103,63805,0.078
103,63806,0.084
103,63807,0.087
103,63808,0.081
103,63809,0.096
103,63810,0.11399999999999999
103,63811,0.099
103,63812,0.105
103,63813,0.10200000000000001
103,63814,0.11699999999999999
103,63815,0.12299999999999998
103,63816,0.072
103,63817,0.078
103,63818,0.075
103,63819,0.075
103,63820,0.084
103,63821,0.036
103,63822,0.066
103,63823,0.048
103,63824,0.063
103,63825,0.081
103,63826,0.063
103,63827,0.054
103,63828,0.078
103,63829,0.066
103,63830,0.021
103,63831,0.027
103,63832,0.066
103,63833,0.06
103,63834,0.069
103,63835,0.063
103,63836,0.096
103,63837,0.11399999999999999
103,63838,0.159
103,63839,0.084
103,63840,0.207
103,63841,0.198
103,63842,0.168
103,63843,0.21
103,63844,0.22499999999999998
103,63845,0.12299999999999998
103,63846,0.312
103,63847,0.402
103,63848,0.132
103,63901,0.111
103,63902,0.084
103,63903,0.081
103,63904,0.081
103,63905,0.084
103,63906,0.084
103,63907,0.081
103,63908,0.081
103,63909,0.09
103,63910,0.11399999999999999
103,63911,0.129
103,63912,0.09
103,63913,0.10200000000000001
103,63914,0.129
103,63915,0.105
103,63916,0.126
103,63917,0.159
103,63918,0.09
103,63919,0.084
103,63920,0.027
103,63921,0.054
103,63922,0.027
103,63923,0.042
103,63924,0.144
103,63925,0.126
103,63926,0.105
103,63927,0.039
103,63928,0.036
103,63929,0.078
103,63930,0.10200000000000001
103,63931,0.056999999999999995
103,63932,0.12299999999999998
103,63933,0.093
103,63934,0.309
103,63935,0.084
103,63936,0.056999999999999995
103,63937,0.056999999999999995
103,63938,0.066
103,63939,0.056999999999999995
103,63940,0.12
103,63941,0.198
103,63942,0.159
103,63943,0.087
103,63944,0.06
103,63945,0.036
103,63946,0.036
103,63947,0.03
103,63948,0.03
103,64001,0.174
103,64002,0.195
103,64003,0.072
103,64004,0.078
103,64005,0.0
103,64006,0.0
103,64007,0.072
103,64008,0.075
103,64009,0.078
103,64010,0.072
103,64011,0.075
103,64012,0.11399999999999999
103,64013,0.21
103,64014,0.072
103,64015,0.075
103,64016,0.069
103,64017,0.066
103,64018,0.072
103,64019,0.084
103,64020,0.10200000000000001
103,64021,0.12299999999999998
103,64022,0.111
103,64023,0.075
103,64024,0.10200000000000001
103,64025,0.096
103,64026,0.159
103,64027,0.207
103,64028,0.348
103,64029,0.363
103,64030,0.354
103,64031,0.291
103,64032,0.165
103,64033,0.147
103,64034,0.066
103,64035,0.063
103,64036,0.078
103,64037,0.144
103,64038,0.195
103,64039,0.144
103,64040,0.135
103,64041,0.11399999999999999
103,64042,0.12
103,64043,0.351
103,64044,0.126
103,64045,0.12299999999999998
103,64046,0.276
103,64047,0.084
103,64048,0.081
103,64101,0.075
103,64102,0.084
103,64103,0.081
103,64104,0.078
103,64105,0.084
103,64106,0.078
103,64107,0.075
103,64108,0.081
103,64109,0.084
103,64110,0.075
103,64111,0.111
103,64112,0.11399999999999999
103,64113,0.078
103,64114,0.078
103,64115,0.081
103,64116,0.075
103,64117,0.075
103,64118,0.11699999999999999
103,64119,0.11699999999999999
103,64120,0.135
103,64121,0.23399999999999999
103,64122,0.24
103,64123,0.23399999999999999
103,64124,0.174
103,64125,0.153
103,64126,0.369
103,64127,0.144
103,64128,0.069
103,64129,0.09
103,64130,0.051000000000000004
103,64131,0.021
103,64132,0.018
103,64133,0.129
103,64134,0.294
103,64135,0.132
103,64136,0.078
103,64137,0.078
103,64138,0.111
103,64139,0.126
103,64140,0.129
103,64141,0.108
103,64142,0.10200000000000001
103,64143,0.105
103,64144,0.108
103,64145,0.207
103,64146,0.24
103,64147,0.084
103,64148,0.075
103,64201,0.081
103,64202,0.078
103,64203,0.075
103,64204,0.078
103,64205,0.078
103,64206,0.075
103,64207,0.078
103,64208,0.078
103,64209,0.135
103,64210,0.105
103,64211,0.105
103,64212,0.084
103,64213,0.10200000000000001
103,64214,0.12299999999999998
103,64215,0.12
103,64216,0.084
103,64217,0.303
103,64218,0.17099999999999999
103,64219,0.063
103,64220,0.03
103,64221,0.024
103,64222,0.021
103,64223,0.03
103,64224,0.024
103,64225,0.021
103,64226,0.069
103,64227,0.063
103,64228,0.12299999999999998
103,64229,0.072
103,64230,0.063
103,64231,0.069
103,64232,0.069
103,64233,0.06
103,64234,0.066
103,64235,0.072
103,64236,0.06
103,64237,0.03
103,64238,0.03
103,64239,0.036
103,64240,0.144
103,64241,0.10200000000000001
103,64242,0.11699999999999999
103,64243,0.138
103,64244,0.108
103,64245,0.099
103,64246,0.087
103,64247,0.081
103,64248,0.081
103,64301,0.084
103,64302,0.078
103,64303,0.081
103,64304,0.084
103,64305,0.078
103,64306,0.084
103,64307,0.078
103,64308,0.069
103,64309,0.084
103,64310,0.135
103,64311,0.078
103,64312,0.111
103,64313,0.135
103,64314,0.105
103,64315,0.255
103,64316,0.153
103,64317,0.045
103,64318,0.024
103,64319,0.039
103,64320,0.048
103,64321,0.036
103,64322,0.027
103,64323,0.045
103,64324,0.06
103,64325,0.024
103,64326,0.027
103,64327,0.042
103,64328,0.036
103,64329,0.036
103,64330,0.018
103,64331,0.021
103,64332,0.021
103,64333,0.033
103,64334,0.06
103,64335,0.06
103,64336,0.056999999999999995
103,64337,0.051000000000000004
103,64338,0.072
103,64339,0.081
103,64340,0.108
103,64341,0.078
103,64342,0.084
103,64343,0.09
103,64344,0.093
103,64345,0.093
103,64346,0.081
103,64347,0.078
103,64348,0.078
103,64401,0.078
103,64402,0.072
103,64403,0.078
103,64404,0.075
103,64405,0.072
103,64406,0.081
103,64407,0.075
103,64408,0.072
103,64409,0.081
103,64410,0.084
103,64411,0.10200000000000001
103,64412,0.093
103,64413,0.138
103,64414,0.126
103,64415,0.11399999999999999
103,64416,0.174
103,64417,0.33899999999999997
103,64418,0.105
103,64419,0.018
103,64420,0.03
103,64421,0.018
103,64422,0.021
103,64423,0.021
103,64424,0.018
103,64425,0.021
103,64426,0.027
103,64427,0.042
103,64428,0.306
103,64429,0.255
103,64430,0.09
103,64431,0.066
103,64432,0.075
103,64433,0.06
103,64434,0.066
103,64435,0.06
103,64436,0.06
103,64437,0.10200000000000001
103,64438,0.12299999999999998
103,64439,0.111
103,64440,0.10200000000000001
103,64441,0.105
103,64442,0.108
103,64443,0.099
103,64444,0.111
103,64445,0.168
103,64446,0.273
103,64447,0.081
103,64448,0.078
103,64501,0.072
103,64502,0.078
103,64503,0.075
103,64504,0.054
103,64505,0.081
103,64506,0.063
103,64507,0.072
103,64508,0.066
103,64509,0.069
103,64510,0.072
103,64511,0.099
103,64512,0.099
103,64513,0.108
103,64514,0.12299999999999998
103,64515,0.078
103,64516,0.078
103,64517,0.075
103,64518,0.135
103,64519,0.108
103,64520,0.072
103,64521,0.063
103,64522,0.051000000000000004
103,64523,0.021
103,64524,0.036
103,64525,0.042
103,64526,0.036
103,64527,0.054
103,64528,0.072
103,64529,0.111
103,64530,0.051000000000000004
103,64531,0.066
103,64532,0.072
103,64533,0.063
103,64534,0.051000000000000004
103,64535,0.042
103,64536,0.021
103,64537,0.03
103,64538,0.078
103,64539,0.084
103,64540,0.105
103,64541,0.126
103,64542,0.111
103,64543,0.12299999999999998
103,64544,0.096
103,64545,0.18
103,64546,0.195
103,64547,0.078
103,64548,0.063
103,64601,0.06
103,64602,0.072
103,64603,0.069
103,64604,0.056999999999999995
103,64605,0.063
103,64606,0.081
103,64607,0.054
103,64608,0.078
103,64609,0.063
103,64610,0.066
103,64611,0.06
103,64612,0.063
103,64613,0.111
103,64614,0.075
103,64615,0.081
103,64616,0.069
103,64617,0.141
103,64618,0.06
103,64619,0.063
103,64620,0.063
103,64621,0.072
103,64622,0.039
103,64623,0.06
103,64624,0.027
103,64625,0.039
103,64626,0.048
103,64627,0.069
103,64628,0.063
103,64629,0.081
103,64630,0.162
103,64631,0.075
103,64632,0.081
103,64633,0.06
103,64634,0.033
103,64635,0.093
103,64636,0.066
103,64637,0.069
103,64638,0.10200000000000001
103,64639,0.069
103,64640,0.051000000000000004
103,64641,0.09
103,64642,0.066
103,64643,0.06
103,64644,0.048
103,64645,0.054
103,64646,0.045
103,64647,0.054
103,64648,0.165
103,64701,0.216
103,64702,0.099
103,64703,0.084
103,64704,0.09
103,64705,0.087
103,64706,0.063
103,64707,0.087
103,64708,0.069
103,64709,0.081
103,64710,0.072
103,64711,0.141
103,64712,0.081
103,64713,0.099
103,64714,0.075
103,64715,0.069
103,64716,0.072
103,64717,0.069
103,64718,0.069
103,64719,0.072
103,64720,0.03
103,64721,0.024
103,64722,0.027
103,64723,0.051000000000000004
103,64724,0.027
103,64725,0.072
103,64726,0.056999999999999995
103,64727,0.048
103,64728,0.039
103,64729,0.048
103,64730,0.051000000000000004
103,64731,0.039
103,64732,0.039
103,64733,0.066
103,64734,0.11699999999999999
103,64735,0.09
103,64736,0.111
103,64737,0.135
103,64738,0.072
103,64739,0.12
103,64740,0.10200000000000001
103,64741,0.111
103,64742,0.10200000000000001
103,64743,0.105
103,64744,0.093
103,64745,0.084
103,64746,0.198
103,64747,0.201
103,64748,0.072
103,64801,0.081
103,64802,0.087
103,64803,0.072
103,64804,0.084
103,64805,0.09
103,64806,0.066
103,64807,0.09
103,64808,0.087
103,64809,0.066
103,64810,0.093
103,64811,0.111
103,64812,0.099
103,64813,0.24599999999999997
103,64814,0.297
103,64815,0.072
103,64816,0.069
103,64817,0.051000000000000004
103,64818,0.021
103,64819,0.024
103,64820,0.018
103,64821,0.021
103,64822,0.021
103,64823,0.048
103,64824,0.063
103,64825,0.042
103,64826,0.036
103,64827,0.03
103,64828,0.096
103,64829,0.06
103,64830,0.054
103,64831,0.036
103,64832,0.075
103,64833,0.069
103,64834,0.063
103,64835,0.042
103,64836,0.129
103,64837,0.162
103,64838,0.054
103,64839,0.09
103,64840,0.078
103,64841,0.078
103,64842,0.108
103,64843,0.147
103,64844,0.10200000000000001
103,64845,0.291
103,64846,0.105
103,64847,0.078
103,64848,0.078
103,64901,0.066
103,64902,0.081
103,64903,0.066
103,64904,0.084
103,64905,0.084
103,64906,0.069
103,64907,0.084
103,64908,0.084
103,64909,0.087
103,64910,0.105
103,64911,0.099
103,64912,0.11399999999999999
103,64913,0.132
103,64914,0.297
103,64915,0.12
103,64916,0.072
103,64917,0.081
103,64918,0.063
103,64919,0.021
103,64920,0.027
103,64921,0.063
103,64922,0.039
103,64923,0.033
103,64924,0.036
103,64925,0.066
103,64926,0.084
103,64927,0.056999999999999995
103,64928,0.11699999999999999
103,64929,0.066
103,64930,0.066
103,64931,0.06
103,64932,0.063
103,64933,0.063
103,64934,0.056999999999999995
103,64935,0.051000000000000004
103,64936,0.054
103,64937,0.024
103,64938,0.027
103,64939,0.024
103,64940,0.093
103,64941,0.10200000000000001
103,64942,0.10200000000000001
103,64943,0.069
103,64944,0.11399999999999999
103,64945,0.081
103,64946,0.081
103,64947,0.075
103,64948,0.078
103,65001,0.078
103,65002,0.183
103,65003,0.192
103,65004,0.066
103,65005,0.075
103,65006,0.078
103,65007,0.066
103,65008,0.075
103,65009,0.087
103,65010,0.10200000000000001
103,65011,0.093
103,65012,0.108
103,65013,0.063
103,65014,0.345
103,65015,0.084
103,65016,0.11399999999999999
103,65017,0.105
103,65018,0.045
103,65019,0.021
103,65020,0.021
103,65021,0.03
103,65022,0.072
103,65023,0.072
103,65024,0.06
103,65025,0.081
103,65026,0.087
103,65027,0.033
103,65028,0.021
103,65029,0.039
103,65030,0.021
103,65031,0.018
103,65032,0.021
103,65033,0.021
103,65034,0.018
103,65035,0.021
103,65036,0.024
103,65037,0.021
103,65038,0.024
103,65039,0.03
103,65040,0.129
103,65041,0.294
103,65042,0.357
103,65043,0.34199999999999997
103,65044,0.105
103,65045,0.105
103,65046,0.201
103,65047,0.20400000000000001
103,65048,0.06
103,65101,0.072
103,65102,0.054
103,65103,0.078
103,65104,0.056999999999999995
103,65105,0.056999999999999995
103,65106,0.069
103,65107,0.056999999999999995
103,65108,0.069
103,65109,0.06
103,65110,0.054
103,65111,0.072
103,65112,0.054
103,65113,0.099
103,65114,0.11399999999999999
103,65115,0.063
103,65116,0.063
103,65117,0.093
103,65118,0.051000000000000004
103,65119,0.021
103,65120,0.015
103,65121,0.024
103,65122,0.021
103,65123,0.018
103,65124,0.024
103,65125,0.024
103,65126,0.027
103,65127,0.042
103,65128,0.042
103,65129,0.036
103,65130,0.03
103,65131,0.294
103,65132,0.24599999999999997
103,65133,0.066
103,65134,0.066
103,65135,0.069
103,65136,0.174
103,65137,0.078
103,65138,0.087
103,65139,0.069
103,65140,0.039
103,65141,0.045
103,65142,0.084
103,65143,0.3
103,65144,0.126
103,65145,0.291
103,65146,0.081
103,65147,0.078
103,65148,0.054
103,65201,0.078
103,65202,0.056999999999999995
103,65203,0.063
103,65204,0.063
103,65205,0.056999999999999995
103,65206,0.056999999999999995
103,65207,0.075
103,65208,0.054
103,65209,0.054
103,65210,0.078
103,65211,0.054
103,65212,0.056999999999999995
103,65213,0.111
103,65214,0.312
103,65215,0.087
103,65216,0.054
103,65217,0.066
103,65218,0.051000000000000004
103,65219,0.051000000000000004
103,65220,0.06
103,65221,0.129
103,65222,0.051000000000000004
103,65223,0.027
103,65224,0.056999999999999995
103,65225,0.081
103,65226,0.051000000000000004
103,65227,0.027
103,65228,0.021
103,65229,0.024
103,65230,0.048
103,65231,0.201
103,65232,0.063
103,65233,0.021
103,65234,0.045
103,65235,0.105
103,65236,0.069
103,65237,0.093
103,65238,0.105
103,65239,0.126
103,65240,0.165
103,65241,0.22799999999999998
103,65242,0.138
103,65243,0.132
103,65244,0.132
103,65245,0.258
103,65246,0.129
103,65247,0.087
103,65248,0.096
103,65301,0.075
103,65302,0.09
103,65303,0.081
103,65304,0.066
103,65305,0.063
103,65306,0.072
103,65307,0.054
103,65308,0.051000000000000004
103,65309,0.056999999999999995
103,65310,0.069
103,65311,0.054
103,65312,0.054
103,65313,0.056999999999999995
103,65314,0.069
103,65315,0.051000000000000004
103,65316,0.048
103,65317,0.084
103,65318,0.063
103,65319,0.10200000000000001
103,65320,0.075
103,65321,0.093
103,65322,0.099
103,65323,0.084
103,65324,0.069
103,65325,0.066
103,65326,0.093
103,65327,0.084
103,65328,0.11399999999999999
103,65329,0.084
103,65330,0.063
103,65331,0.069
103,65332,0.11699999999999999
103,65333,0.039
103,65334,0.03
103,65335,0.069
103,65336,0.072
103,65337,0.108
103,65338,0.24599999999999997
103,65339,0.111
103,65340,0.10200000000000001
103,65341,0.12
103,65342,0.11699999999999999
103,65343,0.093
103,65344,0.066
103,65345,0.033
103,65346,0.165
103,65347,0.108
103,65348,0.024
103,65401,0.03
103,65402,0.03
103,65403,0.024
103,65404,0.033
103,65405,0.027
103,65406,0.024
103,65407,0.03
103,65408,0.03
103,65409,0.024
103,65410,0.069
103,65411,0.042
103,65412,0.051000000000000004
103,65413,0.033
103,65414,0.024
103,65415,0.021
103,65416,0.021
103,65417,0.084
103,65418,0.108
103,65419,0.10200000000000001
103,65420,0.045
103,65421,0.027
103,65422,0.027
103,65423,0.024
103,65424,0.051000000000000004
103,65425,0.036
103,65426,0.051000000000000004
103,65427,0.063
103,65428,0.051000000000000004
103,65429,0.042
103,65430,0.063
103,65431,0.063
103,65432,0.063
103,65433,0.036
103,65434,0.039
103,65435,0.045
103,65436,0.027
103,65437,0.024
103,65438,0.018
103,65439,0.069
103,65440,0.111
103,65441,0.093
103,65442,0.087
103,65443,0.135
103,65444,0.138
103,65445,0.213
103,65446,0.141
103,65447,0.06
103,65448,0.069
103,65501,0.066
103,65502,0.056999999999999995
103,65503,0.06
103,65504,0.075
103,65505,0.078
103,65506,0.084
103,65507,0.081
103,65508,0.069
103,65509,0.06
103,65510,0.072
103,65511,0.087
103,65512,0.12
103,65513,0.22799999999999998
103,65514,0.216
103,65515,0.081
103,65516,0.054
103,65517,0.033
103,65518,0.021
103,65519,0.033
103,65520,0.024
103,65521,0.018
103,65522,0.018
103,65523,0.021
103,65524,0.021
103,65525,0.045
103,65526,0.051000000000000004
103,65527,0.048
103,65528,0.051000000000000004
103,65529,0.27
103,65530,0.27
103,65531,0.063
103,65532,0.105
103,65533,0.042
103,65534,0.03
103,65535,0.042
103,65536,0.162
103,65537,0.10200000000000001
103,65538,0.126
103,65539,0.093
103,65540,0.09
103,65541,0.09
103,65542,0.09
103,65543,0.105
103,65544,0.084
103,65545,0.297
103,65546,0.084
103,65547,0.087
103,65548,0.084
103,65601,0.081
103,65602,0.087
103,65603,0.081
103,65604,0.072
103,65605,0.084
103,65606,0.081
103,65607,0.072
103,65608,0.087
103,65609,0.06
103,65610,0.093
103,65611,0.12
103,65612,0.081
103,65613,0.18
103,65614,0.36
103,65615,0.10200000000000001
103,65616,0.066
103,65617,0.069
103,65618,0.024
103,65619,0.033
103,65620,0.042
103,65621,0.018
103,65622,0.021
103,65623,0.021
103,65624,0.018
103,65625,0.024
103,65626,0.09
103,65627,0.075
103,65628,0.075
103,65629,0.066
103,65630,0.06
103,65631,0.06
103,65632,0.06
103,65633,0.081
103,65634,0.069
103,65635,0.066
103,65636,0.084
103,65637,0.10200000000000001
103,65638,0.099
103,65639,0.105
103,65640,0.087
103,65641,0.087
103,65642,0.11699999999999999
103,65643,0.09
103,65644,0.087
103,65645,0.078
103,65646,0.078
103,65647,0.081
103,65648,0.072
103,65701,0.063
103,65702,0.072
103,65703,0.06
103,65704,0.072
103,65705,0.066
103,65706,0.063
103,65707,0.075
103,65708,0.063
103,65709,0.072
103,65710,0.066
103,65711,0.075
103,65712,0.075
103,65713,0.159
103,65714,0.192
103,65715,0.069
103,65716,0.084
103,65717,0.056999999999999995
103,65718,0.024
103,65719,0.03
103,65720,0.021
103,65721,0.021
103,65722,0.051000000000000004
103,65723,0.042
103,65724,0.024
103,65725,0.03
103,65726,0.06
103,65727,0.096
103,65728,0.087
103,65729,0.081
103,65730,0.066
103,65731,0.06
103,65732,0.056999999999999995
103,65733,0.042
103,65734,0.042
103,65735,0.042
103,65736,0.039
103,65737,0.045
103,65738,0.039
103,65739,0.195
103,65740,0.111
103,65741,0.12
103,65742,0.10200000000000001
103,65743,0.09
103,65744,0.069
103,65745,0.177
103,65746,0.192
103,65747,0.084
103,65748,0.078
103,65801,0.078
103,65802,0.06
103,65803,0.075
103,65804,0.056999999999999995
103,65805,0.075
103,65806,0.063
103,65807,0.069
103,65808,0.069
103,65809,0.093
103,65810,0.078
103,65811,0.096
103,65812,0.075
103,65813,0.11399999999999999
103,65814,0.105
103,65815,0.096
103,65816,0.093
103,65817,0.135
103,65818,0.06
103,65819,0.03
103,65820,0.081
103,65821,0.03
103,65822,0.084
103,65823,0.096
103,65824,0.024
103,65825,0.021
103,65826,0.056999999999999995
103,65827,0.045
103,65828,0.066
103,65829,0.063
103,65830,0.051000000000000004
103,65831,0.056999999999999995
103,65832,0.054
103,65833,0.042
103,65834,0.042
103,65835,0.054
103,65836,0.132
103,65837,0.075
103,65838,0.096
103,65839,0.096
103,65840,0.10200000000000001
103,65841,0.12
103,65842,0.12
103,65843,0.126
103,65844,0.111
103,65845,0.12
103,65846,0.17099999999999999
103,65847,0.195
103,65848,0.06
103,65901,0.069
103,65902,0.075
103,65903,0.063
103,65904,0.066
103,65905,0.063
103,65906,0.081
103,65907,0.069
103,65908,0.063
103,65909,0.066
103,65910,0.111
103,65911,0.084
103,65912,0.087
103,65913,0.078
103,65914,0.063
103,65915,0.054
103,65916,0.045
103,65917,0.054
103,65918,0.084
103,65919,0.066
103,65920,0.072
103,65921,0.093
103,65922,0.084
103,65923,0.048
103,65924,0.084
103,65925,0.075
103,65926,0.096
103,65927,0.135
103,65928,0.096
103,65929,0.108
103,65930,0.10200000000000001
103,65931,0.10200000000000001
103,65932,0.075
103,65933,0.063
103,65934,0.054
103,65935,0.084
103,65936,0.093
103,65937,0.17099999999999999
103,65938,0.069
103,65939,0.075
103,65940,0.11699999999999999
103,65941,0.11699999999999999
103,65942,0.11399999999999999
103,65943,0.111
103,65944,0.069
103,65945,0.24899999999999997
103,65946,0.03
103,65947,0.027
103,65948,0.033
103,66001,0.024
103,66002,0.03
103,66003,0.03
103,66004,0.021
103,66005,0.03
103,66006,0.027
103,66007,0.024
103,66008,0.03
103,66009,0.024
103,66010,0.056999999999999995
103,66011,0.039
103,66012,0.042
103,66013,0.042
103,66014,0.021
103,66015,0.018
103,66016,0.024
103,66017,0.099
103,66018,0.054
103,66019,0.054
103,66020,0.039
103,66021,0.045
103,66022,0.027
103,66023,0.069
103,66024,0.09
103,66025,0.084
103,66026,0.048
103,66027,0.027
103,66028,0.033
103,66029,0.054
103,66030,0.051000000000000004
103,66031,0.063
103,66032,0.054
103,66033,0.056999999999999995
103,66034,0.063
103,66035,0.051000000000000004
103,66036,0.054
103,66037,0.054
103,66038,0.075
103,66039,0.15
103,66040,0.105
103,66041,0.11399999999999999
103,66042,0.105
103,66043,0.054
103,66044,0.036
103,66045,0.03
103,66046,0.22799999999999998
103,66047,0.03
103,66048,0.024
103,66101,0.03
103,66102,0.03
103,66103,0.024
103,66104,0.03
103,66105,0.024
103,66106,0.027
103,66107,0.03
103,66108,0.021
103,66109,0.039
103,66110,0.045
103,66111,0.024
103,66112,0.03
103,66113,0.024
103,66114,0.033
103,66115,0.045
103,66116,0.033
103,66117,0.024
103,66118,0.027
103,66119,0.039
103,66120,0.069
103,66121,0.081
103,66122,0.084
103,66123,0.11699999999999999
103,66124,0.141
103,66125,0.105
103,66126,0.111
103,66127,0.087
103,66128,0.072
103,66129,0.069
103,66130,0.063
103,66131,0.063
103,66132,0.048
103,66133,0.033
103,66134,0.072
103,66135,0.039
103,66136,0.056999999999999995
103,66137,0.063
103,66138,0.069
103,66139,0.222
103,66140,0.126
103,66141,0.138
103,66142,0.11699999999999999
103,66143,0.063
103,66144,0.048
103,66145,0.12299999999999998
103,66146,0.135
103,66147,0.033
103,66148,0.027
103,66201,0.03
103,66202,0.03
103,66203,0.03
103,66204,0.033
103,66205,0.027
103,66206,0.024
103,66207,0.027
103,66208,0.024
103,66209,0.054
103,66210,0.045
103,66211,0.048
103,66212,0.045
103,66213,0.162
103,66214,0.11699999999999999
103,66215,0.042
103,66216,0.06
103,66217,0.048
103,66218,0.039
103,66219,0.03
103,66220,0.024
103,66221,0.024
103,66222,0.021
103,66223,0.036
103,66224,0.033
103,66225,0.042
103,66226,0.027
103,66227,0.033
103,66228,0.063
103,66229,0.054
103,66230,0.056999999999999995
103,66231,0.051000000000000004
103,66232,0.063
103,66233,0.072
103,66234,0.06
103,66235,0.072
103,66236,0.159
103,66237,0.042
103,66238,0.069
103,66239,0.126
103,66240,0.11399999999999999
103,66241,0.11399999999999999
103,66242,0.129
103,66243,0.129
103,66244,0.12299999999999998
103,66245,0.063
103,66246,0.21
103,66247,0.039
103,66248,0.033
103,66301,0.033
103,66302,0.036
103,66303,0.03
103,66304,0.036
103,66305,0.036
103,66306,0.033
103,66307,0.039
103,66308,0.03
103,66309,0.045
103,66310,0.078
103,66311,0.054
103,66312,0.069
103,66313,0.081
103,66314,0.129
103,66315,0.039
103,66316,0.036
103,66317,0.024
103,66318,0.03
103,66319,0.03
103,66320,0.027
103,66321,0.033
103,66322,0.027
103,66323,0.03
103,66324,0.06
103,66325,0.054
103,66326,0.075
103,66327,0.045
103,66328,0.042
103,66329,0.051000000000000004
103,66330,0.027
103,66331,0.03
103,66332,0.036
103,66333,0.03
103,66334,0.03
103,66335,0.03
103,66336,0.036
103,66337,0.033
103,66338,0.048
103,66339,0.069
103,66340,0.072
103,66341,0.078
103,66342,0.066
103,66343,0.06
103,66344,0.108
103,66345,0.12
103,66346,0.174
103,66347,0.192
103,66348,0.072
103,66401,0.081
103,66402,0.063
103,66403,0.072
103,66404,0.072
103,66405,0.066
103,66406,0.06
103,66407,0.075
103,66408,0.066
103,66409,0.069
103,66410,0.078
103,66411,0.054
103,66412,0.072
103,66413,0.159
103,66414,0.195
103,66415,0.078
103,66416,0.081
103,66417,0.039
103,66418,0.045
103,66419,0.111
103,66420,0.069
103,66421,0.06
103,66422,0.066
103,66423,0.09
103,66424,0.078
103,66425,0.087
103,66426,0.084
103,66427,0.078
103,66428,0.063
103,66429,0.054
103,66430,0.045
103,66431,0.069
103,66432,0.069
103,66433,0.072
103,66434,0.081
103,66435,0.084
103,66436,0.084
103,66437,0.078
103,66438,0.075
103,66439,0.084
103,66440,0.075
103,66441,0.126
103,66442,0.099
103,66443,0.066
103,66444,0.066
103,66445,0.03
103,66446,0.138
103,66447,0.141
103,66448,0.027
103,66501,0.027
103,66502,0.03
103,66503,0.03
103,66504,0.027
103,66505,0.03
103,66506,0.027
103,66507,0.027
103,66508,0.03
103,66509,0.024
103,66510,0.054
103,66511,0.039
103,66512,0.051000000000000004
103,66513,0.12
103,66514,0.282
103,66515,0.135
103,66516,0.096
103,66517,0.06
103,66518,0.027
103,66519,0.024
103,66520,0.018
103,66521,0.027
103,66522,0.033
103,66523,0.033
103,66524,0.03
103,66525,0.11399999999999999
103,66526,0.03
103,66527,0.027
103,66528,0.051000000000000004
103,66529,0.066
103,66530,0.078
103,66531,0.056999999999999995
103,66532,0.069
103,66533,0.054
103,66534,0.06
103,66535,0.06
103,66536,0.048
103,66537,0.069
103,66538,0.066
103,66539,0.072
103,66540,0.099
103,66541,0.129
103,66542,0.11399999999999999
103,66543,0.126
103,66544,0.096
103,66545,0.093
103,66546,0.288
103,66547,0.081
103,66548,0.078
103,66601,0.075
103,66602,0.078
103,66603,0.081
103,66604,0.072
103,66605,0.078
103,66606,0.075
103,66607,0.075
103,66608,0.078
103,66609,0.072
103,66610,0.078
103,66611,0.072
103,66612,0.069
103,66613,0.108
103,66614,0.132
103,66615,0.078
103,66616,0.072
103,66617,0.072
103,66618,0.081
103,66619,0.075
103,66620,0.033
103,66621,0.045
103,66622,0.056999999999999995
103,66623,0.039
103,66624,0.036
103,66625,0.042
103,66626,0.021
103,66627,0.027
103,66628,0.072
103,66629,0.075
103,66630,0.06
103,66631,0.093
103,66632,0.072
103,66633,0.066
103,66634,0.054
103,66635,0.054
103,66636,0.056999999999999995
103,66637,0.093
103,66638,0.141
103,66639,0.129
103,66640,0.129
103,66641,0.126
103,66642,0.12
103,66643,0.099
103,66644,0.084
103,66645,0.222
103,66646,0.12
103,66647,0.063
103,66648,0.069
103,66701,0.054
103,66702,0.054
103,66703,0.054
103,66704,0.056999999999999995
103,66705,0.069
103,66706,0.06
103,66707,0.051000000000000004
103,66708,0.056999999999999995
103,66709,0.056999999999999995
103,66710,0.072
103,66711,0.10200000000000001
103,66712,0.072
103,66713,0.078
103,66714,0.054
103,66715,0.063
103,66716,0.11699999999999999
103,66717,0.135
103,66718,0.11699999999999999
103,66719,0.105
103,66720,0.09
103,66721,0.06
103,66722,0.045
103,66723,0.039
103,66724,0.045
103,66725,0.045
103,66726,0.027
103,66727,0.075
103,66728,0.063
103,66729,0.078
103,66730,0.093
103,66731,0.10200000000000001
103,66732,0.075
103,66733,0.081
103,66734,0.099
103,66735,0.093
103,66736,0.072
103,66737,0.075
103,66738,0.069
103,66739,0.252
103,66740,0.15
103,66741,0.129
103,66742,0.11699999999999999
103,66743,0.099
103,66744,0.078
103,66745,0.039
103,66746,0.22799999999999998
103,66747,0.056999999999999995
103,66748,0.06
103,66801,0.048
103,66802,0.045
103,66803,0.03
103,66804,0.036
103,66805,0.03
103,66806,0.033
103,66807,0.036
103,66808,0.03
103,66809,0.036
103,66810,0.03
103,66811,0.054
103,66812,0.06
103,66813,0.054
103,66814,0.042
103,66815,0.042
103,66816,0.033
103,66817,0.03
103,66818,0.033
103,66819,0.159
103,66820,0.087
103,66821,0.069
103,66822,0.072
103,66823,0.048
103,66824,0.036
103,66825,0.054
103,66826,0.069
103,66827,0.099
103,66828,0.11699999999999999
103,66829,0.096
103,66830,0.084
103,66831,0.084
103,66832,0.135
103,66833,0.126
103,66834,0.066
103,66835,0.066
103,66836,0.063
103,66837,0.078
103,66838,0.111
103,66839,0.147
103,66840,0.12299999999999998
103,66841,0.12299999999999998
103,66842,0.11399999999999999
103,66843,0.075
103,66844,0.027
103,66845,0.22799999999999998
103,66846,0.033
103,66847,0.024
103,66848,0.03
103,66901,0.024
103,66902,0.024
103,66903,0.03
103,66904,0.021
103,66905,0.027
103,66906,0.027
103,66907,0.021
103,66908,0.027
103,66909,0.027
103,66910,0.021
103,66911,0.06
103,66912,0.06
103,66913,0.039
103,66914,0.027
103,66915,0.027
103,66916,0.069
103,66917,0.051000000000000004
103,66918,0.12
103,66919,0.081
103,66920,0.051000000000000004
103,66921,0.063
103,66922,0.072
103,66923,0.056999999999999995
103,66924,0.056999999999999995
103,66925,0.066
103,66926,0.06
103,66927,0.06
103,66928,0.054
103,66929,0.06
103,66930,0.069
103,66931,0.063
103,66932,0.072
103,66933,0.069
103,66934,0.054
103,66935,0.093
103,66936,0.078
103,66937,0.066
103,66938,0.054
103,66939,0.039
103,66940,0.048
103,66941,0.054
103,66942,0.093
103,66943,0.12299999999999998
103,66944,0.096
103,66945,0.087
103,66946,0.186
103,66947,0.027
103,66948,0.03
103,67001,0.027
103,67002,0.027
103,67003,0.027
103,67004,0.027
103,67005,0.027
103,67006,0.03
103,67007,0.024
103,67008,0.027
103,67009,0.03
103,67010,0.063
103,67011,0.051000000000000004
103,67012,0.06
103,67013,0.078
103,67014,0.084
103,67015,0.042
103,67016,0.024
103,67017,0.036
103,67018,0.096
103,67019,0.075
103,67020,0.105
103,67021,0.105
103,67022,0.108
103,67023,0.075
103,67024,0.075
103,67025,0.081
103,67026,0.09
103,67027,0.087
103,67028,0.099
103,67029,0.11399999999999999
103,67030,0.10200000000000001
103,67031,0.096
103,67032,0.06
103,67033,0.081
103,67034,0.063
103,67035,0.072
103,67036,0.075
103,67037,0.072
103,67038,0.069
103,67039,0.072
103,67040,0.075
103,67041,0.096
103,67042,0.084
103,67043,0.132
103,67044,0.093
103,67045,0.18
103,67046,0.198
103,67047,0.078
103,67048,0.056999999999999995
103,67101,0.078
103,67102,0.054
103,67103,0.078
103,67104,0.06
103,67105,0.069
103,67106,0.063
103,67107,0.06
103,67108,0.069
103,67109,0.054
103,67110,0.10200000000000001
103,67111,0.063
103,67112,0.10200000000000001
103,67113,0.081
103,67114,0.15
103,67115,0.087
103,67116,0.087
103,67117,0.063
103,67118,0.078
103,67119,0.06
103,67120,0.03
103,67121,0.027
103,67122,0.027
103,67123,0.036
103,67124,0.066
103,67125,0.036
103,67126,0.039
103,67127,0.051000000000000004
103,67128,0.027
103,67129,0.024
103,67130,0.024
103,67131,0.027
103,67132,0.051000000000000004
103,67133,0.06
103,67134,0.056999999999999995
103,67135,0.054
103,67136,0.051000000000000004
103,67137,0.056999999999999995
103,67138,0.072
103,67139,0.075
103,67140,0.081
103,67141,0.081
103,67142,0.072
103,67143,0.078
103,67144,0.081
103,67145,0.075
103,67146,0.279
103,67147,0.075
103,67148,0.051000000000000004
103,67201,0.066
103,67202,0.066
103,67203,0.048
103,67204,0.056999999999999995
103,67205,0.069
103,67206,0.051000000000000004
103,67207,0.054
103,67208,0.056999999999999995
103,67209,0.069
103,67210,0.054
103,67211,0.048
103,67212,0.066
103,67213,0.06
103,67214,0.048
103,67215,0.072
103,67216,0.066
103,67217,0.042
103,67218,0.042
103,67219,0.042
103,67220,0.063
103,67221,0.066
103,67222,0.056999999999999995
103,67223,0.054
103,67224,0.056999999999999995
103,67225,0.054
103,67226,0.096
103,67227,0.084
103,67228,0.072
103,67229,0.072
103,67230,0.054
103,67231,0.056999999999999995
103,67232,0.054
103,67233,0.048
103,67234,0.039
103,67235,0.021
103,67236,0.099
103,67237,0.042
103,67238,0.051000000000000004
103,67239,0.087
103,67240,0.087
103,67241,0.087
103,67242,0.09
103,67243,0.081
103,67244,0.075
103,67245,0.081
103,67246,0.075
103,67247,0.075
103,67248,0.075
103,67301,0.072
103,67302,0.072
103,67303,0.078
103,67304,0.075
103,67305,0.056999999999999995
103,67306,0.078
103,67307,0.072
103,67308,0.075
103,67309,0.075
103,67310,0.10200000000000001
103,67311,0.099
103,67312,0.093
103,67313,0.087
103,67314,0.03
103,67315,0.03
103,67316,0.024
103,67317,0.036
103,67318,0.027
103,67319,0.024
103,67320,0.018
103,67321,0.024
103,67322,0.024
103,67323,0.033
103,67324,0.066
103,67325,0.06
103,67326,0.051000000000000004
103,67327,0.054
103,67328,0.036
103,67329,0.045
103,67330,0.051000000000000004
103,67331,0.069
103,67332,0.056999999999999995
103,67333,0.06
103,67334,0.054
103,67335,0.051000000000000004
103,67336,0.03
103,67337,0.024
103,67338,0.036
103,67339,0.042
103,67340,0.048
103,67341,0.06
103,67342,0.042
103,67343,0.036
103,67344,0.033
103,67345,0.024
103,67346,0.108
103,67347,0.159
103,67348,0.024
103,67401,0.027
103,67402,0.027
103,67403,0.021
103,67404,0.027
103,67405,0.03
103,67406,0.021
103,67407,0.027
103,67408,0.03
103,67409,0.021
103,67410,0.027
103,67411,0.027
103,67412,0.021
103,67413,0.03
103,67414,0.024
103,67415,0.021
103,67416,0.024
103,67417,0.054
103,67418,0.069
103,67419,0.054
103,67420,0.054
103,67421,0.048
103,67422,0.063
103,67423,0.027
103,67424,0.039
103,67425,0.024
103,67426,0.036
103,67427,0.039
103,67428,0.024
103,67429,0.03
103,67430,0.03
103,67431,0.024
103,67432,0.042
103,67433,0.06
103,67434,0.066
103,67435,0.066
103,67436,0.069
103,67437,0.072
103,67438,0.072
103,67439,0.093
103,67440,0.12299999999999998
103,67441,0.075
103,67442,0.087
103,67443,0.09
103,67444,0.045
103,67445,0.141
103,67446,0.12
103,67447,0.03
103,67448,0.033
103,67501,0.024
103,67502,0.033
103,67503,0.03
103,67504,0.027
103,67505,0.03
103,67506,0.027
103,67507,0.027
103,67508,0.027
103,67509,0.024
103,67510,0.051000000000000004
103,67511,0.036
103,67512,0.045
103,67513,0.063
103,67514,0.078
103,67515,0.039
103,67516,0.033
103,67517,0.027
103,67518,0.027
103,67519,0.039
103,67520,0.078
103,67521,0.051000000000000004
103,67522,0.054
103,67523,0.051000000000000004
103,67524,0.045
103,67525,0.024
103,67526,0.069
103,67527,0.063
103,67528,0.066
103,67529,0.159
103,67530,0.354
103,67531,0.399
103,67532,0.429
103,67533,0.219
103,67534,0.033
103,67535,0.042
103,67536,0.063
103,67537,0.087
103,67538,0.111
103,67539,0.144
103,67540,0.168
103,67541,0.156
103,67542,0.111
103,67543,0.084
103,67544,0.081
103,67545,0.066
103,67546,0.198
103,67547,0.063
103,67548,0.036
103,67601,0.039
103,67602,0.039
103,67603,0.036
103,67604,0.039
103,67605,0.033
103,67606,0.039
103,67607,0.036
103,67608,0.033
103,67609,0.039
103,67610,0.033
103,67611,0.039
103,67612,0.039
103,67613,0.033
103,67614,0.261
103,67615,0.135
103,67616,0.063
103,67617,0.033
103,67618,0.03
103,67619,0.063
103,67620,0.048
103,67621,0.033
103,67622,0.036
103,67623,0.036
103,67624,0.021
103,67625,0.027
103,67626,0.021
103,67627,0.027
103,67628,0.027
103,67629,0.243
103,67630,0.261
103,67631,0.06
103,67632,0.051000000000000004
103,67633,0.042
103,67634,0.108
103,67635,0.081
103,67636,0.06
103,67637,0.033
103,67638,0.024
103,67639,0.027
103,67640,0.048
103,67641,0.11399999999999999
103,67642,0.12299999999999998
103,67643,0.063
103,67644,0.081
103,67645,0.051000000000000004
103,67646,0.027
103,67647,0.207
103,67648,0.027
103,67701,0.027
103,67702,0.03
103,67703,0.024
103,67704,0.03
103,67705,0.027
103,67706,0.024
103,67707,0.03
103,67708,0.021
103,67709,0.03
103,67710,0.03
103,67711,0.021
103,67712,0.03
103,67713,0.024
103,67714,0.075
103,67715,0.033
103,67716,0.069
103,67717,0.06
103,67718,0.072
103,67719,0.06
103,67720,0.039
103,67721,0.03
103,67722,0.024
103,67723,0.027
103,67724,0.024
103,67725,0.024
103,67726,0.024
103,67727,0.024
103,67728,0.027
103,67729,0.021
103,67730,0.027
103,67731,0.024
103,67732,0.024
103,67733,0.027
103,67734,0.021
103,67735,0.03
103,67736,0.03
103,67737,0.033
103,67738,0.036
103,67739,0.033
103,67740,0.036
103,67741,0.033
103,67742,0.036
103,67743,0.036
103,67744,0.03
103,67745,0.036
103,67746,0.036
103,67747,0.027
103,67748,0.027
103,67801,0.021
103,67802,0.027
103,67803,0.021
103,67804,0.021
103,67805,0.027
103,67806,0.021
103,67807,0.024
103,67808,0.024
103,67809,0.021
103,67810,0.027
103,67811,0.018
103,67812,0.024
103,67813,0.024
103,67814,0.021
103,67815,0.027
103,67816,0.021
103,67817,0.024
103,67818,0.027
103,67819,0.021
103,67820,0.027
103,67821,0.024
103,67822,0.024
103,67823,0.027
103,67824,0.021
103,67825,0.027
103,67826,0.027
103,67827,0.024
103,67828,0.027
103,67829,0.051000000000000004
103,67830,0.045
103,67831,0.039
103,67832,0.036
103,67833,0.024
103,67834,0.027
103,67835,0.03
103,67836,0.033
103,67837,0.036
103,67838,0.033
103,67839,0.039
103,67840,0.036
103,67841,0.036
103,67842,0.039
103,67843,0.033
103,67844,0.036
103,67845,0.036
103,67846,0.036
103,67847,0.03
103,67848,0.021
103,67901,0.024
103,67902,0.024
103,67903,0.024
103,67904,0.024
103,67905,0.021
103,67906,0.027
103,67907,0.024
103,67908,0.024
103,67909,0.024
103,67910,0.021
103,67911,0.024
103,67912,0.024
103,67913,0.024
103,67914,0.027
103,67915,0.021
103,67916,0.027
103,67917,0.021
103,67918,0.021
103,67919,0.027
103,67920,0.021
103,67921,0.027
103,67922,0.027
103,67923,0.021
103,67924,0.027
103,67925,0.021
103,67926,0.027
103,67927,0.027
103,67928,0.021
103,67929,0.027
103,67930,0.024
103,67931,0.024
103,67932,0.027
103,67933,0.021
103,67934,0.027
103,67935,0.027
103,67936,0.033
103,67937,0.036
103,67938,0.033
103,67939,0.039
103,67940,0.039
103,67941,0.078
103,67942,0.054
103,67943,0.051000000000000004
103,67944,0.033
103,67945,0.039
103,67946,0.036
103,67947,0.027
103,67948,0.024
103,68001,0.021
103,68002,0.024
103,68003,0.024
103,68004,0.018
103,68005,0.027
103,68006,0.021
103,68007,0.024
103,68008,0.024
103,68009,0.018
103,68010,0.027
103,68011,0.024
103,68012,0.021
103,68013,0.024
103,68014,0.021
103,68015,0.021
103,68016,0.024
103,68017,0.018
103,68018,0.024
103,68019,0.024
103,68020,0.021
103,68021,0.024
103,68022,0.021
103,68023,0.024
103,68024,0.024
103,68025,0.021
103,68026,0.027
103,68027,0.024
103,68028,0.021
103,68029,0.03
103,68030,0.066
103,68031,0.072
103,68032,0.063
103,68033,0.03
103,68034,0.042
103,68035,0.075
103,68036,0.111
103,68037,0.078
103,68038,0.141
103,68039,0.132
103,68040,0.099
103,68041,0.063
103,68042,0.063
103,68043,0.072
103,68044,0.072
103,68045,0.078
103,68046,0.17099999999999999
103,68047,0.195
103,68048,0.063
103,68101,0.054
103,68102,0.036
103,68103,0.036
103,68104,0.03
103,68105,0.036
103,68106,0.036
103,68107,0.033
103,68108,0.039
103,68109,0.03
103,68110,0.054
103,68111,0.056999999999999995
103,68112,0.051000000000000004
103,68113,0.054
103,68114,0.033
103,68115,0.033
103,68116,0.036
103,68117,0.039
103,68118,0.11699999999999999
103,68119,0.144
103,68120,0.051000000000000004
103,68121,0.072
103,68122,0.056999999999999995
103,68123,0.039
103,68124,0.039
103,68125,0.033
103,68126,0.039
103,68127,0.09
103,68128,0.042
103,68129,0.051000000000000004
103,68130,0.033
103,68131,0.12299999999999998
103,68132,0.075
103,68133,0.06
103,68134,0.063
103,68135,0.056999999999999995
103,68136,0.072
103,68137,0.21
103,68138,0.075
103,68139,0.048
103,68140,0.056999999999999995
103,68141,0.069
103,68142,0.084
103,68143,0.09
103,68144,0.069
103,68145,0.129
103,68146,0.144
103,68147,0.036
103,68148,0.039
103,68201,0.033
103,68202,0.039
103,68203,0.036
103,68204,0.033
103,68205,0.036
103,68206,0.033
103,68207,0.033
103,68208,0.033
103,68209,0.069
103,68210,0.051000000000000004
103,68211,0.054
103,68212,0.03
103,68213,0.036
103,68214,0.15
103,68215,0.06
103,68216,0.111
103,68217,0.051000000000000004
103,68218,0.036
103,68219,0.03
103,68220,0.021
103,68221,0.024
103,68222,0.042
103,68223,0.087
103,68224,0.06
103,68225,0.282
103,68226,0.294
103,68227,0.042
103,68228,0.159
103,68229,0.141
103,68230,0.093
103,68231,0.099
103,68232,0.126
103,68233,0.11399999999999999
103,68234,0.045
103,68235,0.042
103,68236,0.045
103,68237,0.069
103,68238,0.069
103,68239,0.105
103,68240,0.093
103,68241,0.084
103,68242,0.072
103,68243,0.069
103,68244,0.054
103,68245,0.045
103,68246,0.213
103,68247,0.042
103,68248,0.027
103,68301,0.027
103,68302,0.03
103,68303,0.027
103,68304,0.03
103,68305,0.027
103,68306,0.03
103,68307,0.03
103,68308,0.024
103,68309,0.039
103,68310,0.054
103,68311,0.045
103,68312,0.06
103,68313,0.063
103,68314,0.075
103,68315,0.06
103,68316,0.027
103,68317,0.03
103,68318,0.033
103,68319,0.03
103,68320,0.036
103,68321,0.018
103,68322,0.027
103,68323,0.021
103,68324,0.024
103,68325,0.024
103,68326,0.021
103,68327,0.024
103,68328,0.021
103,68329,0.024
103,68330,0.024
103,68331,0.021
103,68332,0.024
103,68333,0.021
103,68334,0.027
103,68335,0.03
103,68336,0.087
103,68337,0.20400000000000001
103,68338,0.066
103,68339,0.084
103,68340,0.174
103,68341,0.336
103,68342,0.336
103,68343,0.33899999999999997
103,68344,0.327
103,68345,0.21
103,68346,0.099
103,68347,0.036
103,68348,0.039
103,68401,0.03
103,68402,0.036
103,68403,0.036
103,68404,0.03
103,68405,0.036
103,68406,0.03
103,68407,0.036
103,68408,0.033
103,68409,0.03
103,68410,0.033
103,68411,0.063
103,68412,0.051000000000000004
103,68413,0.069
103,68414,0.09
103,68415,0.072
103,68416,0.042
103,68417,0.036
103,68418,0.027
103,68419,0.03
103,68420,0.051000000000000004
103,68421,0.024
103,68422,0.024
103,68423,0.027
103,68424,0.021
103,68425,0.027
103,68426,0.021
103,68427,0.066
103,68428,0.039
103,68429,0.021
103,68430,0.027
103,68431,0.027
103,68432,0.024
103,68433,0.036
103,68434,0.066
103,68435,0.042
103,68436,0.036
103,68437,0.051000000000000004
103,68438,0.021
103,68439,0.027
103,68440,0.027
103,68441,0.048
103,68442,0.06
103,68443,0.054
103,68444,0.069
103,68445,0.039
103,68446,0.222
103,68447,0.03
103,68448,0.027
103,68501,0.03
103,68502,0.027
103,68503,0.03
103,68504,0.03
103,68505,0.027
103,68506,0.03
103,68507,0.027
103,68508,0.027
103,68509,0.027
103,68510,0.024
103,68511,0.051000000000000004
103,68512,0.159
103,68513,0.162
103,68514,0.042
103,68515,0.036
103,68516,0.024
103,68517,0.036
103,68518,0.024
103,68519,0.027
103,68520,0.042
103,68521,0.03
103,68522,0.024
103,68523,0.021
103,68524,0.027
103,68525,0.024
103,68526,0.021
103,68527,0.027
103,68528,0.021
103,68529,0.027
103,68530,0.027
103,68531,0.021
103,68532,0.024
103,68533,0.021
103,68534,0.024
103,68535,0.03
103,68536,0.066
103,68537,0.054
103,68538,0.054
103,68539,0.039
103,68540,0.069
103,68541,0.09
103,68542,0.093
103,68543,0.078
103,68544,0.09
103,68545,0.054
103,68546,0.165
103,68547,0.087
103,68548,0.03
103,68601,0.027
103,68602,0.027
103,68603,0.024
103,68604,0.027
103,68605,0.027
103,68606,0.024
103,68607,0.027
103,68608,0.027
103,68609,0.024
103,68610,0.027
103,68611,0.027
103,68612,0.021
103,68613,0.069
103,68614,0.078
103,68615,0.063
103,68616,0.039
103,68617,0.027
103,68618,0.033
103,68619,0.03
103,68620,0.039
103,68621,0.027
103,68622,0.024
103,68623,0.021
103,68624,0.024
103,68625,0.021
103,68626,0.021
103,68627,0.024
103,68628,0.051000000000000004
103,68629,0.024
103,68630,0.036
103,68631,0.03
103,68632,0.033
103,68633,0.033
103,68634,0.03
103,68635,0.036
103,68636,0.105
103,68637,0.18
103,68638,0.069
103,68639,0.10200000000000001
103,68640,0.078
103,68641,0.063
103,68642,0.066
103,68643,0.063
103,68644,0.063
103,68645,0.24599999999999997
103,68646,0.039
103,68647,0.033
103,68648,0.024
103,68701,0.03
103,68702,0.03
103,68703,0.024
103,68704,0.03
103,68705,0.027
103,68706,0.027
103,68707,0.03
103,68708,0.024
103,68709,0.03
103,68710,0.027
103,68711,0.066
103,68712,0.048
103,68713,0.045
103,68714,0.036
103,68715,0.036
103,68716,0.087
103,68717,0.063
103,68718,0.033
103,68719,0.036
103,68720,0.033
103,68721,0.021
103,68722,0.024
103,68723,0.036
103,68724,0.03
103,68725,0.045
103,68726,0.039
103,68727,0.03
103,68728,0.03
103,68729,0.063
103,68730,0.063
103,68731,0.056999999999999995
103,68732,0.056999999999999995
103,68733,0.042
103,68734,0.063
103,68735,0.063
103,68736,0.036
103,68737,0.039
103,68738,0.039
103,68739,0.045
103,68740,0.042
103,68741,0.039
103,68742,0.042
103,68743,0.042
103,68744,0.042
103,68745,0.045
103,68746,0.186
103,68747,0.081
103,68748,0.024
103,68801,0.027
103,68802,0.027
103,68803,0.024
103,68804,0.027
103,68805,0.027
103,68806,0.024
103,68807,0.027
103,68808,0.024
103,68809,0.024
103,68810,0.027
103,68811,0.021
103,68812,0.027
103,68813,0.045
103,68814,0.051000000000000004
103,68815,0.036
103,68816,0.078
103,68817,0.027
103,68818,0.042
103,68819,0.036
103,68820,0.039
103,68821,0.03
103,68822,0.021
103,68823,0.039
103,68824,0.03
103,68825,0.036
103,68826,0.075
103,68827,0.147
103,68828,0.36
103,68829,0.33899999999999997
103,68830,0.348
103,68831,0.345
103,68832,0.378
103,68833,0.159
103,68834,0.036
103,68835,0.024
103,68836,0.024
103,68837,0.18
103,68838,0.054
103,68839,0.06
103,68840,0.096
103,68841,0.081
103,68842,0.069
103,68843,0.063
103,68844,0.045
103,68845,0.105
103,68846,0.129
103,68847,0.033
103,68848,0.027
103,68901,0.03
103,68902,0.03
103,68903,0.03
103,68904,0.03
103,68905,0.024
103,68906,0.03
103,68907,0.027
103,68908,0.03
103,68909,0.03
103,68910,0.024
103,68911,0.039
103,68912,0.06
103,68913,0.03
103,68914,0.027
103,68915,0.03
103,68916,0.03
103,68917,0.021
103,68918,0.027
103,68919,0.033
103,68920,0.108
103,68921,0.444
103,68922,0.381
103,68923,0.46199999999999997
103,68924,0.618
103,68925,0.6629999999999999
103,68926,0.6449999999999999
103,68927,0.6149999999999999
103,68928,0.618
103,68929,0.6029999999999999
103,68930,0.6269999999999999
103,68931,0.6389999999999999
103,68932,0.636
103,68933,0.6269999999999999
103,68934,0.624
103,68935,0.612
103,68936,0.594
103,68937,0.711
103,68938,0.6449999999999999
103,68939,0.654
103,68940,0.501
103,68941,0.393
103,68942,0.393
103,68943,0.144
103,68944,0.066
103,68945,0.111
103,68946,0.132
103,68947,0.033
103,68948,0.033
103,69001,0.03
103,69002,0.03
103,69003,0.033
103,69004,0.027
103,69005,0.033
103,69006,0.03
103,69007,0.033
103,69008,0.03
103,69009,0.03
103,69010,0.039
103,69011,0.051000000000000004
103,69012,0.056999999999999995
103,69013,0.099
103,69014,0.066
103,69015,0.069
103,69016,0.036
103,69017,0.039
103,69018,0.033
103,69019,0.03
103,69020,0.045
103,69021,0.063
103,69022,0.033
103,69023,0.027
103,69024,0.021
103,69025,0.056999999999999995
103,69026,0.108
103,69027,0.066
103,69028,0.06
103,69029,0.056999999999999995
103,69030,0.09
103,69031,0.075
103,69032,0.087
103,69033,0.051000000000000004
103,69034,0.036
103,69035,0.099
103,69036,0.108
103,69037,0.084
103,69038,0.087
103,69039,0.048
103,69040,0.056999999999999995
103,69041,0.087
103,69042,0.096
103,69043,0.12
103,69044,0.141
103,69045,0.261
103,69046,0.045
103,69047,0.033
103,69048,0.036
103,69101,0.03
103,69102,0.03
103,69103,0.033
103,69104,0.027
103,69105,0.036
103,69106,0.03
103,69107,0.03
103,69108,0.033
103,69109,0.027
103,69110,0.036
103,69111,0.111
103,69112,0.056999999999999995
103,69113,0.10200000000000001
103,69114,0.078
103,69115,0.06
103,69116,0.033
103,69117,0.027
103,69118,0.033
103,69119,0.036
103,69120,0.036
103,69121,0.036
103,69122,0.054
103,69123,0.09
103,69124,0.12
103,69125,0.042
103,69126,0.03
103,69127,0.048
103,69128,0.056999999999999995
103,69129,0.033
103,69130,0.03
103,69131,0.06
103,69132,0.063
103,69133,0.06
103,69134,0.063
103,69135,0.063
103,69136,0.051000000000000004
103,69137,0.066
103,69138,0.051000000000000004
103,69139,0.06
103,69140,0.12
103,69141,0.10200000000000001
103,69142,0.105
103,69143,0.099
103,69144,0.081
103,69145,0.15
103,69146,0.12
103,69147,0.036
103,69148,0.03
103,69201,0.03
103,69202,0.033
103,69203,0.024
103,69204,0.033
103,69205,0.03
103,69206,0.027
103,69207,0.03
103,69208,0.027
103,69209,0.03
103,69210,0.03
103,69211,0.06
103,69212,0.045
103,69213,0.099
103,69214,0.084
103,69215,0.078
103,69216,0.078
103,69217,0.051000000000000004
103,69218,0.051000000000000004
103,69219,0.078
103,69220,0.054
103,69221,0.027
103,69222,0.056999999999999995
103,69223,0.054
103,69224,0.039
103,69225,0.063
103,69226,0.06
103,69227,0.069
103,69228,0.048
103,69229,0.06
103,69230,0.066
103,69231,0.066
103,69232,0.056999999999999995
103,69233,0.06
103,69234,0.078
103,69235,0.072
103,69236,0.048
103,69237,0.06
103,69238,0.078
103,69239,0.084
103,69240,0.11399999999999999
103,69241,0.09
103,69242,0.093
103,69243,0.081
103,69244,0.063
103,69245,0.129
103,69246,0.141
103,69247,0.039
103,69248,0.056999999999999995
103,69301,0.042
103,69302,0.027
103,69303,0.03
103,69304,0.027
103,69305,0.024
103,69306,0.03
103,69307,0.024
103,69308,0.027
103,69309,0.027
103,69310,0.024
103,69311,0.024
103,69312,0.03
103,69313,0.072
103,69314,0.12
103,69315,0.051000000000000004
103,69316,0.03
103,69317,0.033
103,69318,0.084
103,69319,0.078
103,69320,0.078
103,69321,0.018
103,69322,0.024
103,69323,0.024
103,69324,0.018
103,69325,0.024
103,69326,0.045
103,69327,0.054
103,69328,0.054
103,69329,0.087
103,69330,0.075
103,69331,0.069
103,69332,0.054
103,69333,0.056999999999999995
103,69334,0.063
103,69335,0.06
103,69336,0.063
103,69337,0.099
103,69338,0.096
103,69339,0.12
103,69340,0.12299999999999998
103,69341,0.15
103,69342,0.129
103,69343,0.11399999999999999
103,69344,0.087
103,69345,0.039
103,69346,0.258
103,69347,0.033
103,69348,0.027
103,69401,0.03
103,69402,0.024
103,69403,0.027
103,69404,0.03
103,69405,0.027
103,69406,0.03
103,69407,0.027
103,69408,0.024
103,69409,0.03
103,69410,0.072
103,69411,0.042
103,69412,0.042
103,69413,0.056999999999999995
103,69414,0.081
103,69415,0.066
103,69416,0.072
103,69417,0.054
103,69418,0.033
103,69419,0.072
103,69420,0.045
103,69421,0.054
103,69422,0.054
103,69423,0.042
103,69424,0.036
103,69425,0.03
103,69426,0.042
103,69427,0.024
103,69428,0.03
103,69429,0.027
103,69430,0.042
103,69431,0.024
103,69432,0.045
103,69433,0.06
103,69434,0.063
103,69435,0.06
103,69436,0.075
103,69437,0.108
103,69438,0.075
103,69439,0.087
103,69440,0.066
103,69441,0.108
103,69442,0.12299999999999998
103,69443,0.126
103,69444,0.12
103,69445,0.045
103,69446,0.126
103,69447,0.141
103,69448,0.021
103,69501,0.027
103,69502,0.027
103,69503,0.024
103,69504,0.03
103,69505,0.024
103,69506,0.027
103,69507,0.027
103,69508,0.021
103,69509,0.027
103,69510,0.027
103,69511,0.021
103,69512,0.027
103,69513,0.027
103,69514,0.021
103,69515,0.03
103,69516,0.03
103,69517,0.087
103,69518,0.075
103,69519,0.051000000000000004
103,69520,0.063
103,69521,0.039
103,69522,0.072
103,69523,0.042
103,69524,0.042
103,69525,0.09
103,69526,0.066
103,69527,0.072
103,69528,0.17099999999999999
103,69529,0.17099999999999999
103,69530,0.084
103,69531,0.069
103,69532,0.084
103,69533,0.081
103,69534,0.072
103,69535,0.084
103,69536,0.06
103,69537,0.078
103,69538,0.042
103,69539,0.066
103,69540,0.063
103,69541,0.06
103,69542,0.063
103,69543,0.072
103,69544,0.087
103,69545,0.084
103,69546,0.222
103,69547,0.093
103,69548,0.06
103,69601,0.048
103,69602,0.03
103,69603,0.024
103,69604,0.03
103,69605,0.039
103,69606,0.063
103,69607,0.042
103,69608,0.036
103,69609,0.027
103,69610,0.03
103,69611,0.054
103,69612,0.045
103,69613,0.054
103,69614,0.045
103,69615,0.024
103,69616,0.021
103,69617,0.048
103,69618,0.042
103,69619,0.066
103,69620,0.084
103,69621,0.06
103,69622,0.03
103,69623,0.03
103,69624,0.033
103,69625,0.051000000000000004
103,69626,0.039
103,69627,0.072
103,69628,0.072
103,69629,0.056999999999999995
103,69630,0.069
103,69631,0.096
103,69632,0.063
103,69633,0.069
103,69634,0.147
103,69635,0.126
103,69636,0.23099999999999998
103,69637,0.11699999999999999
103,69638,0.09
103,69639,0.099
103,69640,0.099
103,69641,0.075
103,69642,0.078
103,69643,0.075
103,69644,0.069
103,69645,0.192
103,69646,0.10200000000000001
103,69647,0.033
103,69648,0.027
103,69701,0.03
103,69702,0.03
103,69703,0.027
103,69704,0.033
103,69705,0.027
103,69706,0.03
103,69707,0.03
103,69708,0.024
103,69709,0.03
103,69710,0.027
103,69711,0.056999999999999995
103,69712,0.045
103,69713,0.084
103,69714,0.078
103,69715,0.066
103,69716,0.042
103,69717,0.099
103,69718,0.075
103,69719,0.045
103,69720,0.027
103,69721,0.027
103,69722,0.024
103,69723,0.027
103,69724,0.024
103,69725,0.042
103,69726,0.042
103,69727,0.027
103,69728,0.03
103,69729,0.021
103,69730,0.03
103,69731,0.027
103,69732,0.024
103,69733,0.027
103,69734,0.054
103,69735,0.066
103,69736,0.063
103,69737,0.078
103,69738,0.072
103,69739,0.081
103,69740,0.06
103,69741,0.06
103,69742,0.09
103,69743,0.081
103,69744,0.066
103,69745,0.141
103,69746,0.132
103,69747,0.033
103,69748,0.036
103,69801,0.063
103,69802,0.042
103,69803,0.042
103,69804,0.027
103,69805,0.03
103,69806,0.027
103,69807,0.027
103,69808,0.03
103,69809,0.027
103,69810,0.066
103,69811,0.045
103,69812,0.054
103,69813,0.081
103,69814,0.056999999999999995
103,69815,0.06
103,69816,0.033
103,69817,0.03
103,69818,0.051000000000000004
103,69819,0.03
103,69820,0.081
103,69821,0.33899999999999997
103,69822,0.294
103,69823,0.534
103,69824,0.6
103,69825,0.606
103,69826,0.606
103,69827,0.636
103,69828,0.6209999999999999
103,69829,0.576
103,69830,0.153
103,69831,0.072
103,69832,0.072
103,69833,0.036
103,69834,0.03
103,69835,0.03
103,69836,0.027
103,69837,0.036
103,69838,0.048
103,69839,0.036
103,69840,0.11699999999999999
103,69841,0.10200000000000001
103,69842,0.105
103,69843,0.093
103,69844,0.075
103,69845,0.042
103,69846,0.147
103,69847,0.096
103,69848,0.033
103,69901,0.03
103,69902,0.033
103,69903,0.027
103,69904,0.033
103,69905,0.03
103,69906,0.069
103,69907,0.045
103,69908,0.042
103,69909,0.027
103,69910,0.033
103,69911,0.027
103,69912,0.045
103,69913,0.069
103,69914,0.063
103,69915,0.078
103,69916,0.03
103,69917,0.024
103,69918,0.027
103,69919,0.024
103,69920,0.063
103,69921,0.087
103,69922,0.036
103,69923,0.027
103,69924,0.024
103,69925,0.03
103,69926,0.03
103,69927,0.027
103,69928,0.045
103,69929,0.03
103,69930,0.027
103,69931,0.243
103,69932,0.483
103,69933,0.6209999999999999
103,69934,0.606
103,69935,0.618
103,69936,0.6449999999999999
103,69937,0.6209999999999999
103,69938,0.6089999999999999
103,69939,0.6089999999999999
103,69940,0.723
103,69941,0.6329999999999999
103,69942,0.516
103,69943,0.34199999999999997
103,69944,0.219
103,69945,0.198
103,69946,0.081
103,69947,0.036
103,69948,0.039
103,70001,0.033
103,70002,0.039
103,70003,0.039
103,70004,0.033
103,70005,0.039
103,70006,0.033
103,70007,0.039
103,70008,0.036
103,70009,0.033
103,70010,0.039
103,70011,0.056999999999999995
103,70012,0.066
103,70013,0.10200000000000001
103,70014,0.078
103,70015,0.06
103,70016,0.033
103,70017,0.093
103,70018,0.056999999999999995
103,70019,0.051000000000000004
103,70020,0.042
103,70021,0.021
103,70022,0.018
103,70023,0.024
103,70024,0.018
103,70025,0.021
103,70026,0.024
103,70027,0.042
103,70028,0.024
103,70029,0.06
103,70030,0.036
103,70031,0.048
103,70032,0.087
103,70033,0.033
103,70034,0.024
103,70035,0.066
103,70036,0.177
103,70037,0.105
103,70038,0.081
103,70039,0.11699999999999999
103,70040,0.126
103,70041,0.096
103,70042,0.10200000000000001
103,70043,0.087
103,70044,0.087
103,70045,0.069
103,70046,0.12
103,70047,0.135
103,70048,0.024
103,70101,0.021
103,70102,0.024
103,70103,0.024
103,70104,0.018
103,70105,0.024
103,70106,0.024
103,70107,0.021
103,70108,0.024
103,70109,0.024
103,70110,0.018
103,70111,0.024
103,70112,0.051000000000000004
103,70113,0.063
103,70114,0.072
103,70115,0.063
103,70116,0.036
103,70117,0.108
103,70118,0.069
103,70119,0.045
103,70120,0.021
103,70121,0.021
103,70122,0.018
103,70123,0.021
103,70124,0.021
103,70125,0.018
103,70126,0.024
103,70127,0.021
103,70128,0.042
103,70129,0.027
103,70130,0.03
103,70131,0.042
103,70132,0.051000000000000004
103,70133,0.048
103,70134,0.039
103,70135,0.024
103,70136,0.033
103,70137,0.024
103,70138,0.056999999999999995
103,70139,0.093
103,70140,0.084
103,70141,0.10200000000000001
103,70142,0.10200000000000001
103,70143,0.099
103,70144,0.066
103,70145,0.039
103,70146,0.22499999999999998
103,70147,0.042
103,70148,0.03
103,70201,0.024
103,70202,0.03
103,70203,0.03
103,70204,0.024
103,70205,0.033
103,70206,0.03
103,70207,0.027
103,70208,0.03
103,70209,0.027
103,70210,0.069
103,70211,0.042
103,70212,0.09
103,70213,0.045
103,70214,0.033
103,70215,0.039
103,70216,0.081
103,70217,0.021
103,70218,0.036
103,70219,0.042
103,70220,0.045
103,70221,0.06
103,70222,0.045
103,70223,0.021
103,70224,0.024
103,70225,0.036
103,70226,0.081
103,70227,0.084
103,70228,0.084
103,70229,0.066
103,70230,0.027
103,70231,0.03
103,70232,0.039
103,70233,0.033
103,70234,0.056999999999999995
103,70235,0.153
103,70236,0.051000000000000004
103,70237,0.051000000000000004
103,70238,0.042
103,70239,0.042
103,70240,0.066
103,70241,0.051000000000000004
103,70242,0.081
103,70243,0.087
103,70244,0.084
103,70245,0.09
103,70246,0.156
103,70247,0.174
103,70248,0.06
103,70301,0.054
103,70302,0.054
103,70303,0.056999999999999995
103,70304,0.027
103,70305,0.03
103,70306,0.024
103,70307,0.03
103,70308,0.03
103,70309,0.024
103,70310,0.056999999999999995
103,70311,0.045
103,70312,0.066
103,70313,0.056999999999999995
103,70314,0.054
103,70315,0.018
103,70316,0.024
103,70317,0.027
103,70318,0.033
103,70319,0.027
103,70320,0.018
103,70321,0.021
103,70322,0.021
103,70323,0.018
103,70324,0.024
103,70325,0.024
103,70326,0.03
103,70327,0.09
103,70328,0.087
103,70329,0.069
103,70330,0.078
103,70331,0.063
103,70332,0.069
103,70333,0.084
103,70334,0.15
103,70335,0.138
103,70336,0.096
103,70337,0.24599999999999997
103,70338,0.06
103,70339,0.087
103,70340,0.099
103,70341,0.11699999999999999
103,70342,0.069
103,70343,0.042
103,70344,0.039
103,70345,0.03
103,70346,0.165
103,70347,0.108
103,70348,0.024
103,70401,0.03
103,70402,0.03
103,70403,0.024
103,70404,0.03
103,70405,0.03
103,70406,0.024
103,70407,0.03
103,70408,0.03
103,70409,0.024
103,70410,0.048
103,70411,0.054
103,70412,0.051000000000000004
103,70413,0.06
103,70414,0.105
103,70415,0.06
103,70416,0.033
103,70417,0.072
103,70418,0.042
103,70419,0.036
103,70420,0.018
103,70421,0.03
103,70422,0.069
103,70423,0.069
103,70424,0.06
103,70425,0.084
103,70426,0.069
103,70427,0.132
103,70428,0.048
103,70429,0.027
103,70430,0.021
103,70431,0.018
103,70432,0.045
103,70433,0.063
103,70434,0.063
103,70435,0.056999999999999995
103,70436,0.216
103,70437,0.054
103,70438,0.075
103,70439,0.063
103,70440,0.045
103,70441,0.066
103,70442,0.084
103,70443,0.099
103,70444,0.063
103,70445,0.036
103,70446,0.243
103,70447,0.027
103,70448,0.03
103,70501,0.027
103,70502,0.027
103,70503,0.03
103,70504,0.027
103,70505,0.03
103,70506,0.03
103,70507,0.027
103,70508,0.03
103,70509,0.033
103,70510,0.063
103,70511,0.045
103,70512,0.072
103,70513,0.069
103,70514,0.087
103,70515,0.066
103,70516,0.045
103,70517,0.051000000000000004
103,70518,0.033
103,70519,0.075
103,70520,0.027
103,70521,0.063
103,70522,0.056999999999999995
103,70523,0.039
103,70524,0.036
103,70525,0.033
103,70526,0.051000000000000004
103,70527,0.056999999999999995
103,70528,0.054
103,70529,0.054
103,70530,0.056999999999999995
103,70531,0.039
103,70532,0.024
103,70533,0.021
103,70534,0.018
103,70535,0.03
103,70536,0.054
103,70537,0.033
103,70538,0.066
103,70539,0.084
103,70540,0.069
103,70541,0.138
103,70542,0.11399999999999999
103,70543,0.10200000000000001
103,70544,0.066
103,70545,0.027
103,70546,0.056999999999999995
103,70547,0.216
103,70548,0.027
103,70601,0.027
103,70602,0.024
103,70603,0.03
103,70604,0.024
103,70605,0.024
103,70606,0.024
103,70607,0.021
103,70608,0.027
103,70609,0.024
103,70610,0.018
103,70611,0.027
103,70612,0.033
103,70613,0.063
103,70614,0.087
103,70615,0.042
103,70616,0.036
103,70617,0.087
103,70618,0.075
103,70619,0.024
103,70620,0.021
103,70621,0.018
103,70622,0.021
103,70623,0.024
103,70624,0.018
103,70625,0.021
103,70626,0.024
103,70627,0.018
103,70628,0.03
103,70629,0.024
103,70630,0.021
103,70631,0.039
103,70632,0.033
103,70633,0.051000000000000004
103,70634,0.051000000000000004
103,70635,0.054
103,70636,0.027
103,70637,0.024
103,70638,0.06
103,70639,0.036
103,70640,0.048
103,70641,0.084
103,70642,0.063
103,70643,0.054
103,70644,0.042
103,70645,0.06
103,70646,0.048
103,70647,0.042
103,70648,0.048
103,70701,0.051000000000000004
103,70702,0.045
103,70703,0.03
103,70704,0.024
103,70705,0.027
103,70706,0.03
103,70707,0.021
103,70708,0.03
103,70709,0.03
103,70710,0.021
103,70711,0.027
103,70712,0.027
103,70713,0.06
103,70714,0.072
103,70715,0.069
103,70716,0.033
103,70717,0.036
103,70718,0.072
103,70719,0.054
103,70720,0.021
103,70721,0.018
103,70722,0.024
103,70723,0.021
103,70724,0.018
103,70725,0.024
103,70726,0.021
103,70727,0.021
103,70728,0.027
103,70729,0.018
103,70730,0.024
103,70731,0.027
103,70732,0.027
103,70733,0.048
103,70734,0.072
103,70735,0.069
103,70736,0.108
103,70737,0.054
103,70738,0.072
103,70739,0.10200000000000001
103,70740,0.108
103,70741,0.11699999999999999
103,70742,0.132
103,70743,0.11399999999999999
103,70744,0.084
103,70745,0.24599999999999997
103,70746,0.042
103,70747,0.024
103,70748,0.03
103,70801,0.027
103,70802,0.024
103,70803,0.03
103,70804,0.027
103,70805,0.027
103,70806,0.027
103,70807,0.024
103,70808,0.027
103,70809,0.027
103,70810,0.024
103,70811,0.066
103,70812,0.048
103,70813,0.033
103,70814,0.033
103,70815,0.039
103,70816,0.06
103,70817,0.072
103,70818,0.056999999999999995
103,70819,0.036
103,70820,0.024
103,70821,0.024
103,70822,0.033
103,70823,0.036
103,70824,0.051000000000000004
103,70825,0.03
103,70826,0.063
103,70827,0.036
103,70828,0.036
103,70829,0.027
103,70830,0.033
103,70831,0.056999999999999995
103,70832,0.042
103,70833,0.056999999999999995
103,70834,0.06
103,70835,0.072
103,70836,0.03
103,70837,0.021
103,70838,0.027
103,70839,0.024
103,70840,0.036
103,70841,0.045
103,70842,0.069
103,70843,0.069
103,70844,0.093
103,70845,0.10200000000000001
103,70846,0.168
103,70847,0.15
103,70848,0.039
103,70901,0.042
103,70902,0.069
103,70903,0.045
103,70904,0.03
103,70905,0.033
103,70906,0.03
103,70907,0.03
103,70908,0.033
103,70909,0.069
103,70910,0.072
103,70911,0.056999999999999995
103,70912,0.051000000000000004
103,70913,0.051000000000000004
103,70914,0.03
103,70915,0.03
103,70916,0.045
103,70917,0.084
103,70918,0.03
103,70919,0.033
103,70920,0.063
103,70921,0.033
103,70922,0.024
103,70923,0.072
103,70924,0.06
103,70925,0.10200000000000001
103,70926,0.099
103,70927,0.132
103,70928,0.108
103,70929,0.069
103,70930,0.066
103,70931,0.099
103,70932,0.11399999999999999
103,70933,0.045
103,70934,0.072
103,70935,0.056999999999999995
103,70936,0.054
103,70937,0.078
103,70938,0.105
103,70939,0.072
103,70940,0.12
103,70941,0.141
103,70942,0.15
103,70943,0.105
103,70944,0.06
103,70945,0.051000000000000004
103,70946,0.051000000000000004
103,70947,0.243
103,70948,0.045
103,71001,0.042
103,71002,0.033
103,71003,0.027
103,71004,0.03
103,71005,0.03
103,71006,0.03
103,71007,0.033
103,71008,0.024
103,71009,0.033
103,71010,0.042
103,71011,0.051000000000000004
103,71012,0.054
103,71013,0.039
103,71014,0.045
103,71015,0.033
103,71016,0.042
103,71017,0.153
103,71018,0.135
103,71019,0.042
103,71020,0.051000000000000004
103,71021,0.048
103,71022,0.084
103,71023,0.066
103,71024,0.042
103,71025,0.033
103,71026,0.054
103,71027,0.03
103,71028,0.06
103,71029,0.255
103,71030,0.056999999999999995
103,71031,0.072
103,71032,0.081
103,71033,0.111
103,71034,0.093
103,71035,0.144
103,71036,0.084
103,71037,0.096
103,71038,0.054
103,71039,0.048
103,71040,0.078
103,71041,0.09
103,71042,0.09
103,71043,0.096
103,71044,0.081
103,71045,0.207
103,71046,0.069
103,71047,0.033
103,71048,0.027
103,71101,0.03
103,71102,0.027
103,71103,0.027
103,71104,0.03
103,71105,0.024
103,71106,0.027
103,71107,0.03
103,71108,0.024
103,71109,0.03
103,71110,0.024
103,71111,0.027
103,71112,0.063
103,71113,0.186
103,71114,0.093
103,71115,0.027
103,71116,0.021
103,71117,0.036
103,71118,0.036
103,71119,0.048
103,71120,0.024
103,71121,0.018
103,71122,0.084
103,71123,0.06
103,71124,0.056999999999999995
103,71125,0.054
103,71126,0.078
103,71127,0.072
103,71128,0.084
103,71129,0.072
103,71130,0.069
103,71131,0.056999999999999995
103,71132,0.063
103,71133,0.056999999999999995
103,71134,0.066
103,71135,0.042
103,71136,0.033
103,71137,0.063
103,71138,0.042
103,71139,0.084
103,71140,0.063
103,71141,0.039
103,71142,0.051000000000000004
103,71143,0.078
103,71144,0.069
103,71145,0.138
103,71146,0.144
103,71147,0.042
103,71148,0.039
103,71201,0.036
103,71202,0.042
103,71203,0.036
103,71204,0.039
103,71205,0.039
103,71206,0.033
103,71207,0.039
103,71208,0.036
103,71209,0.033
103,71210,0.036
103,71211,0.072
103,71212,0.066
103,71213,0.108
103,71214,0.087
103,71215,0.072
103,71216,0.036
103,71217,0.11399999999999999
103,71218,0.087
103,71219,0.036
103,71220,0.018
103,71221,0.024
103,71222,0.018
103,71223,0.021
103,71224,0.021
103,71225,0.018
103,71226,0.045
103,71227,0.033
103,71228,0.018
103,71229,0.027
103,71230,0.018
103,71231,0.024
103,71232,0.054
103,71233,0.051000000000000004
103,71234,0.051000000000000004
103,71235,0.051000000000000004
103,71236,0.045
103,71237,0.03
103,71238,0.036
103,71239,0.024
103,71240,0.051000000000000004
103,71241,0.09
103,71242,0.081
103,71243,0.096
103,71244,0.084
103,71245,0.201
103,71246,0.09
103,71247,0.03
103,71248,0.03
103,71301,0.027
103,71302,0.03
103,71303,0.024
103,71304,0.03
103,71305,0.03
103,71306,0.024
103,71307,0.027
103,71308,0.027
103,71309,0.024
103,71310,0.03
103,71311,0.051000000000000004
103,71312,0.048
103,71313,0.087
103,71314,0.099
103,71315,0.078
103,71316,0.054
103,71317,0.039
103,71318,0.036
103,71319,0.03
103,71320,0.03
103,71321,0.03
103,71322,0.03
103,71323,0.021
103,71324,0.021
103,71325,0.021
103,71326,0.018
103,71327,0.048
103,71328,0.021
103,71329,0.021
103,71330,0.03
103,71331,0.018
103,71332,0.024
103,71333,0.024
103,71334,0.018
103,71335,0.027
103,71336,0.081
103,71337,0.063
103,71338,0.09
103,71339,0.087
103,71340,0.10200000000000001
103,71341,0.081
103,71342,0.075
103,71343,0.075
103,71344,0.078
103,71345,0.056999999999999995
103,71346,0.138
103,71347,0.156
103,71348,0.048
103,71401,0.042
103,71402,0.045
103,71403,0.045
103,71404,0.036
103,71405,0.03
103,71406,0.03
103,71407,0.024
103,71408,0.03
103,71409,0.03
103,71410,0.051000000000000004
103,71411,0.045
103,71412,0.045
103,71413,0.087
103,71414,0.108
103,71415,0.084
103,71416,0.048
103,71417,0.078
103,71418,0.063
103,71419,0.024
103,71420,0.018
103,71421,0.024
103,71422,0.021
103,71423,0.018
103,71424,0.024
103,71425,0.018
103,71426,0.024
103,71427,0.024
103,71428,0.018
103,71429,0.027
103,71430,0.036
103,71431,0.054
103,71432,0.056999999999999995
103,71433,0.063
103,71434,0.03
103,71435,0.024
103,71436,0.237
103,71437,0.066
103,71438,0.042
103,71439,0.105
103,71440,0.081
103,71441,0.066
103,71442,0.093
103,71443,0.144
103,71444,0.111
103,71445,0.036
103,71446,0.15
103,71447,0.11699999999999999
103,71448,0.027
103,71501,0.03
103,71502,0.024
103,71503,0.03
103,71504,0.027
103,71505,0.024
103,71506,0.027
103,71507,0.024
103,71508,0.024
103,71509,0.024
103,71510,0.021
103,71511,0.027
103,71512,0.033
103,71513,0.06
103,71514,0.069
103,71515,0.051000000000000004
103,71516,0.03
103,71517,0.033
103,71518,0.036
103,71519,0.054
103,71520,0.048
103,71521,0.051000000000000004
103,71522,0.051000000000000004
103,71523,0.021
103,71524,0.021
103,71525,0.021
103,71526,0.018
103,71527,0.021
103,71528,0.024
103,71529,0.024
103,71530,0.03
103,71531,0.024
103,71532,0.021
103,71533,0.024
103,71534,0.018
103,71535,0.024
103,71536,0.036
103,71537,0.027
103,71538,0.033
103,71539,0.048
103,71540,0.063
103,71541,0.075
103,71542,0.135
103,71543,0.129
103,71544,0.06
103,71545,0.027
103,71546,0.03
103,71547,0.021
103,71548,0.03
103,71601,0.024
103,71602,0.027
103,71603,0.027
103,71604,0.021
103,71605,0.03
103,71606,0.027
103,71607,0.021
103,71608,0.027
103,71609,0.03
103,71610,0.066
103,71611,0.042
103,71612,0.036
103,71613,0.024
103,71614,0.024
103,71615,0.021
103,71616,0.021
103,71617,0.056999999999999995
103,71618,0.06
103,71619,0.036
103,71620,0.042
103,71621,0.06
103,71622,0.036
103,71623,0.033
103,71624,0.09
103,71625,0.042
103,71626,0.069
103,71627,0.087
103,71628,0.174
103,71629,0.051000000000000004
103,71630,0.075
103,71631,0.036
103,71632,0.10200000000000001
103,71633,0.024
103,71634,0.021
103,71635,0.162
103,71636,0.03
103,71637,0.042
103,71638,0.054
103,71639,0.048
103,71640,0.056999999999999995
103,71641,0.054
103,71642,0.054
103,71643,0.056999999999999995
103,71644,0.051000000000000004
103,71645,0.20400000000000001
103,71646,0.195
103,71647,0.056999999999999995
103,71648,0.054
103,71701,0.03
103,71702,0.027
103,71703,0.03
103,71704,0.027
103,71705,0.03
103,71706,0.03
103,71707,0.027
103,71708,0.03
103,71709,0.051000000000000004
103,71710,0.051000000000000004
103,71711,0.033
103,71712,0.042
103,71713,0.033
103,71714,0.024
103,71715,0.021
103,71716,0.027
103,71717,0.027
103,71718,0.033
103,71719,0.03
103,71720,0.045
103,71721,0.048
103,71722,0.06
103,71723,0.042
103,71724,0.078
103,71725,0.09
103,71726,0.045
103,71727,0.036
103,71728,0.039
103,71729,0.051000000000000004
103,71730,0.042
103,71731,0.039
103,71732,0.036
103,71733,0.048
103,71734,0.045
103,71735,0.045
103,71736,0.048
103,71737,0.06
103,71738,0.144
103,71739,0.096
103,71740,0.12
103,71741,0.099
103,71742,0.108
103,71743,0.099
103,71744,0.042
103,71745,0.056999999999999995
103,71746,0.24899999999999997
103,71747,0.048
103,71748,0.03
103,71801,0.03
103,71802,0.03
103,71803,0.027
103,71804,0.03
103,71805,0.027
103,71806,0.03
103,71807,0.03
103,71808,0.027
103,71809,0.03
103,71810,0.06
103,71811,0.042
103,71812,0.072
103,71813,0.165
103,71814,0.066
103,71815,0.063
103,71816,0.027
103,71817,0.036
103,71818,0.027
103,71819,0.036
103,71820,0.03
103,71821,0.027
103,71822,0.056999999999999995
103,71823,0.033
103,71824,0.039
103,71825,0.051000000000000004
103,71826,0.066
103,71827,0.051000000000000004
103,71828,0.021
103,71829,0.021
103,71830,0.024
103,71831,0.018
103,71832,0.024
103,71833,0.027
103,71834,0.056999999999999995
103,71835,0.066
103,71836,0.135
103,71837,0.084
103,71838,0.111
103,71839,0.12
103,71840,0.108
103,71841,0.12299999999999998
103,71842,0.12
103,71843,0.078
103,71844,0.051000000000000004
103,71845,0.03
103,71846,0.20400000000000001
103,71847,0.051000000000000004
103,71848,0.027
103,71901,0.03
103,71902,0.024
103,71903,0.03
103,71904,0.03
103,71905,0.024
103,71906,0.03
103,71907,0.027
103,71908,0.027
103,71909,0.03
103,71910,0.06
103,71911,0.045
103,71912,0.06
103,71913,0.099
103,71914,0.105
103,71915,0.036
103,71916,0.027
103,71917,0.033
103,71918,0.03
103,71919,0.033
103,71920,0.03
103,71921,0.024
103,71922,0.056999999999999995
103,71923,0.042
103,71924,0.036
103,71925,0.056999999999999995
103,71926,0.084
103,71927,0.072
103,71928,0.063
103,71929,0.042
103,71930,0.042
103,71931,0.06
103,71932,0.054
103,71933,0.042
103,71934,0.042
103,71935,0.056999999999999995
103,71936,0.039
103,71937,0.036
103,71938,0.024
103,71939,0.027
103,71940,0.048
103,71941,0.111
103,71942,0.11399999999999999
103,71943,0.11699999999999999
103,71944,0.066
103,71945,0.036
103,71946,0.186
103,71947,0.066
103,71948,0.03
103,72001,0.024
103,72002,0.03
103,72003,0.027
103,72004,0.027
103,72005,0.027
103,72006,0.027
103,72007,0.03
103,72008,0.03
103,72009,0.027
103,72010,0.054
103,72011,0.039
103,72012,0.054
103,72013,0.081
103,72014,0.108
103,72015,0.072
103,72016,0.042
103,72017,0.054
103,72018,0.048
103,72019,0.033
103,72020,0.036
103,72021,0.054
103,72022,0.021
103,72023,0.024
103,72024,0.021
103,72025,0.033
103,72026,0.039
103,72027,0.021
103,72028,0.03
103,72029,0.069
103,72030,0.096
103,72031,0.027
103,72032,0.099
103,72033,0.069
103,72034,0.12299999999999998
103,72035,0.12
103,72036,0.069
103,72037,0.039
103,72038,0.03
103,72039,0.051000000000000004
103,72040,0.066
103,72041,0.081
103,72042,0.126
103,72043,0.111
103,72044,0.111
103,72045,0.066
103,72046,0.084
103,72047,0.222
103,72048,0.045
103,72101,0.036
103,72102,0.033
103,72103,0.039
103,72104,0.036
103,72105,0.03
103,72106,0.039
103,72107,0.033
103,72108,0.036
103,72109,0.036
103,72110,0.03
103,72111,0.036
103,72112,0.033
103,72113,0.063
103,72114,0.066
103,72115,0.056999999999999995
103,72116,0.027
103,72117,0.027
103,72118,0.03
103,72119,0.033
103,72120,0.045
103,72121,0.081
103,72122,0.06
103,72123,0.051000000000000004
103,72124,0.039
103,72125,0.036
103,72126,0.042
103,72127,0.056999999999999995
103,72128,0.018
103,72129,0.024
103,72130,0.021
103,72131,0.021
103,72132,0.024
103,72133,0.075
103,72134,0.138
103,72135,0.056999999999999995
103,72136,0.018
103,72137,0.042
103,72138,0.06
103,72139,0.093
103,72140,0.12299999999999998
103,72141,0.138
103,72142,0.108
103,72143,0.12299999999999998
103,72144,0.066
103,72145,0.03
103,72146,0.027
103,72147,0.033
103,72148,0.024
103,72201,0.03
103,72202,0.027
103,72203,0.027
103,72204,0.03
103,72205,0.027
103,72206,0.03
103,72207,0.027
103,72208,0.027
103,72209,0.033
103,72210,0.056999999999999995
103,72211,0.039
103,72212,0.056999999999999995
103,72213,0.069
103,72214,0.066
103,72215,0.063
103,72216,0.054
103,72217,0.03
103,72218,0.021
103,72219,0.039
103,72220,0.039
103,72221,0.069
103,72222,0.039
103,72223,0.063
103,72224,0.042
103,72225,0.056999999999999995
103,72226,0.036
103,72227,0.036
103,72228,0.024
103,72229,0.021
103,72230,0.027
103,72231,0.084
103,72232,0.051000000000000004
103,72233,0.056999999999999995
103,72234,0.054
103,72235,0.075
103,72236,0.12
103,72237,0.066
103,72238,0.153
103,72239,0.081
103,72240,0.093
103,72241,0.111
103,72242,0.12299999999999998
103,72243,0.078
103,72244,0.054
103,72245,0.066
103,72246,0.24599999999999997
103,72247,0.042
103,72248,0.039
103,72301,0.027
103,72302,0.033
103,72303,0.024
103,72304,0.027
103,72305,0.027
103,72306,0.027
103,72307,0.027
103,72308,0.024
103,72309,0.027
103,72310,0.027
103,72311,0.03
103,72312,0.03
103,72313,0.056999999999999995
103,72314,0.096
103,72315,0.078
103,72316,0.036
103,72317,0.10200000000000001
103,72318,0.108
103,72319,0.027
103,72320,0.06
103,72321,0.051000000000000004
103,72322,0.054
103,72323,0.027
103,72324,0.024
103,72325,0.111
103,72326,0.084
103,72327,0.159
103,72328,0.051000000000000004
103,72329,0.069
103,72330,0.108
103,72331,0.063
103,72332,0.042
103,72333,0.033
103,72334,0.03
103,72335,0.021
103,72336,0.036
103,72337,0.069
103,72338,0.063
103,72339,0.051000000000000004
103,72340,0.081
103,72341,0.099
103,72342,0.144
103,72343,0.105
103,72344,0.078
103,72345,0.291
103,72346,0.099
103,72347,0.087
103,72348,0.084
103,72401,0.081
103,72402,0.042
103,72403,0.03
103,72404,0.03
103,72405,0.027
103,72406,0.03
103,72407,0.027
103,72408,0.027
103,72409,0.069
103,72410,0.042
103,72411,0.06
103,72412,0.039
103,72413,0.027
103,72414,0.054
103,72415,0.063
103,72416,0.081
103,72417,0.093
103,72418,0.072
103,72419,0.036
103,72420,0.027
103,72421,0.021
103,72422,0.027
103,72423,0.024
103,72424,0.021
103,72425,0.024
103,72426,0.021
103,72427,0.024
103,72428,0.021
103,72429,0.021
103,72430,0.039
103,72431,0.048
103,72432,0.036
103,72433,0.03
103,72434,0.018
103,72435,0.024
103,72436,0.021
103,72437,0.024
103,72438,0.024
103,72439,0.03
103,72440,0.036
103,72441,0.03
103,72442,0.036
103,72443,0.036
103,72444,0.03
103,72445,0.036
103,72446,0.027
103,72447,0.03
103,72448,0.024
103,72501,0.018
103,72502,0.027
103,72503,0.021
103,72504,0.021
103,72505,0.024
103,72506,0.021
103,72507,0.024
103,72508,0.021
103,72509,0.021
103,72510,0.024
103,72511,0.018
103,72512,0.024
103,72513,0.024
103,72514,0.018
103,72515,0.024
103,72516,0.021
103,72517,0.021
103,72518,0.024
103,72519,0.018
103,72520,0.024
103,72521,0.024
103,72522,0.018
103,72523,0.024
103,72524,0.021
103,72525,0.021
103,72526,0.024
103,72527,0.018
103,72528,0.024
103,72529,0.021
103,72530,0.021
103,72531,0.024
103,72532,0.018
103,72533,0.024
103,72534,0.024
103,72535,0.021
103,72536,0.024
103,72537,0.018
103,72538,0.024
103,72539,0.036
103,72540,0.03
103,72541,0.036
103,72542,0.051000000000000004
103,72543,0.06
103,72544,0.048
103,72545,0.045
103,72546,0.027
103,72547,0.03
103,72548,0.021
103,72601,0.024
103,72602,0.027
103,72603,0.021
103,72604,0.024
103,72605,0.021
103,72606,0.024
103,72607,0.024
103,72608,0.018
103,72609,0.027
103,72610,0.021
103,72611,0.021
103,72612,0.024
103,72613,0.018
103,72614,0.024
103,72615,0.024
103,72616,0.021
103,72617,0.024
103,72618,0.021
103,72619,0.021
103,72620,0.024
103,72621,0.018
103,72622,0.024
103,72623,0.024
103,72624,0.018
103,72625,0.024
103,72626,0.021
103,72627,0.021
103,72628,0.024
103,72629,0.018
103,72630,0.042
103,72631,0.096
103,72632,0.066
103,72633,0.069
103,72634,0.045
103,72635,0.087
103,72636,0.072
103,72637,0.078
103,72638,0.10200000000000001
103,72639,0.078
103,72640,0.135
103,72641,0.153
103,72642,0.153
103,72643,0.141
103,72644,0.099
103,72645,0.063
103,72646,0.165
103,72647,0.17099999999999999
103,72648,0.072
103,72701,0.063
103,72702,0.06
103,72703,0.063
103,72704,0.056999999999999995
103,72705,0.03
103,72706,0.03
103,72707,0.024
103,72708,0.033
103,72709,0.03
103,72710,0.054
103,72711,0.051000000000000004
103,72712,0.063
103,72713,0.129
103,72714,0.11399999999999999
103,72715,0.084
103,72716,0.036
103,72717,0.027
103,72718,0.036
103,72719,0.06
103,72720,0.099
103,72721,0.056999999999999995
103,72722,0.084
103,72723,0.039
103,72724,0.036
103,72725,0.039
103,72726,0.036
103,72727,0.06
103,72728,0.056999999999999995
103,72729,0.075
103,72730,0.027
103,72731,0.03
103,72732,0.03
103,72733,0.027
103,72734,0.033
103,72735,0.024
103,72736,0.12299999999999998
103,72737,0.23399999999999999
103,72738,0.12299999999999998
103,72739,0.09
103,72740,0.147
103,72741,0.105
103,72742,0.165
103,72743,0.174
103,72744,0.147
103,72745,0.078
103,72746,0.186
103,72747,0.135
103,72748,0.063
103,72801,0.072
103,72802,0.051000000000000004
103,72803,0.039
103,72804,0.036
103,72805,0.03
103,72806,0.03
103,72807,0.027
103,72808,0.03
103,72809,0.03
103,72810,0.048
103,72811,0.042
103,72812,0.051000000000000004
103,72813,0.051000000000000004
103,72814,0.075
103,72815,0.054
103,72816,0.03
103,72817,0.024
103,72818,0.06
103,72819,0.087
103,72820,0.081
103,72821,0.051000000000000004
103,72822,0.027
103,72823,0.018
103,72824,0.024
103,72825,0.021
103,72826,0.021
103,72827,0.024
103,72828,0.024
103,72829,0.099
103,72830,0.105
103,72831,0.099
103,72832,0.084
103,72833,0.06
103,72834,0.056999999999999995
103,72835,0.054
103,72836,0.081
103,72837,0.165
103,72838,0.056999999999999995
103,72839,0.081
103,72840,0.11699999999999999
103,72841,0.17099999999999999
103,72842,0.144
103,72843,0.153
103,72844,0.129
103,72845,0.10200000000000001
103,72846,0.267
103,72847,0.099
103,72848,0.072
103,72901,0.039
103,72902,0.042
103,72903,0.039
103,72904,0.036
103,72905,0.039
103,72906,0.036
103,72907,0.039
103,72908,0.039
103,72909,0.033
103,72910,0.072
103,72911,0.054
103,72912,0.045
103,72913,0.036
103,72914,0.024
103,72915,0.03
103,72916,0.042
103,72917,0.066
103,72918,0.066
103,72919,0.078
103,72920,0.105
103,72921,0.054
103,72922,0.084
103,72923,0.075
103,72924,0.129
103,72925,0.051000000000000004
103,72926,0.069
103,72927,0.033
103,72928,0.042
103,72929,0.039
103,72930,0.054
103,72931,0.056999999999999995
103,72932,0.063
103,72933,0.066
103,72934,0.036
103,72935,0.036
103,72936,0.039
103,72937,0.033
103,72938,0.051000000000000004
103,72939,0.051000000000000004
103,72940,0.066
103,72941,0.11699999999999999
103,72942,0.159
103,72943,0.168
103,72944,0.147
103,72945,0.279
103,72946,0.129
103,72947,0.066
103,72948,0.042
103,73001,0.039
103,73002,0.042
103,73003,0.039
103,73004,0.042
103,73005,0.036
103,73006,0.039
103,73007,0.039
103,73008,0.036
103,73009,0.039
103,73010,0.036
103,73011,0.17099999999999999
103,73012,0.063
103,73013,0.069
103,73014,0.056999999999999995
103,73015,0.021
103,73016,0.021
103,73017,0.033
103,73018,0.024
103,73019,0.039
103,73020,0.06
103,73021,0.045
103,73022,0.051000000000000004
103,73023,0.054
103,73024,0.033
103,73025,0.084
103,73026,0.039
103,73027,0.066
103,73028,0.056999999999999995
103,73029,0.066
103,73030,0.072
103,73031,0.093
103,73032,0.069
103,73033,0.06
103,73034,0.087
103,73035,0.09
103,73036,0.084
103,73037,0.192
103,73038,0.10200000000000001
103,73039,0.09
103,73040,0.066
103,73041,0.051000000000000004
103,73042,0.06
103,73043,0.054
103,73044,0.063
103,73045,0.297
103,73046,0.054
103,73047,0.078
103,73048,0.072
103,73101,0.108
103,73102,0.096
103,73103,0.084
103,73104,0.063
103,73105,0.072
103,73106,0.056999999999999995
103,73107,0.039
103,73108,0.036
103,73109,0.036
103,73110,0.039
103,73111,0.033
103,73112,0.042
103,73113,0.033
103,73114,0.033
103,73115,0.045
103,73116,0.12
103,73117,0.045
103,73118,0.069
103,73119,0.021
103,73120,0.024
103,73121,0.06
103,73122,0.216
103,73123,0.282
103,73124,0.162
103,73125,0.09
103,73126,0.144
103,73127,0.096
103,73128,0.066
103,73129,0.045
103,73130,0.021
103,73131,0.03
103,73132,0.105
103,73133,0.141
103,73134,0.147
103,73135,0.081
103,73136,0.048
103,73137,0.045
103,73138,0.054
103,73139,0.12
103,73140,0.09
103,73141,0.126
103,73142,0.129
103,73143,0.168
103,73144,0.12299999999999998
103,73145,0.10200000000000001
103,73146,0.24
103,73147,0.144
103,73148,0.03
103,73201,0.03
103,73202,0.03
103,73203,0.033
103,73204,0.03
103,73205,0.03
103,73206,0.036
103,73207,0.027
103,73208,0.033
103,73209,0.03
103,73210,0.027
103,73211,0.03
103,73212,0.027
103,73213,0.033
103,73214,0.03
103,73215,0.024
103,73216,0.027
103,73217,0.024
103,73218,0.045
103,73219,0.069
103,73220,0.144
103,73221,0.138
103,73222,0.186
103,73223,0.138
103,73224,0.17099999999999999
103,73225,0.111
103,73226,0.039
103,73227,0.024
103,73228,0.024
103,73229,0.063
103,73230,0.075
103,73231,0.129
103,73232,0.078
103,73233,0.06
103,73234,0.039
103,73235,0.039
103,73236,0.036
103,73237,0.054
103,73238,0.081
103,73239,0.051000000000000004
103,73240,0.072
103,73241,0.11399999999999999
103,73242,0.11699999999999999
103,73243,0.12
103,73244,0.105
103,73245,0.252
103,73246,0.11399999999999999
103,73247,0.072
103,73248,0.075
103,73301,0.06
103,73302,0.048
103,73303,0.06
103,73304,0.036
103,73305,0.036
103,73306,0.033
103,73307,0.03
103,73308,0.03
103,73309,0.063
103,73310,0.048
103,73311,0.072
103,73312,0.045
103,73313,0.099
103,73314,0.075
103,73315,0.054
103,73316,0.03
103,73317,0.021
103,73318,0.024
103,73319,0.021
103,73320,0.033
103,73321,0.10200000000000001
103,73322,0.063
103,73323,0.033
103,73324,0.048
103,73325,0.066
103,73326,0.099
103,73327,0.033
103,73328,0.045
103,73329,0.063
103,73330,0.045
103,73331,0.045
103,73332,0.045
103,73333,0.042
103,73334,0.03
103,73335,0.03
103,73336,0.087
103,73337,0.099
103,73338,0.081
103,73339,0.111
103,73340,0.087
103,73341,0.10200000000000001
103,73342,0.099
103,73343,0.135
103,73344,0.141
103,73345,0.099
103,73346,0.282
103,73347,0.051000000000000004
103,73348,0.042
103,73401,0.036
103,73402,0.036
103,73403,0.039
103,73404,0.03
103,73405,0.042
103,73406,0.033
103,73407,0.033
103,73408,0.039
103,73409,0.03
103,73410,0.06
103,73411,0.051000000000000004
103,73412,0.051000000000000004
103,73413,0.081
103,73414,0.129
103,73415,0.23399999999999999
103,73416,0.042
103,73417,0.048
103,73418,0.09
103,73419,0.072
103,73420,0.075
103,73421,0.10200000000000001
103,73422,0.056999999999999995
103,73423,0.066
103,73424,0.09
103,73425,0.069
103,73426,0.069
103,73427,0.084
103,73428,0.111
103,73429,0.072
103,73430,0.336
103,73431,0.396
103,73432,0.40800000000000003
103,73433,0.23399999999999999
103,73434,0.093
103,73435,0.261
103,73436,0.588
103,73437,0.516
103,73438,0.57
103,73439,0.552
103,73440,0.519
103,73441,0.54
103,73442,0.564
103,73443,0.576
103,73444,0.594
103,73445,0.579
103,73446,0.138
103,73447,0.056999999999999995
103,73448,0.06
103,73501,0.056999999999999995
103,73502,0.063
103,73503,0.051000000000000004
103,73504,0.039
103,73505,0.039
103,73506,0.039
103,73507,0.036
103,73508,0.039
103,73509,0.033
103,73510,0.048
103,73511,0.069
103,73512,0.096
103,73513,0.11399999999999999
103,73514,0.093
103,73515,0.075
103,73516,0.051000000000000004
103,73517,0.033
103,73518,0.042
103,73519,0.069
103,73520,0.087
103,73521,0.081
103,73522,0.056999999999999995
103,73523,0.06
103,73524,0.06
103,73525,0.045
103,73526,0.033
103,73527,0.027
103,73528,0.03
103,73529,0.03
103,73530,0.056999999999999995
103,73531,0.06
103,73532,0.042
103,73533,0.033
103,73534,0.033
103,73535,0.081
103,73536,0.072
103,73537,0.15
103,73538,0.099
103,73539,0.108
103,73540,0.11699999999999999
103,73541,0.12299999999999998
103,73542,0.12
103,73543,0.12
103,73544,0.081
103,73545,0.042
103,73546,0.12299999999999998
103,73547,0.135
103,73548,0.036
103,73601,0.03
103,73602,0.036
103,73603,0.036
103,73604,0.03
103,73605,0.036
103,73606,0.03
103,73607,0.033
103,73608,0.036
103,73609,0.03
103,73610,0.051000000000000004
103,73611,0.054
103,73612,0.045
103,73613,0.09
103,73614,0.081
103,73615,0.081
103,73616,0.033
103,73617,0.039
103,73618,0.039
103,73619,0.027
103,73620,0.024
103,73621,0.027
103,73622,0.027
103,73623,0.03
103,73624,0.021
103,73625,0.018
103,73626,0.11699999999999999
103,73627,0.111
103,73628,0.198
103,73629,0.12299999999999998
103,73630,0.081
103,73631,0.06
103,73632,0.056999999999999995
103,73633,0.051000000000000004
103,73634,0.056999999999999995
103,73635,0.054
103,73636,0.09
103,73637,0.261
103,73638,0.10200000000000001
103,73639,0.066
103,73640,0.096
103,73641,0.108
103,73642,0.108
103,73643,0.108
103,73644,0.105
103,73645,0.054
103,73646,0.156
103,73647,0.126
103,73648,0.036
103,73701,0.039
103,73702,0.039
103,73703,0.036
103,73704,0.039
103,73705,0.036
103,73706,0.036
103,73707,0.03
103,73708,0.024
103,73709,0.03
103,73710,0.033
103,73711,0.024
103,73712,0.03
103,73713,0.027
103,73714,0.051000000000000004
103,73715,0.033
103,73716,0.021
103,73717,0.021
103,73718,0.054
103,73719,0.03
103,73720,0.054
103,73721,0.042
103,73722,0.075
103,73723,0.069
103,73724,0.063
103,73725,0.048
103,73726,0.10200000000000001
103,73727,0.042
103,73728,0.033
103,73729,0.03
103,73730,0.027
103,73731,0.036
103,73732,0.081
103,73733,0.03
103,73734,0.045
103,73735,0.069
103,73736,0.056999999999999995
103,73737,0.066
103,73738,0.066
103,73739,0.078
103,73740,0.051000000000000004
103,73741,0.066
103,73742,0.087
103,73743,0.084
103,73744,0.072
103,73745,0.22799999999999998
103,73746,0.132
103,73747,0.06
103,73748,0.042
103,73801,0.045
103,73802,0.042
103,73803,0.039
103,73804,0.039
103,73805,0.021
103,73806,0.027
103,73807,0.027
103,73808,0.021
103,73809,0.027
103,73810,0.024
103,73811,0.024
103,73812,0.027
103,73813,0.03
103,73814,0.03
103,73815,0.021
103,73816,0.078
103,73817,0.03
103,73818,0.027
103,73819,0.021
103,73820,0.024
103,73821,0.021
103,73822,0.03
103,73823,0.03
103,73824,0.021
103,73825,0.027
103,73826,0.045
103,73827,0.093
103,73828,0.06
103,73829,0.048
103,73830,0.096
103,73831,0.093
103,73832,0.087
103,73833,0.111
103,73834,0.09
103,73835,0.078
103,73836,0.162
103,73837,0.141
103,73838,0.084
103,73839,0.09
103,73840,0.108
103,73841,0.135
103,73842,0.141
103,73843,0.144
103,73844,0.078
103,73845,0.075
103,73846,0.183
103,73847,0.063
103,73848,0.042
103,73901,0.03
103,73902,0.042
103,73903,0.036
103,73904,0.033
103,73905,0.042
103,73906,0.03
103,73907,0.033
103,73908,0.036
103,73909,0.03
103,73910,0.036
103,73911,0.033
103,73912,0.054
103,73913,0.10200000000000001
103,73914,0.075
103,73915,0.087
103,73916,0.06
103,73917,0.045
103,73918,0.045
103,73919,0.048
103,73920,0.048
103,73921,0.084
103,73922,0.072
103,73923,0.069
103,73924,0.261
103,73925,0.207
103,73926,0.24599999999999997
103,73927,0.22499999999999998
103,73928,0.45899999999999996
103,73929,0.21
103,73930,0.222
103,73931,0.213
103,73932,0.243
103,73933,0.23399999999999999
103,73934,0.237
103,73935,0.23099999999999998
103,73936,0.336
103,73937,0.198
103,73938,0.24599999999999997
103,73939,0.261
103,73940,0.075
103,73941,0.081
103,73942,0.081
103,73943,0.12
103,73944,0.081
103,73945,0.033
103,73946,0.216
103,73947,0.03
103,73948,0.03
103,74001,0.036
103,74002,0.027
103,74003,0.03
103,74004,0.03
103,74005,0.027
103,74006,0.03
103,74007,0.027
103,74008,0.03
103,74009,0.03
103,74010,0.027
103,74011,0.03
103,74012,0.024
103,74013,0.069
103,74014,0.099
103,74015,0.03
103,74016,0.033
103,74017,0.021
103,74018,0.021
103,74019,0.027
103,74020,0.06
103,74021,0.051000000000000004
103,74022,0.039
103,74023,0.039
103,74024,0.054
103,74025,0.063
103,74026,0.081
103,74027,0.042
103,74028,0.099
103,74029,0.084
103,74030,0.036
103,74031,0.021
103,74032,0.027
103,74033,0.027
103,74034,0.027
103,74035,0.042
103,74036,0.078
103,74037,0.129
103,74038,0.084
103,74039,0.096
103,74040,0.099
103,74041,0.111
103,74042,0.111
103,74043,0.084
103,74044,0.066
103,74045,0.039
103,74046,0.11399999999999999
103,74047,0.138
103,74048,0.03
103,74101,0.027
103,74102,0.027
103,74103,0.027
103,74104,0.027
103,74105,0.027
103,74106,0.024
103,74107,0.027
103,74108,0.024
103,74109,0.027
103,74110,0.027
103,74111,0.024
103,74112,0.027
103,74113,0.06
103,74114,0.087
103,74115,0.072
103,74116,0.051000000000000004
103,74117,0.093
103,74118,0.056999999999999995
103,74119,0.036
103,74120,0.021
103,74121,0.024
103,74122,0.027
103,74123,0.021
103,74124,0.072
103,74125,0.06
103,74126,0.045
103,74127,0.045
103,74128,0.03
103,74129,0.036
103,74130,0.036
103,74131,0.03
103,74132,0.036
103,74133,0.042
103,74134,0.045
103,74135,0.056999999999999995
103,74136,0.186
103,74137,0.051000000000000004
103,74138,0.111
103,74139,0.084
103,74140,0.036
103,74141,0.051000000000000004
103,74142,0.045
103,74143,0.048
103,74144,0.072
103,74145,0.069
103,74146,0.066
103,74147,0.039
103,74148,0.024
103,74201,0.03
103,74202,0.024
103,74203,0.03
103,74204,0.027
103,74205,0.219
103,74206,0.03
103,74207,0.024
103,74208,0.027
103,74209,0.03
103,74210,0.021
103,74211,0.03
103,74212,0.024
103,74213,0.024
103,74214,0.048
103,74215,0.069
103,74216,0.03
103,74217,0.024
103,74218,0.03
103,74219,0.042
103,74220,0.054
103,74221,0.036
103,74222,0.027
103,74223,0.03
103,74224,0.048
103,74225,0.06
103,74226,0.036
103,74227,0.042
103,74228,0.081
103,74229,0.066
103,74230,0.069
103,74231,0.09
103,74232,0.069
103,74233,0.069
103,74234,0.056999999999999995
103,74235,0.063
103,74236,0.054
103,74237,0.054
103,74238,0.066
103,74239,0.096
103,74240,0.144
103,74241,0.10200000000000001
103,74242,0.11399999999999999
103,74243,0.111
103,74244,0.105
103,74245,0.048
103,74246,0.156
103,74247,0.096
103,74248,0.03
103,74301,0.024
103,74302,0.021
103,74303,0.03
103,74304,0.024
103,74305,0.027
103,74306,0.027
103,74307,0.024
103,74308,0.027
103,74309,0.024
103,74310,0.021
103,74311,0.027
103,74312,0.024
103,74313,0.054
103,74314,0.23399999999999999
103,74315,0.056999999999999995
103,74316,0.027
103,74317,0.03
103,74318,0.069
103,74319,0.045
103,74320,0.045
103,74321,0.036
103,74322,0.063
103,74323,0.048
103,74324,0.069
103,74325,0.066
103,74326,0.042
103,74327,0.03
103,74328,0.051000000000000004
103,74329,0.056999999999999995
103,74330,0.056999999999999995
103,74331,0.054
103,74332,0.06
103,74333,0.066
103,74334,0.069
103,74335,0.129
103,74336,0.06
103,74337,0.042
103,74338,0.039
103,74339,0.045
103,74340,0.045
103,74341,0.042
103,74342,0.045
103,74343,0.069
103,74344,0.072
103,74345,0.063
103,74346,0.159
103,74347,0.129
103,74348,0.033
103,74401,0.027
103,74402,0.03
103,74403,0.027
103,74404,0.03
103,74405,0.027
103,74406,0.027
103,74407,0.027
103,74408,0.021
103,74409,0.03
103,74410,0.027
103,74411,0.024
103,74412,0.027
103,74413,0.024
103,74414,0.039
103,74415,0.051000000000000004
103,74416,0.063
103,74417,0.081
103,74418,0.084
103,74419,0.039
103,74420,0.045
103,74421,0.018
103,74422,0.024
103,74423,0.024
103,74424,0.018
103,74425,0.024
103,74426,0.021
103,74427,0.021
103,74428,0.024
103,74429,0.018
103,74430,0.024
103,74431,0.021
103,74432,0.021
103,74433,0.024
103,74434,0.018
103,74435,0.024
103,74436,0.024
103,74437,0.06
103,74438,0.10200000000000001
103,74439,0.093
103,74440,0.087
103,74441,0.162
103,74442,0.147
103,74443,0.11699999999999999
103,74444,0.09
103,74445,0.11399999999999999
103,74446,0.129
103,74447,0.03
103,74448,0.027
103,74501,0.03
103,74502,0.024
103,74503,0.03
103,74504,0.027
103,74505,0.021
103,74506,0.03
103,74507,0.024
103,74508,0.024
103,74509,0.027
103,74510,0.021
103,74511,0.027
103,74512,0.027
103,74513,0.024
103,74514,0.051000000000000004
103,74515,0.021
103,74516,0.024
103,74517,0.024
103,74518,0.024
103,74519,0.039
103,74520,0.036
103,74521,0.096
103,74522,0.18
103,74523,0.147
103,74524,0.105
103,74525,0.075
103,74526,0.045
103,74527,0.096
103,74528,0.056999999999999995
103,74529,0.045
103,74530,0.039
103,74531,0.036
103,74532,0.03
103,74533,0.06
103,74534,0.096
103,74535,0.108
103,74536,0.06
103,74537,0.054
103,74538,0.03
103,74539,0.039
103,74540,0.11699999999999999
103,74541,0.096
103,74542,0.111
103,74543,0.078
103,74544,0.072
103,74545,0.039
103,74546,0.177
103,74547,0.099
103,74548,0.033
103,74601,0.021
103,74602,0.027
103,74603,0.027
103,74604,0.027
103,74605,0.027
103,74606,0.024
103,74607,0.027
103,74608,0.024
103,74609,0.027
103,74610,0.027
103,74611,0.021
103,74612,0.03
103,74613,0.087
103,74614,0.099
103,74615,0.051000000000000004
103,74616,0.024
103,74617,0.024
103,74618,0.021
103,74619,0.03
103,74620,0.042
103,74621,0.056999999999999995
103,74622,0.063
103,74623,0.075
103,74624,0.06
103,74625,0.063
103,74626,0.078
103,74627,0.06
103,74628,0.063
103,74629,0.06
103,74630,0.063
103,74631,0.045
103,74632,0.054
103,74633,0.072
103,74634,0.072
103,74635,0.099
103,74636,0.198
103,74637,0.06
103,74638,0.054
103,74639,0.099
103,74640,0.11399999999999999
103,74641,0.11399999999999999
103,74642,0.105
103,74643,0.096
103,74644,0.051000000000000004
103,74645,0.027
103,74646,0.216
103,74647,0.027
103,74648,0.024
103,74701,0.03
103,74702,0.024
103,74703,0.027
103,74704,0.027
103,74705,0.021
103,74706,0.03
103,74707,0.027
103,74708,0.024
103,74709,0.03
103,74710,0.021
103,74711,0.024
103,74712,0.027
103,74713,0.06
103,74714,0.096
103,74715,0.024
103,74716,0.021
103,74717,0.033
103,74718,0.027
103,74719,0.024
103,74720,0.042
103,74721,0.072
103,74722,0.06
103,74723,0.054
103,74724,0.09
103,74725,0.045
103,74726,0.078
103,74727,0.066
103,74728,0.054
103,74729,0.078
103,74730,0.027
103,74731,0.051000000000000004
103,74732,0.054
103,74733,0.051000000000000004
103,74734,0.063
103,74735,0.066
103,74736,0.075
103,74737,0.078
103,74738,0.078
103,74739,0.084
103,74740,0.11399999999999999
103,74741,0.12
103,74742,0.11399999999999999
103,74743,0.087
103,74744,0.09
103,74745,0.048
103,74746,0.072
103,74747,0.17099999999999999
103,74748,0.03
103,74801,0.027
103,74802,0.036
103,74803,0.027
103,74804,0.033
103,74805,0.03
103,74806,0.024
103,74807,0.033
103,74808,0.033
103,74809,0.069
103,74810,0.042
103,74811,0.039
103,74812,0.024
103,74813,0.054
103,74814,0.063
103,74815,0.078
103,74816,0.03
103,74817,0.042
103,74818,0.09
103,74819,0.066
103,74820,0.042
103,74821,0.027
103,74822,0.033
103,74823,0.066
103,74824,0.056999999999999995
103,74825,0.056999999999999995
103,74826,0.078
103,74827,0.054
103,74828,0.048
103,74829,0.021
103,74830,0.051000000000000004
103,74831,0.056999999999999995
103,74832,0.06
103,74833,0.075
103,74834,0.06
103,74835,0.06
103,74836,0.096
103,74837,0.087
103,74838,0.081
103,74839,0.087
103,74840,0.11399999999999999
103,74841,0.141
103,74842,0.12
103,74843,0.126
103,74844,0.09
103,74845,0.051000000000000004
103,74846,0.042
103,74847,0.036
103,74848,0.036
103,74901,0.036
103,74902,0.03
103,74903,0.036
103,74904,0.11399999999999999
103,74905,0.135
103,74906,0.036
103,74907,0.033
103,74908,0.036
103,74909,0.048
103,74910,0.3
103,74911,0.048
103,74912,0.045
103,74913,0.075
103,74914,0.099
103,74915,0.135
103,74916,0.033
103,74917,0.033
103,74918,0.036
103,74919,0.036
103,74920,0.03
103,74921,0.033
103,74922,0.069
103,74923,0.056999999999999995
103,74924,0.096
103,74925,0.075
103,74926,0.078
103,74927,0.087
103,74928,0.072
103,74929,0.072
103,74930,0.132
103,74931,0.10200000000000001
103,74932,0.056999999999999995
103,74933,0.042
103,74934,0.051000000000000004
103,74935,0.056999999999999995
103,74936,0.10200000000000001
103,74937,0.126
103,74938,0.066
103,74939,0.087
103,74940,0.12299999999999998
103,74941,0.141
103,74942,0.144
103,74943,0.132
103,74944,0.12
103,74945,0.045
103,74946,0.069
103,74947,0.189
103,74948,0.075
103,75001,0.048
103,75002,0.048
103,75003,0.039
103,75004,0.036
103,75005,0.039
103,75006,0.03
103,75007,0.036
103,75008,0.042
103,75009,0.22799999999999998
103,75010,0.06
103,75011,0.039
103,75012,0.036
103,75013,0.063
103,75014,0.069
103,75015,0.081
103,75016,0.03
103,75017,0.042
103,75018,0.042
103,75019,0.03
103,75020,0.084
103,75021,0.06
103,75022,0.06
103,75023,0.063
103,75024,0.06
103,75025,0.054
103,75026,0.027
103,75027,0.03
103,75028,0.03
103,75029,0.024
103,75030,0.048
103,75031,0.027
103,75032,0.042
103,75033,0.056999999999999995
103,75034,0.06
103,75035,0.056999999999999995
103,75036,0.06
103,75037,0.063
103,75038,0.105
103,75039,0.051000000000000004
103,75040,0.072
103,75041,0.093
103,75042,0.12299999999999998
103,75043,0.10200000000000001
103,75044,0.045
103,75045,0.17099999999999999
103,75046,0.072
103,75047,0.03
103,75048,0.036
103,75101,0.033
103,75102,0.03
103,75103,0.036
103,75104,0.03
103,75105,0.033
103,75106,0.033
103,75107,0.027
103,75108,0.036
103,75109,0.147
103,75110,0.056999999999999995
103,75111,0.045
103,75112,0.021
103,75113,0.03
103,75114,0.042
103,75115,0.039
103,75116,0.045
103,75117,0.027
103,75118,0.03
103,75119,0.036
103,75120,0.024
103,75121,0.063
103,75122,0.045
103,75123,0.033
103,75124,0.036
103,75125,0.045
103,75126,0.084
103,75127,0.081
103,75128,0.12
103,75129,0.084
103,75130,0.318
103,75131,0.387
103,75132,0.27
103,75133,0.078
103,75134,0.039
103,75135,0.063
103,75136,0.147
103,75137,0.096
103,75138,0.132
103,75139,0.087
103,75140,0.084
103,75141,0.087
103,75142,0.132
103,75143,0.189
103,75144,0.075
103,75145,0.06
103,75146,0.051000000000000004
103,75147,0.048
103,75148,0.045
103,75201,0.048
103,75202,0.036
103,75203,0.045
103,75204,0.11699999999999999
103,75205,0.126
103,75206,0.03
103,75207,0.024
103,75208,0.027
103,75209,0.03
103,75210,0.021
103,75211,0.048
103,75212,0.03
103,75213,0.087
103,75214,0.069
103,75215,0.048
103,75216,0.048
103,75217,0.042
103,75218,0.042
103,75219,0.048
103,75220,0.027
103,75221,0.021
103,75222,0.048
103,75223,0.063
103,75224,0.045
103,75225,0.045
103,75226,0.10200000000000001
103,75227,0.078
103,75228,0.072
103,75229,0.069
103,75230,0.072
103,75231,0.22499999999999998
103,75232,0.141
103,75233,0.075
103,75234,0.063
103,75235,0.042
103,75236,0.039
103,75237,0.051000000000000004
103,75238,0.087
103,75239,0.06
103,75240,0.135
103,75241,0.09
103,75242,0.099
103,75243,0.093
103,75244,0.084
103,75245,0.207
103,75246,0.108
103,75247,0.039
103,75248,0.042
103,75301,0.036
103,75302,0.045
103,75303,0.042
103,75304,0.036
103,75305,0.039
103,75306,0.036
103,75307,0.039
103,75308,0.039
103,75309,0.042
103,75310,0.312
103,75311,0.066
103,75312,0.054
103,75313,0.081
103,75314,0.063
103,75315,0.056999999999999995
103,75316,0.03
103,75317,0.033
103,75318,0.033
103,75319,0.072
103,75320,0.048
103,75321,0.045
103,75322,0.033
103,75323,0.051000000000000004
103,75324,0.036
103,75325,0.036
103,75326,0.063
103,75327,0.06
103,75328,0.087
103,75329,0.06
103,75330,0.075
103,75331,0.051000000000000004
103,75332,0.021
103,75333,0.056999999999999995
103,75334,0.054
103,75335,0.042
103,75336,0.048
103,75337,0.189
103,75338,0.063
103,75339,0.10200000000000001
103,75340,0.09
103,75341,0.063
103,75342,0.056999999999999995
103,75343,0.099
103,75344,0.105
103,75345,0.063
103,75346,0.222
103,75347,0.066
103,75348,0.039
103,75401,0.042
103,75402,0.024
103,75403,0.03
103,75404,0.027
103,75405,0.027
103,75406,0.03
103,75407,0.024
103,75408,0.027
103,75409,0.027
103,75410,0.021
103,75411,0.027
103,75412,0.024
103,75413,0.06
103,75414,0.081
103,75415,0.056999999999999995
103,75416,0.03
103,75417,0.036
103,75418,0.03
103,75419,0.027
103,75420,0.036
103,75421,0.138
103,75422,0.06
103,75423,0.033
103,75424,0.036
103,75425,0.075
103,75426,0.072
103,75427,0.051000000000000004
103,75428,0.048
103,75429,0.045
103,75430,0.06
103,75431,0.06
103,75432,0.06
103,75433,0.056999999999999995
103,75434,0.063
103,75435,0.066
103,75436,0.072
103,75437,0.10200000000000001
103,75438,0.132
103,75439,0.12299999999999998
103,75440,0.111
103,75441,0.111
103,75442,0.10200000000000001
103,75443,0.108
103,75444,0.081
103,75445,0.039
103,75446,0.177
103,75447,0.063
103,75448,0.03
103,75501,0.027
103,75502,0.033
103,75503,0.03
103,75504,0.027
103,75505,0.03
103,75506,0.024
103,75507,0.033
103,75508,0.027
103,75509,0.027
103,75510,0.093
103,75511,0.108
103,75512,0.051000000000000004
103,75513,0.069
103,75514,0.072
103,75515,0.069
103,75516,0.027
103,75517,0.036
103,75518,0.069
103,75519,0.093
103,75520,0.072
103,75521,0.093
103,75522,0.06
103,75523,0.069
103,75524,0.066
103,75525,0.069
103,75526,0.063
103,75527,0.056999999999999995
103,75528,0.069
103,75529,0.042
103,75530,0.045
103,75531,0.033
103,75532,0.06
103,75533,0.066
103,75534,0.06
103,75535,0.06
103,75536,0.06
103,75537,0.075
103,75538,0.063
103,75539,0.063
103,75540,0.132
103,75541,0.126
103,75542,0.144
103,75543,0.132
103,75544,0.11699999999999999
103,75545,0.111
103,75546,0.06
103,75547,0.03
103,75548,0.033
103,75601,0.024
103,75602,0.03
103,75603,0.027
103,75604,0.027
103,75605,0.03
103,75606,0.108
103,75607,0.132
103,75608,0.03
103,75609,0.024
103,75610,0.03
103,75611,0.027
103,75612,0.027
103,75613,0.03
103,75614,0.024
103,75615,0.03
103,75616,0.042
103,75617,0.039
103,75618,0.078
103,75619,0.03
103,75620,0.045
103,75621,0.072
103,75622,0.066
103,75623,0.048
103,75624,0.033
103,75625,0.03
103,75626,0.054
103,75627,0.087
103,75628,0.051000000000000004
103,75629,0.072
103,75630,0.054
103,75631,0.06
103,75632,0.045
103,75633,0.048
103,75634,0.048
103,75635,0.048
103,75636,0.108
103,75637,0.11399999999999999
103,75638,0.051000000000000004
103,75639,0.093
103,75640,0.078
103,75641,0.06
103,75642,0.081
103,75643,0.084
103,75644,0.10200000000000001
103,75645,0.198
103,75646,0.054
103,75647,0.033
103,75648,0.027
103,75701,0.024
103,75702,0.03
103,75703,0.024
103,75704,0.03
103,75705,0.03
103,75706,0.024
103,75707,0.03
103,75708,0.027
103,75709,0.165
103,75710,0.11699999999999999
103,75711,0.042
103,75712,0.03
103,75713,0.045
103,75714,0.063
103,75715,0.054
103,75716,0.045
103,75717,0.06
103,75718,0.042
103,75719,0.039
103,75720,0.03
103,75721,0.036
103,75722,0.036
103,75723,0.054
103,75724,0.048
103,75725,0.066
103,75726,0.056999999999999995
103,75727,0.042
103,75728,0.033
103,75729,0.036
103,75730,0.054
103,75731,0.06
103,75732,0.06
103,75733,0.075
103,75734,0.069
103,75735,0.042
103,75736,0.17099999999999999
103,75737,0.153
103,75738,0.066
103,75739,0.105
103,75740,0.084
103,75741,0.081
103,75742,0.087
103,75743,0.06
103,75744,0.063
103,75745,0.039
103,75746,0.168
103,75747,0.078
103,75748,0.03
103,75801,0.036
103,75802,0.069
103,75803,0.045
103,75804,0.048
103,75805,0.039
103,75806,0.033
103,75807,0.036
103,75808,0.03
103,75809,0.036
103,75810,0.033
103,75811,0.03
103,75812,0.033
103,75813,0.03
103,75814,0.033
103,75815,0.033
103,75816,0.042
103,75817,0.039
103,75818,0.096
103,75819,0.056999999999999995
103,75820,0.045
103,75821,0.051000000000000004
103,75822,0.027
103,75823,0.021
103,75824,0.056999999999999995
103,75825,0.072
103,75826,0.051000000000000004
103,75827,0.048
103,75828,0.06
103,75829,0.06
103,75830,0.09
103,75831,0.141
103,75832,0.069
103,75833,0.045
103,75834,0.051000000000000004
103,75835,0.027
103,75836,0.03
103,75837,0.105
103,75838,0.056999999999999995
103,75839,0.063
103,75840,0.09
103,75841,0.096
103,75842,0.192
103,75843,0.20400000000000001
103,75844,0.096
103,75845,0.282
103,75846,0.051000000000000004
103,75847,0.045
103,75848,0.051000000000000004
103,75901,0.042
103,75902,0.048
103,75903,0.033
103,75904,0.027
103,75905,0.033
103,75906,0.027
103,75907,0.03
103,75908,0.033
103,75909,0.024
103,75910,0.03
103,75911,0.03
103,75912,0.027
103,75913,0.03
103,75914,0.033
103,75915,0.03
103,75916,0.051000000000000004
103,75917,0.072
103,75918,0.045
103,75919,0.039
103,75920,0.069
103,75921,0.06
103,75922,0.051000000000000004
103,75923,0.078
103,75924,0.066
103,75925,0.105
103,75926,0.075
103,75927,0.075
103,75928,0.054
103,75929,0.11699999999999999
103,75930,0.09
103,75931,0.045
103,75932,0.063
103,75933,0.06
103,75934,0.056999999999999995
103,75935,0.042
103,75936,0.033
103,75937,0.048
103,75938,0.105
103,75939,0.099
103,75940,0.138
103,75941,0.108
103,75942,0.105
103,75943,0.075
103,75944,0.06
103,75945,0.159
103,75946,0.084
103,75947,0.036
103,75948,0.033
103,76001,0.036
103,76002,0.03
103,76003,0.036
103,76004,0.036
103,76005,0.033
103,76006,0.036
103,76007,0.033
103,76008,0.039
103,76009,0.129
103,76010,0.069
103,76011,0.048
103,76012,0.033
103,76013,0.069
103,76014,0.078
103,76015,0.056999999999999995
103,76016,0.027
103,76017,0.036
103,76018,0.051000000000000004
103,76019,0.033
103,76020,0.021
103,76021,0.027
103,76022,0.027
103,76023,0.021
103,76024,0.027
103,76025,0.036
103,76026,0.039
103,76027,0.039
103,76028,0.243
103,76029,0.03
103,76030,0.24599999999999997
103,76031,0.075
103,76032,0.162
103,76033,0.375
103,76034,0.372
103,76035,0.42
103,76036,0.162
103,76037,0.159
103,76038,0.336
103,76039,0.579
103,76040,0.6809999999999999
103,76041,0.6779999999999999
103,76042,0.642
103,76043,0.636
103,76044,0.22799999999999998
103,76045,0.033
103,76046,0.10200000000000001
103,76047,0.12299999999999998
103,76048,0.03
103,76101,0.033
103,76102,0.027
103,76103,0.036
103,76104,0.033
103,76105,0.03
103,76106,0.036
103,76107,0.027
103,76108,0.096
103,76109,0.24899999999999997
103,76110,0.042
103,76111,0.048
103,76112,0.042
103,76113,0.10200000000000001
103,76114,0.09
103,76115,0.27
103,76116,0.45299999999999996
103,76117,0.474
103,76118,0.48899999999999993
103,76119,0.48
103,76120,0.525
103,76121,0.501
103,76122,0.531
103,76123,0.6839999999999999
103,76124,0.525
103,76125,0.396
103,76126,0.48
103,76127,0.45599999999999996
103,76128,0.327
103,76129,0.069
103,76130,0.039
103,76131,0.036
103,76132,0.036
103,76133,0.267
103,76134,0.294
103,76135,0.216
103,76136,0.285
103,76137,0.24899999999999997
103,76138,0.27
103,76139,0.264
103,76140,0.237
103,76141,0.18
103,76142,0.105
103,76143,0.10200000000000001
103,76144,0.096
103,76145,0.126
103,76146,0.153
103,76147,0.036
103,76148,0.036
103,76201,0.033
103,76202,0.036
103,76203,0.033
103,76204,0.036
103,76205,0.036
103,76206,0.033
103,76207,0.036
103,76208,0.033
103,76209,0.033
103,76210,0.036
103,76211,0.03
103,76212,0.039
103,76213,0.072
103,76214,0.072
103,76215,0.09
103,76216,0.039
103,76217,0.036
103,76218,0.042
103,76219,0.033
103,76220,0.06
103,76221,0.033
103,76222,0.056999999999999995
103,76223,0.045
103,76224,0.051000000000000004
103,76225,0.056999999999999995
103,76226,0.039
103,76227,0.051000000000000004
103,76228,0.045
103,76229,0.054
103,76230,0.056999999999999995
103,76231,0.048
103,76232,0.051000000000000004
103,76233,0.054
103,76234,0.063
103,76235,0.054
103,76236,0.081
103,76237,0.081
103,76238,0.087
103,76239,0.093
103,76240,0.081
103,76241,0.10200000000000001
103,76242,0.066
103,76243,0.063
103,76244,0.063
103,76245,0.069
103,76246,0.264
103,76247,0.042
103,76248,0.024
103,76301,0.03
103,76302,0.024
103,76303,0.024
103,76304,0.024
103,76305,0.021
103,76306,0.027
103,76307,0.024
103,76308,0.018
103,76309,0.027
103,76310,0.024
103,76311,0.021
103,76312,0.027
103,76313,0.045
103,76314,0.069
103,76315,0.06
103,76316,0.03
103,76317,0.051000000000000004
103,76318,0.075
103,76319,0.021
103,76320,0.051000000000000004
103,76321,0.054
103,76322,0.042
103,76323,0.063
103,76324,0.078
103,76325,0.06
103,76326,0.075
103,76327,0.06
103,76328,0.056999999999999995
103,76329,0.048
103,76330,0.06
103,76331,0.051000000000000004
103,76332,0.03
103,76333,0.078
103,76334,0.051000000000000004
103,76335,0.045
103,76336,0.048
103,76337,0.056999999999999995
103,76338,0.06
103,76339,0.063
103,76340,0.093
103,76341,0.096
103,76342,0.078
103,76343,0.087
103,76344,0.054
103,76345,0.105
103,76346,0.159
103,76347,0.024
103,76348,0.024
103,76401,0.027
103,76402,0.021
103,76403,0.027
103,76404,0.027
103,76405,0.018
103,76406,0.027
103,76407,0.024
103,76408,0.018
103,76409,0.027
103,76410,0.126
103,76411,0.056999999999999995
103,76412,0.042
103,76413,0.063
103,76414,0.072
103,76415,0.087
103,76416,0.072
103,76417,0.042
103,76418,0.045
103,76419,0.051000000000000004
103,76420,0.027
103,76421,0.084
103,76422,0.051000000000000004
103,76423,0.054
103,76424,0.054
103,76425,0.051000000000000004
103,76426,0.072
103,76427,0.048
103,76428,0.024
103,76429,0.021
103,76430,0.018
103,76431,0.03
103,76432,0.021
103,76433,0.03
103,76434,0.03
103,76435,0.075
103,76436,0.069
103,76437,0.081
103,76438,0.096
103,76439,0.093
103,76440,0.129
103,76441,0.126
103,76442,0.12
103,76443,0.105
103,76444,0.12299999999999998
103,76445,0.348
103,76446,0.087
103,76447,0.056999999999999995
103,76448,0.051000000000000004
103,76501,0.039
103,76502,0.042
103,76503,0.042
103,76504,0.033
103,76505,0.03
103,76506,0.021
103,76507,0.027
103,76508,0.027
103,76509,0.024
103,76510,0.033
103,76511,0.11699999999999999
103,76512,0.051000000000000004
103,76513,0.036
103,76514,0.03
103,76515,0.039
103,76516,0.021
103,76517,0.024
103,76518,0.024
103,76519,0.033
103,76520,0.051000000000000004
103,76521,0.021
103,76522,0.03
103,76523,0.03
103,76524,0.084
103,76525,0.056999999999999995
103,76526,0.051000000000000004
103,76527,0.036
103,76528,0.036
103,76529,0.042
103,76530,0.06
103,76531,0.069
103,76532,0.165
103,76533,0.096
103,76534,0.111
103,76535,0.099
103,76536,0.093
103,76537,0.081
103,76538,0.10200000000000001
103,76539,0.075
103,76540,0.078
103,76541,0.069
103,76542,0.075
103,76543,0.09
103,76544,0.075
103,76545,0.063
103,76546,0.165
103,76547,0.105
103,76548,0.03
103,76601,0.024
103,76602,0.03
103,76603,0.027
103,76604,0.027
103,76605,0.03
103,76606,0.024
103,76607,0.03
103,76608,0.027
103,76609,0.027
103,76610,0.03
103,76611,0.033
103,76612,0.039
103,76613,0.036
103,76614,0.033
103,76615,0.036
103,76616,0.036
103,76617,0.096
103,76618,0.054
103,76619,0.048
103,76620,0.045
103,76621,0.054
103,76622,0.042
103,76623,0.033
103,76624,0.087
103,76625,0.066
103,76626,0.063
103,76627,0.063
103,76628,0.087
103,76629,0.093
103,76630,0.078
103,76631,0.10200000000000001
103,76632,0.33
103,76633,0.36
103,76634,0.366
103,76635,0.393
103,76636,0.423
103,76637,0.387
103,76638,0.069
103,76639,0.093
103,76640,0.105
103,76641,0.108
103,76642,0.11399999999999999
103,76643,0.11699999999999999
103,76644,0.093
103,76645,0.183
103,76646,0.081
103,76647,0.069
103,76648,0.051000000000000004
103,76701,0.051000000000000004
103,76702,0.039
103,76703,0.036
103,76704,0.036
103,76705,0.03
103,76706,0.036
103,76707,0.03
103,76708,0.03
103,76709,0.192
103,76710,0.192
103,76711,0.063
103,76712,0.036
103,76713,0.138
103,76714,0.072
103,76715,0.069
103,76716,0.03
103,76717,0.027
103,76718,0.027
103,76719,0.03
103,76720,0.021
103,76721,0.03
103,76722,0.036
103,76723,0.027
103,76724,0.066
103,76725,0.09
103,76726,0.042
103,76727,0.03
103,76728,0.34199999999999997
103,76729,0.375
103,76730,0.24
103,76731,0.033
103,76732,0.045
103,76733,0.051000000000000004
103,76734,0.063
103,76735,0.06
103,76736,0.09
103,76737,0.12
103,76738,0.081
103,76739,0.144
103,76740,0.096
103,76741,0.093
103,76742,0.096
103,76743,0.099
103,76744,0.11699999999999999
103,76745,0.213
103,76746,0.108
103,76747,0.027
103,76748,0.033
103,76801,0.03
103,76802,0.027
103,76803,0.03
103,76804,0.027
103,76805,0.033
103,76806,0.03
103,76807,0.027
103,76808,0.03
103,76809,0.024
103,76810,0.03
103,76811,0.03
103,76812,0.024
103,76813,0.075
103,76814,0.11699999999999999
103,76815,0.06
103,76816,0.036
103,76817,0.045
103,76818,0.06
103,76819,0.042
103,76820,0.024
103,76821,0.03
103,76822,0.051000000000000004
103,76823,0.081
103,76824,0.069
103,76825,0.054
103,76826,0.075
103,76827,0.105
103,76828,0.066
103,76829,0.039
103,76830,0.024
103,76831,0.027
103,76832,0.054
103,76833,0.063
103,76834,0.056999999999999995
103,76835,0.054
103,76836,0.054
103,76837,0.075
103,76838,0.069
103,76839,0.056999999999999995
103,76840,0.051000000000000004
103,76841,0.056999999999999995
103,76842,0.051000000000000004
103,76843,0.06
103,76844,0.054
103,76845,0.12
103,76846,0.153
103,76847,0.066
103,76848,0.042
103,76901,0.036
103,76902,0.036
103,76903,0.03
103,76904,0.036
103,76905,0.036
103,76906,0.03
103,76907,0.036
103,76908,0.033
103,76909,0.045
103,76910,0.17099999999999999
103,76911,0.06
103,76912,0.042
103,76913,0.078
103,76914,0.12
103,76915,0.105
103,76916,0.048
103,76917,0.03
103,76918,0.036
103,76919,0.036
103,76920,0.03
103,76921,0.024
103,76922,0.045
103,76923,0.054
103,76924,0.036
103,76925,0.027
103,76926,0.027
103,76927,0.024
103,76928,0.027
103,76929,0.024
103,76930,0.036
103,76931,0.06
103,76932,0.06
103,76933,0.066
103,76934,0.069
103,76935,0.051000000000000004
103,76936,0.066
103,76937,0.054
103,76938,0.051000000000000004
103,76939,0.056999999999999995
103,76940,0.051000000000000004
103,76941,0.129
103,76942,0.12299999999999998
103,76943,0.129
103,76944,0.111
103,76945,0.054
103,76946,0.129
103,76947,0.351
103,76948,0.056999999999999995
103,77001,0.045
103,77002,0.033
103,77003,0.036
103,77004,0.036
103,77005,0.033
103,77006,0.096
103,77007,0.048
103,77008,0.051000000000000004
103,77009,0.033
103,77010,0.03
103,77011,0.033
103,77012,0.03
103,77013,0.056999999999999995
103,77014,0.069
103,77015,0.069
103,77016,0.03
103,77017,0.03
103,77018,0.036
103,77019,0.039
103,77020,0.069
103,77021,0.11699999999999999
103,77022,0.174
103,77023,0.051000000000000004
103,77024,0.054
103,77025,0.051000000000000004
103,77026,0.06
103,77027,0.054
103,77028,0.024
103,77029,0.033
103,77030,0.045
103,77031,0.056999999999999995
103,77032,0.075
103,77033,0.072
103,77034,0.054
103,77035,0.072
103,77036,0.069
103,77037,0.06
103,77038,0.06
103,77039,0.056999999999999995
103,77040,0.099
103,77041,0.087
103,77042,0.09
103,77043,0.093
103,77044,0.063
103,77045,0.17099999999999999
103,77046,0.099
103,77047,0.021
103,77048,0.03
103,77101,0.024
103,77102,0.024
103,77103,0.027
103,77104,0.021
103,77105,0.027
103,77106,0.024
103,77107,0.021
103,77108,0.027
103,77109,0.024
103,77110,0.021
103,77111,0.027
103,77112,0.021
103,77113,0.042
103,77114,0.138
103,77115,0.054
103,77116,0.09
103,77117,0.081
103,77118,0.045
103,77119,0.036
103,77120,0.036
103,77121,0.018
103,77122,0.024
103,77123,0.021
103,77124,0.024
103,77125,0.024
103,77126,0.021
103,77127,0.024
103,77128,0.021
103,77129,0.024
103,77130,0.024
103,77131,0.018
103,77132,0.024
103,77133,0.024
103,77134,0.021
103,77135,0.027
103,77136,0.018
103,77137,0.024
103,77138,0.03
103,77139,0.03
103,77140,0.036
103,77141,0.03
103,77142,0.036
103,77143,0.036
103,77144,0.03
103,77145,0.033
103,77146,0.03
103,77147,0.018
103,77148,0.024
103,77201,0.021
103,77202,0.021
103,77203,0.024
103,77204,0.018
103,77205,0.024
103,77206,0.021
103,77207,0.021
103,77208,0.024
103,77209,0.021
103,77210,0.021
103,77211,0.024
103,77212,0.021
103,77213,0.024
103,77214,0.024
103,77215,0.018
103,77216,0.024
103,77217,0.021
103,77218,0.018
103,77219,0.024
103,77220,0.021
103,77221,0.021
103,77222,0.024
103,77223,0.018
103,77224,0.024
103,77225,0.024
103,77226,0.018
103,77227,0.024
103,77228,0.021
103,77229,0.021
103,77230,0.024
103,77231,0.018
103,77232,0.024
103,77233,0.024
103,77234,0.018
103,77235,0.024
103,77236,0.021
103,77237,0.021
103,77238,0.03
103,77239,0.03
103,77240,0.036
103,77241,0.033
103,77242,0.033
103,77243,0.036
103,77244,0.054
103,77245,0.056999999999999995
103,77246,0.033
103,77247,0.021
103,77248,0.024
103,77301,0.027
103,77302,0.06
103,77303,0.039
103,77304,0.033
103,77305,0.024
103,77306,0.024
103,77307,0.021
103,77308,0.024
103,77309,0.027
103,77310,0.021
103,77311,0.024
103,77312,0.021
103,77313,0.021
103,77314,0.024
103,77315,0.021
103,77316,0.033
103,77317,0.033
103,77318,0.021
103,77319,0.09
103,77320,0.036
103,77321,0.042
103,77322,0.165
103,77323,0.267
103,77324,0.111
103,77325,0.072
103,77326,0.192
103,77327,0.039
103,77328,0.021
103,77329,0.081
103,77330,0.063
103,77331,0.039
103,77332,0.11399999999999999
103,77333,0.087
103,77334,0.048
103,77335,0.063
103,77336,0.093
103,77337,0.108
103,77338,0.105
103,77339,0.099
103,77340,0.063
103,77341,0.081
103,77342,0.10200000000000001
103,77343,0.099
103,77344,0.099
103,77345,0.081
103,77346,0.09
103,77347,0.036
103,77348,0.036
103,77401,0.039
103,77402,0.03
103,77403,0.039
103,77404,0.033
103,77405,0.17099999999999999
103,77406,0.111
103,77407,0.03
103,77408,0.036
103,77409,0.036
103,77410,0.075
103,77411,0.048
103,77412,0.045
103,77413,0.063
103,77414,0.06
103,77415,0.051000000000000004
103,77416,0.033
103,77417,0.036
103,77418,0.036
103,77419,0.048
103,77420,0.03
103,77421,0.039
103,77422,0.084
103,77423,0.063
103,77424,0.063
103,77425,0.03
103,77426,0.069
103,77427,0.024
103,77428,0.021
103,77429,0.024
103,77430,0.024
103,77431,0.018
103,77432,0.024
103,77433,0.024
103,77434,0.03
103,77435,0.042
103,77436,0.042
103,77437,0.10200000000000001
103,77438,0.108
103,77439,0.075
103,77440,0.108
103,77441,0.108
103,77442,0.132
103,77443,0.105
103,77444,0.132
103,77445,0.273
103,77446,0.087
103,77447,0.042
103,77448,0.03
103,77501,0.027
103,77502,0.021
103,77503,0.03
103,77504,0.027
103,77505,0.021
103,77506,0.027
103,77507,0.021
103,77508,0.024
103,77509,0.12299999999999998
103,77510,0.252
103,77511,0.06
103,77512,0.036
103,77513,0.056999999999999995
103,77514,0.063
103,77515,0.105
103,77516,0.036
103,77517,0.048
103,77518,0.039
103,77519,0.027
103,77520,0.078
103,77521,0.048
103,77522,0.048
103,77523,0.045
103,77524,0.045
103,77525,0.033
103,77526,0.036
103,77527,0.036
103,77528,0.033
103,77529,0.051000000000000004
103,77530,0.033
103,77531,0.051000000000000004
103,77532,0.039
103,77533,0.036
103,77534,0.048
103,77535,0.042
103,77536,0.033
103,77537,0.033
103,77538,0.027
103,77539,0.042
103,77540,0.051000000000000004
103,77541,0.093
103,77542,0.096
103,77543,0.084
103,77544,0.06
103,77545,0.033
103,77546,0.222
103,77547,0.027
103,77548,0.021
103,77601,0.03
103,77602,0.021
103,77603,0.024
103,77604,0.027
103,77605,0.021
103,77606,0.027
103,77607,0.027
103,77608,0.021
103,77609,0.027
103,77610,0.024
103,77611,0.024
103,77612,0.036
103,77613,0.066
103,77614,0.096
103,77615,0.111
103,77616,0.048
103,77617,0.03
103,77618,0.03
103,77619,0.024
103,77620,0.033
103,77621,0.024
103,77622,0.027
103,77623,0.036
103,77624,0.045
103,77625,0.033
103,77626,0.039
103,77627,0.03
103,77628,0.024
103,77629,0.021
103,77630,0.036
103,77631,0.03
103,77632,0.036
103,77633,0.033
103,77634,0.03
103,77635,0.033
103,77636,0.033
103,77637,0.024
103,77638,0.036
103,77639,0.06
103,77640,0.195
103,77641,0.144
103,77642,0.096
103,77643,0.111
103,77644,0.11399999999999999
103,77645,0.09
103,77646,0.267
103,77647,0.045
103,77648,0.03
103,77701,0.03
103,77702,0.033
103,77703,0.027
103,77704,0.033
103,77705,0.03
103,77706,0.03
103,77707,0.03
103,77708,0.027
103,77709,0.03
103,77710,0.03
103,77711,0.03
103,77712,0.03
103,77713,0.056999999999999995
103,77714,0.063
103,77715,0.069
103,77716,0.024
103,77717,0.036
103,77718,0.042
103,77719,0.054
103,77720,0.027
103,77721,0.018
103,77722,0.024
103,77723,0.024
103,77724,0.018
103,77725,0.069
103,77726,0.027
103,77727,0.027
103,77728,0.027
103,77729,0.021
103,77730,0.027
103,77731,0.042
103,77732,0.063
103,77733,0.051000000000000004
103,77734,0.087
103,77735,0.078
103,77736,0.069
103,77737,0.075
103,77738,0.045
103,77739,0.036
103,77740,0.126
103,77741,0.108
103,77742,0.11399999999999999
103,77743,0.11699999999999999
103,77744,0.09
103,77745,0.159
103,77746,0.17099999999999999
103,77747,0.072
103,77748,0.069
103,77801,0.06
103,77802,0.027
103,77803,0.024
103,77804,0.024
103,77805,0.027
103,77806,0.024
103,77807,0.027
103,77808,0.027
103,77809,0.027
103,77810,0.23099999999999998
103,77811,0.039
103,77812,0.042
103,77813,0.06
103,77814,0.063
103,77815,0.066
103,77816,0.036
103,77817,0.03
103,77818,0.027
103,77819,0.06
103,77820,0.045
103,77821,0.093
103,77822,0.051000000000000004
103,77823,0.03
103,77824,0.033
103,77825,0.063
103,77826,0.045
103,77827,0.033
103,77828,0.036
103,77829,0.033
103,77830,0.027
103,77831,0.033
103,77832,0.027
103,77833,0.033
103,77834,0.033
103,77835,0.045
103,77836,0.045
103,77837,0.027
103,77838,0.03
103,77839,0.036
103,77840,0.051000000000000004
103,77841,0.045
103,77842,0.039
103,77843,0.045
103,77844,0.099
103,77845,0.291
103,77846,0.075
103,77847,0.063
103,77848,0.06
103,77901,0.033
103,77902,0.021
103,77903,0.03
103,77904,0.024
103,77905,0.024
103,77906,0.027
103,77907,0.021
103,77908,0.033
103,77909,0.174
103,77910,0.066
103,77911,0.048
103,77912,0.039
103,77913,0.021
103,77914,0.027
103,77915,0.024
103,77916,0.021
103,77917,0.024
103,77918,0.021
103,77919,0.033
103,77920,0.036
103,77921,0.024
103,77922,0.036
103,77923,0.042
103,77924,0.063
103,77925,0.027
103,77926,0.021
103,77927,0.078
103,77928,0.069
103,77929,0.06
103,77930,0.051000000000000004
103,77931,0.051000000000000004
103,77932,0.048
103,77933,0.036
103,77934,0.048
103,77935,0.132
103,77936,0.108
103,77937,0.189
103,77938,0.108
103,77939,0.12299999999999998
103,77940,0.09
103,77941,0.084
103,77942,0.075
103,77943,0.084
103,77944,0.078
103,77945,0.072
103,77946,0.24899999999999997
103,77947,0.056999999999999995
103,77948,0.056999999999999995
103,78001,0.06
103,78002,0.03
103,78003,0.03
103,78004,0.027
103,78005,0.03
103,78006,0.027
103,78007,0.03
103,78008,0.03
103,78009,0.027
103,78010,0.138
103,78011,0.056999999999999995
103,78012,0.036
103,78013,0.033
103,78014,0.042
103,78015,0.033
103,78016,0.021
103,78017,0.027
103,78018,0.03
103,78019,0.021
103,78020,0.033
103,78021,0.03
103,78022,0.042
103,78023,0.309
103,78024,0.36
103,78025,0.366
103,78026,0.375
103,78027,0.36
103,78028,0.056999999999999995
103,78029,0.051000000000000004
103,78030,0.069
103,78031,0.348
103,78032,0.33899999999999997
103,78033,0.12
103,78034,0.054
103,78035,0.066
103,78036,0.072
103,78037,0.056999999999999995
103,78038,0.075
103,78039,0.093
103,78040,0.141
103,78041,0.129
103,78042,0.138
103,78043,0.096
103,78044,0.063
103,78045,0.081
103,78046,0.23099999999999998
103,78047,0.078
103,78048,0.063
103,78101,0.054
103,78102,0.072
103,78103,0.054
103,78104,0.033
103,78105,0.036
103,78106,0.027
103,78107,0.036
103,78108,0.036
103,78109,0.027
103,78110,0.033
103,78111,0.048
103,78112,0.06
103,78113,0.138
103,78114,0.084
103,78115,0.075
103,78116,0.03
103,78117,0.024
103,78118,0.033
103,78119,0.03
103,78120,0.051000000000000004
103,78121,0.045
103,78122,0.027
103,78123,0.03
103,78124,0.027
103,78125,0.03
103,78126,0.024
103,78127,0.027
103,78128,0.03
103,78129,0.024
103,78130,0.033
103,78131,0.033
103,78132,0.279
103,78133,0.369
103,78134,0.177
103,78135,0.10200000000000001
103,78136,0.12
103,78137,0.063
103,78138,0.12
103,78139,0.105
103,78140,0.132
103,78141,0.108
103,78142,0.11699999999999999
103,78143,0.096
103,78144,0.081
103,78145,0.186
103,78146,0.129
103,78147,0.072
103,78148,0.056999999999999995
103,78201,0.051000000000000004
103,78202,0.045
103,78203,0.024
103,78204,0.03
103,78205,0.027
103,78206,0.027
103,78207,0.03
103,78208,0.027
103,78209,0.135
103,78210,0.23399999999999999
103,78211,0.056999999999999995
103,78212,0.036
103,78213,0.06
103,78214,0.069
103,78215,0.093
103,78216,0.056999999999999995
103,78217,0.056999999999999995
103,78218,0.03
103,78219,0.045
103,78220,0.039
103,78221,0.066
103,78222,0.048
103,78223,0.051000000000000004
103,78224,0.051000000000000004
103,78225,0.033
103,78226,0.024
103,78227,0.021
103,78228,0.024
103,78229,0.018
103,78230,0.027
103,78231,0.027
103,78232,0.021
103,78233,0.027
103,78234,0.024
103,78235,0.027
103,78236,0.093
103,78237,0.075
103,78238,0.036
103,78239,0.036
103,78240,0.039
103,78241,0.042
103,78242,0.033
103,78243,0.039
103,78244,0.042
103,78245,0.033
103,78246,0.042
103,78247,0.03
103,78248,0.024
103,78301,0.027
103,78302,0.021
103,78303,0.027
103,78304,0.024
103,78305,0.021
103,78306,0.027
103,78307,0.021
103,78308,0.021
103,78309,0.027
103,78310,0.018
103,78311,0.027
103,78312,0.024
103,78313,0.048
103,78314,0.048
103,78315,0.078
103,78316,0.051000000000000004
103,78317,0.045
103,78318,0.021
103,78319,0.03
103,78320,0.033
103,78321,0.024
103,78322,0.036
103,78323,0.024
103,78324,0.03
103,78325,0.027
103,78326,0.024
103,78327,0.039
103,78328,0.03
103,78329,0.027
103,78330,0.021
103,78331,0.021
103,78332,0.024
103,78333,0.027
103,78334,0.027
103,78335,0.036
103,78336,0.039
103,78337,0.03
103,78338,0.024
103,78339,0.027
103,78340,0.078
103,78341,0.096
103,78342,0.108
103,78343,0.099
103,78344,0.078
103,78345,0.21
103,78346,0.06
103,78347,0.033
103,78348,0.036
103,78401,0.03
103,78402,0.033
103,78403,0.033
103,78404,0.03
103,78405,0.036
103,78406,0.033
103,78407,0.03
103,78408,0.033
103,78409,0.03
103,78410,0.033
103,78411,0.033
103,78412,0.03
103,78413,0.066
103,78414,0.075
103,78415,0.105
103,78416,0.042
103,78417,0.042
103,78418,0.036
103,78419,0.045
103,78420,0.024
103,78421,0.018
103,78422,0.024
103,78423,0.018
103,78424,0.024
103,78425,0.024
103,78426,0.03
103,78427,0.033
103,78428,0.021
103,78429,0.03
103,78430,0.03
103,78431,0.036
103,78432,0.03
103,78433,0.153
103,78434,0.321
103,78435,0.258
103,78436,0.252
103,78437,0.23099999999999998
103,78438,0.051000000000000004
103,78439,0.048
103,78440,0.084
103,78441,0.09
103,78442,0.09
103,78443,0.099
103,78444,0.063
103,78445,0.18
103,78446,0.063
103,78447,0.03
103,78448,0.027
103,78501,0.024
103,78502,0.027
103,78503,0.021
103,78504,0.027
103,78505,0.027
103,78506,0.021
103,78507,0.03
103,78508,0.024
103,78509,0.141
103,78510,0.141
103,78511,0.045
103,78512,0.024
103,78513,0.06
103,78514,0.063
103,78515,0.069
103,78516,0.066
103,78517,0.048
103,78518,0.063
103,78519,0.033
103,78520,0.021
103,78521,0.024
103,78522,0.027
103,78523,0.033
103,78524,0.033
103,78525,0.03
103,78526,0.036
103,78527,0.285
103,78528,0.333
103,78529,0.321
103,78530,0.237
103,78531,0.027
103,78532,0.024
103,78533,0.03
103,78534,0.03
103,78535,0.027
103,78536,0.027
103,78537,0.018
103,78538,0.024
103,78539,0.024
103,78540,0.039
103,78541,0.075
103,78542,0.078
103,78543,0.081
103,78544,0.096
103,78545,0.051000000000000004
103,78546,0.033
103,78547,0.027
103,78548,0.03
103,78601,0.033
103,78602,0.024
103,78603,0.03
103,78604,0.03
103,78605,0.027
103,78606,0.033
103,78607,0.027
103,78608,0.03
103,78609,0.033
103,78610,0.024
103,78611,0.03
103,78612,0.03
103,78613,0.027
103,78614,0.03
103,78615,0.033
103,78616,0.096
103,78617,0.078
103,78618,0.051000000000000004
103,78619,0.147
103,78620,0.183
103,78621,0.084
103,78622,0.03
103,78623,0.024
103,78624,0.024
103,78625,0.021
103,78626,0.024
103,78627,0.03
103,78628,0.056999999999999995
103,78629,0.033
103,78630,0.033
103,78631,0.033
103,78632,0.045
103,78633,0.036
103,78634,0.027
103,78635,0.021
103,78636,0.033
103,78637,0.084
103,78638,0.084
103,78639,0.069
103,78640,0.087
103,78641,0.069
103,78642,0.072
103,78643,0.078
103,78644,0.039
103,78645,0.11399999999999999
103,78646,0.135
103,78647,0.03
103,78648,0.027
103,78701,0.024
103,78702,0.06
103,78703,0.039
103,78704,0.039
103,78705,0.039
103,78706,0.021
103,78707,0.033
103,78708,0.141
103,78709,0.054
103,78710,0.036
103,78711,0.027
103,78712,0.027
103,78713,0.024
103,78714,0.024
103,78715,0.03
103,78716,0.027
103,78717,0.033
103,78718,0.033
103,78719,0.036
103,78720,0.039
103,78721,0.03
103,78722,0.021
103,78723,0.069
103,78724,0.06
103,78725,0.027
103,78726,0.096
103,78727,0.056999999999999995
103,78728,0.056999999999999995
103,78729,0.063
103,78730,0.177
103,78731,0.156
103,78732,0.132
103,78733,0.054
103,78734,0.036
103,78735,0.036
103,78736,0.021
103,78737,0.12299999999999998
103,78738,0.297
103,78739,0.066
103,78740,0.078
103,78741,0.09
103,78742,0.108
103,78743,0.105
103,78744,0.087
103,78745,0.222
103,78746,0.024
103,78747,0.03
103,78748,0.024
103,78801,0.03
103,78802,0.03
103,78803,0.024
103,78804,0.03
103,78805,0.024
103,78806,0.03
103,78807,0.027
103,78808,0.027
103,78809,0.138
103,78810,0.056999999999999995
103,78811,0.036
103,78812,0.027
103,78813,0.063
103,78814,0.09
103,78815,0.084
103,78816,0.063
103,78817,0.051000000000000004
103,78818,0.056999999999999995
103,78819,0.039
103,78820,0.021
103,78821,0.024
103,78822,0.021
103,78823,0.024
103,78824,0.024
103,78825,0.033
103,78826,0.036
103,78827,0.021
103,78828,0.024
103,78829,0.024
103,78830,0.018
103,78831,0.024
103,78832,0.021
103,78833,0.024
103,78834,0.024
103,78835,0.027
103,78836,0.10200000000000001
103,78837,0.048
103,78838,0.033
103,78839,0.045
103,78840,0.045
103,78841,0.081
103,78842,0.081
103,78843,0.075
103,78844,0.078
103,78845,0.036
103,78846,0.105
103,78847,0.126
103,78848,0.027
103,78901,0.033
103,78902,0.027
103,78903,0.03
103,78904,0.033
103,78905,0.069
103,78906,0.042
103,78907,0.042
103,78908,0.087
103,78909,0.273
103,78910,0.066
103,78911,0.042
103,78912,0.027
103,78913,0.056999999999999995
103,78914,0.066
103,78915,0.075
103,78916,0.03
103,78917,0.03
103,78918,0.036
103,78919,0.021
103,78920,0.036
103,78921,0.024
103,78922,0.018
103,78923,0.024
103,78924,0.021
103,78925,0.024
103,78926,0.024
103,78927,0.048
103,78928,0.027
103,78929,0.024
103,78930,0.033
103,78931,0.027
103,78932,0.027
103,78933,0.327
103,78934,0.708
103,78935,0.75
103,78936,0.7829999999999999
103,78937,0.711
103,78938,0.624
103,78939,0.561
103,78940,0.552
103,78941,0.519
103,78942,0.49199999999999994
103,78943,0.45899999999999996
103,78944,0.45299999999999996
103,78945,0.396
103,78946,0.126
103,78947,0.027
103,78948,0.03
103,79001,0.027
103,79002,0.03
103,79003,0.027
103,79004,0.03
103,79005,0.03
103,79006,0.027
103,79007,0.033
103,79008,0.027
103,79009,0.027
103,79010,0.03
103,79011,0.024
103,79012,0.033
103,79013,0.066
103,79014,0.075
103,79015,0.069
103,79016,0.033
103,79017,0.024
103,79018,0.036
103,79019,0.03
103,79020,0.027
103,79021,0.039
103,79022,0.056999999999999995
103,79023,0.042
103,79024,0.048
103,79025,0.051000000000000004
103,79026,0.024
103,79027,0.024
103,79028,0.024
103,79029,0.03
103,79030,0.021
103,79031,0.021
103,79032,0.024
103,79033,0.018
103,79034,0.03
103,79035,0.039
103,79036,0.11699999999999999
103,79037,0.027
103,79038,0.021
103,79039,0.027
103,79040,0.066
103,79041,0.09
103,79042,0.084
103,79043,0.066
103,79044,0.084
103,79045,0.048
103,79046,0.108
103,79047,0.132
103,79048,0.027
103,79101,0.033
103,79102,0.027
103,79103,0.03
103,79104,0.033
103,79105,0.027
103,79106,0.033
103,79107,0.027
103,79108,0.03
103,79109,0.033
103,79110,0.027
103,79111,0.033
103,79112,0.066
103,79113,0.081
103,79114,0.075
103,79115,0.093
103,79116,0.033
103,79117,0.036
103,79118,0.03
103,79119,0.033
103,79120,0.048
103,79121,0.027
103,79122,0.024
103,79123,0.021
103,79124,0.024
103,79125,0.021
103,79126,0.033
103,79127,0.036
103,79128,0.216
103,79129,0.297
103,79130,0.288
103,79131,0.288
103,79132,0.288
103,79133,0.46499999999999997
103,79134,0.576
103,79135,0.579
103,79136,0.576
103,79137,0.57
103,79138,0.6779999999999999
103,79139,0.513
103,79140,0.45599999999999996
103,79141,0.414
103,79142,0.381
103,79143,0.336
103,79144,0.06
103,79145,0.036
103,79146,0.195
103,79147,0.03
103,79148,0.027
103,79201,0.03
103,79202,0.027
103,79203,0.03
103,79204,0.03
103,79205,0.024
103,79206,0.03
103,79207,0.027
103,79208,0.027
103,79209,0.03
103,79210,0.024
103,79211,0.03
103,79212,0.027
103,79213,0.069
103,79214,0.06
103,79215,0.09
103,79216,0.033
103,79217,0.036
103,79218,0.033
103,79219,0.024
103,79220,0.021
103,79221,0.024
103,79222,0.021
103,79223,0.021
103,79224,0.024
103,79225,0.018
103,79226,0.024
103,79227,0.021
103,79228,0.036
103,79229,0.024
103,79230,0.018
103,79231,0.036
103,79232,0.021
103,79233,0.027
103,79234,0.03
103,79235,0.024
103,79236,0.051000000000000004
103,79237,0.045
103,79238,0.036
103,79239,0.027
103,79240,0.138
103,79241,0.087
103,79242,0.081
103,79243,0.075
103,79244,0.099
103,79245,0.063
103,79246,0.22499999999999998
103,79247,0.027
103,79248,0.03
103,79301,0.03
103,79302,0.021
103,79303,0.03
103,79304,0.027
103,79305,0.024
103,79306,0.027
103,79307,0.024
103,79308,0.027
103,79309,0.027
103,79310,0.024
103,79311,0.027
103,79312,0.027
103,79313,0.024
103,79314,0.027
103,79315,0.024
103,79316,0.081
103,79317,0.027
103,79318,0.036
103,79319,0.033
103,79320,0.033
103,79321,0.018
103,79322,0.03
103,79323,0.033
103,79324,0.021
103,79325,0.024
103,79326,0.063
103,79327,0.069
103,79328,0.042
103,79329,0.048
103,79330,0.054
103,79331,0.042
103,79332,0.042
103,79333,0.027
103,79334,0.024
103,79335,0.018
103,79336,0.027
103,79337,0.039
103,79338,0.078
103,79339,0.087
103,79340,0.111
103,79341,0.054
103,79342,0.048
103,79343,0.054
103,79344,0.051000000000000004
103,79345,0.081
103,79346,0.21
103,79347,0.063
103,79348,0.03
103,79401,0.027
103,79402,0.024
103,79403,0.024
103,79404,0.024
103,79405,0.021
103,79406,0.027
103,79407,0.024
103,79408,0.021
103,79409,0.027
103,79410,0.021
103,79411,0.024
103,79412,0.027
103,79413,0.018
103,79414,0.024
103,79415,0.024
103,79416,0.03
103,79417,0.036
103,79418,0.063
103,79419,0.056999999999999995
103,79420,0.069
103,79421,0.063
103,79422,0.069
103,79423,0.042
103,79424,0.048
103,79425,0.054
103,79426,0.045
103,79427,0.027
103,79428,0.03
103,79429,0.051000000000000004
103,79430,0.033
103,79431,0.045
103,79432,0.06
103,79433,0.084
103,79434,0.06
103,79435,0.042
103,79436,0.054
103,79437,0.06
103,79438,0.312
103,79439,0.372
103,79440,0.345
103,79441,0.375
103,79442,0.147
103,79443,0.09
103,79444,0.087
103,79445,0.072
103,79446,0.147
103,79447,0.17099999999999999
103,79448,0.045
103,79501,0.042
103,79502,0.045
103,79503,0.042
103,79504,0.042
103,79505,0.042
103,79506,0.042
103,79507,0.042
103,79508,0.039
103,79509,0.045
103,79510,0.078
103,79511,0.135
103,79512,0.078
103,79513,0.048
103,79514,0.096
103,79515,0.087
103,79516,0.042
103,79517,0.039
103,79518,0.033
103,79519,0.03
103,79520,0.048
103,79521,0.06
103,79522,0.042
103,79523,0.042
103,79524,0.018
103,79525,0.039
103,79526,0.033
103,79527,0.024
103,79528,0.024
103,79529,0.018
103,79530,0.024
103,79531,0.021
103,79532,0.036
103,79533,0.036
103,79534,0.09
103,79535,0.024
103,79536,0.198
103,79537,0.039
103,79538,0.063
103,79539,0.051000000000000004
103,79540,0.039
103,79541,0.051000000000000004
103,79542,0.051000000000000004
103,79543,0.09
103,79544,0.042
103,79545,0.132
103,79546,0.099
103,79547,0.024
103,79548,0.027
103,79601,0.024
103,79602,0.021
103,79603,0.027
103,79604,0.024
103,79605,0.021
103,79606,0.027
103,79607,0.021
103,79608,0.024
103,79609,0.11699999999999999
103,79610,0.243
103,79611,0.06
103,79612,0.036
103,79613,0.087
103,79614,0.135
103,79615,0.054
103,79616,0.03
103,79617,0.021
103,79618,0.021
103,79619,0.018
103,79620,0.024
103,79621,0.021
103,79622,0.033
103,79623,0.027
103,79624,0.018
103,79625,0.024
103,79626,0.069
103,79627,0.066
103,79628,0.042
103,79629,0.048
103,79630,0.024
103,79631,0.021
103,79632,0.021
103,79633,0.024
103,79634,0.018
103,79635,0.024
103,79636,0.021
103,79637,0.045
103,79638,0.024
103,79639,0.042
103,79640,0.081
103,79641,0.081
103,79642,0.075
103,79643,0.081
103,79644,0.078
103,79645,0.036
103,79646,0.027
103,79647,0.021
103,79648,0.027
103,79701,0.024
103,79702,0.021
103,79703,0.027
103,79704,0.024
103,79705,0.027
103,79706,0.027
103,79707,0.021
103,79708,0.03
103,79709,0.129
103,79710,0.042
103,79711,0.03
103,79712,0.024
103,79713,0.021
103,79714,0.054
103,79715,0.087
103,79716,0.056999999999999995
103,79717,0.042
103,79718,0.036
103,79719,0.033
103,79720,0.027
103,79721,0.06
103,79722,0.039
103,79723,0.072
103,79724,0.024
103,79725,0.021
103,79726,0.018
103,79727,0.021
103,79728,0.021
103,79729,0.018
103,79730,0.033
103,79731,0.027
103,79732,0.024
103,79733,0.06
103,79734,0.063
103,79735,0.069
103,79736,0.048
103,79737,0.021
103,79738,0.021
103,79739,0.021
103,79740,0.129
103,79741,0.087
103,79742,0.078
103,79743,0.084
103,79744,0.069
103,79745,0.03
103,79746,0.23099999999999998
103,79747,0.042
103,79748,0.027
103,79801,0.03
103,79802,0.06
103,79803,0.045
103,79804,0.039
103,79805,0.027
103,79806,0.03
103,79807,0.027
103,79808,0.027
103,79809,0.027
103,79810,0.024
103,79811,0.027
103,79812,0.024
103,79813,0.056999999999999995
103,79814,0.078
103,79815,0.066
103,79816,0.03
103,79817,0.036
103,79818,0.03
103,79819,0.03
103,79820,0.024
103,79821,0.015
103,79822,0.021
103,79823,0.024
103,79824,0.015
103,79825,0.021
103,79826,0.021
103,79827,0.042
103,79828,0.027
103,79829,0.027
103,79830,0.021
103,79831,0.024
103,79832,0.021
103,79833,0.021
103,79834,0.021
103,79835,0.021
103,79836,0.039
103,79837,0.147
103,79838,0.087
103,79839,0.096
103,79840,0.078
103,79841,0.096
103,79842,0.11399999999999999
103,79843,0.066
103,79844,0.042
103,79845,0.177
103,79846,0.087
103,79847,0.03
103,79848,0.027
103,79901,0.027
103,79902,0.027
103,79903,0.024
103,79904,0.027
103,79905,0.027
103,79906,0.021
103,79907,0.027
103,79908,0.024
103,79909,0.021
103,79910,0.027
103,79911,0.093
103,79912,0.189
103,79913,0.078
103,79914,0.084
103,79915,0.075
103,79916,0.033
103,79917,0.03
103,79918,0.024
103,79919,0.021
103,79920,0.027
103,79921,0.027
103,79922,0.027
103,79923,0.021
103,79924,0.027
103,79925,0.021
103,79926,0.033
103,79927,0.021
103,79928,0.027
103,79929,0.039
103,79930,0.021
103,79931,0.021
103,79932,0.048
103,79933,0.045
103,79934,0.036
103,79935,0.075
103,79936,0.063
103,79937,0.03
103,79938,0.033
103,79939,0.03
103,79940,0.054
103,79941,0.084
103,79942,0.105
103,79943,0.096
103,79944,0.096
103,79945,0.276
103,79946,0.03
103,79947,0.024
103,79948,0.027
103,80001,0.021
103,80002,0.027
103,80003,0.024
103,80004,0.021
103,80005,0.027
103,80006,0.021
103,80007,0.024
103,80008,0.024
103,80009,0.018
103,80010,0.027
103,80011,0.024
103,80012,0.021
103,80013,0.024
103,80014,0.021
103,80015,0.06
103,80016,0.036
103,80017,0.021
103,80018,0.039
103,80019,0.051000000000000004
103,80020,0.22799999999999998
103,80021,0.168
103,80022,0.066
103,80023,0.021
103,80024,0.024
103,80025,0.021
103,80026,0.021
103,80027,0.021
103,80028,0.018
103,80029,0.024
103,80030,0.021
103,80031,0.018
103,80032,0.024
103,80033,0.018
103,80034,0.024
103,80035,0.021
103,80036,0.018
103,80037,0.021
103,80038,0.021
103,80039,0.036
103,80040,0.042
103,80041,0.036
103,80042,0.042
103,80043,0.039
103,80044,0.039
103,80045,0.027
103,80046,0.018
103,80047,0.024
103,80048,0.021
103,80101,0.018
103,80102,0.021
103,80103,0.018
103,80104,0.021
103,80105,0.021
103,80106,0.018
103,80107,0.021
103,80108,0.021
103,80109,0.021
103,80110,0.021
103,80111,0.018
103,80112,0.021
103,80113,0.021
103,80114,0.018
103,80115,0.021
103,80116,0.021
103,80117,0.018
103,80118,0.021
103,80119,0.018
103,80120,0.021
103,80121,0.021
103,80122,0.018
103,80123,0.024
103,80124,0.021
103,80125,0.018
103,80126,0.024
103,80127,0.018
103,80128,0.021
103,80129,0.021
103,80130,0.018
103,80131,0.024
103,80132,0.021
103,80133,0.021
103,80134,0.021
103,80135,0.018
103,80136,0.024
103,80137,0.021
103,80138,0.018
103,80139,0.039
103,80140,0.039
103,80141,0.042
103,80142,0.042
103,80143,0.036
103,80144,0.042
103,80145,0.027
103,80146,0.018
103,80147,0.021
103,80148,0.018
103,80201,0.021
103,80202,0.021
103,80203,0.018
103,80204,0.027
103,80205,0.06
103,80206,0.036
103,80207,0.03
103,80208,0.021
103,80209,0.021
103,80210,0.018
103,80211,0.024
103,80212,0.021
103,80213,0.021
103,80214,0.021
103,80215,0.021
103,80216,0.021
103,80217,0.021
103,80218,0.015
103,80219,0.021
103,80220,0.021
103,80221,0.018
103,80222,0.021
103,80223,0.018
103,80224,0.021
103,80225,0.081
103,80226,0.03
103,80227,0.018
103,80228,0.024
103,80229,0.021
103,80230,0.024
103,80231,0.024
103,80232,0.033
103,80233,0.033
103,80234,0.066
103,80235,0.072
103,80236,0.17099999999999999
103,80237,0.081
103,80238,0.081
103,80239,0.105
103,80240,0.105
103,80241,0.099
103,80242,0.09
103,80243,0.096
103,80244,0.048
103,80245,0.033
103,80246,0.138
103,80247,0.12
103,80248,0.03
103,80301,0.03
103,80302,0.027
103,80303,0.033
103,80304,0.03
103,80305,0.027
103,80306,0.03
103,80307,0.027
103,80308,0.033
103,80309,0.03
103,80310,0.027
103,80311,0.033
103,80312,0.024
103,80313,0.054
103,80314,0.063
103,80315,0.066
103,80316,0.03
103,80317,0.033
103,80318,0.033
103,80319,0.051000000000000004
103,80320,0.024
103,80321,0.021
103,80322,0.024
103,80323,0.018
103,80324,0.024
103,80325,0.021
103,80326,0.018
103,80327,0.039
103,80328,0.021
103,80329,0.021
103,80330,0.033
103,80331,0.054
103,80332,0.036
103,80333,0.033
103,80334,0.021
103,80335,0.024
103,80336,0.045
103,80337,0.027
103,80338,0.021
103,80339,0.024
103,80340,0.042
103,80341,0.12
103,80342,0.075
103,80343,0.075
103,80344,0.048
103,80345,0.033
103,80346,0.024
103,80347,0.03
103,80348,0.021
103,80401,0.024
103,80402,0.021
103,80403,0.024
103,80404,0.024
103,80405,0.021
103,80406,0.027
103,80407,0.024
103,80408,0.021
103,80409,0.024
103,80410,0.021
103,80411,0.027
103,80412,0.027
103,80413,0.105
103,80414,0.11699999999999999
103,80415,0.12
103,80416,0.087
103,80417,0.087
103,80418,0.078
103,80419,0.069
103,80420,0.063
103,80421,0.063
103,80422,0.066
103,80423,0.063
103,80424,0.066
103,80425,0.069
103,80426,0.081
103,80427,0.06
103,80428,0.054
103,80429,0.056999999999999995
103,80430,0.054
103,80431,0.051000000000000004
103,80432,0.056999999999999995
103,80433,0.051000000000000004
103,80434,0.056999999999999995
103,80435,0.056999999999999995
103,80436,0.081
103,80437,0.063
103,80438,0.056999999999999995
103,80439,0.063
103,80440,0.09
103,80441,0.081
103,80442,0.084
103,80443,0.084
103,80444,0.087
103,80445,0.036
103,80446,0.22499999999999998
103,80447,0.036
103,80448,0.069
103,80501,0.048
103,80502,0.045
103,80503,0.033
103,80504,0.036
103,80505,0.033
103,80506,0.03
103,80507,0.036
103,80508,0.03
103,80509,0.042
103,80510,0.159
103,80511,0.056999999999999995
103,80512,0.042
103,80513,0.063
103,80514,0.066
103,80515,0.081
103,80516,0.024
103,80517,0.036
103,80518,0.036
103,80519,0.03
103,80520,0.03
103,80521,0.018
103,80522,0.024
103,80523,0.021
103,80524,0.018
103,80525,0.024
103,80526,0.018
103,80527,0.03
103,80528,0.03
103,80529,0.018
103,80530,0.024
103,80531,0.021
103,80532,0.027
103,80533,0.03
103,80534,0.018
103,80535,0.024
103,80536,0.054
103,80537,0.06
103,80538,0.147
103,80539,0.078
103,80540,0.087
103,80541,0.084
103,80542,0.099
103,80543,0.11699999999999999
103,80544,0.111
103,80545,0.033
103,80546,0.20400000000000001
103,80547,0.021
103,80548,0.03
103,80601,0.024
103,80602,0.024
103,80603,0.027
103,80604,0.021
103,80605,0.027
103,80606,0.027
103,80607,0.021
103,80608,0.027
103,80609,0.024
103,80610,0.033
103,80611,0.12299999999999998
103,80612,0.045
103,80613,0.063
103,80614,0.069
103,80615,0.084
103,80616,0.084
103,80617,0.033
103,80618,0.054
103,80619,0.027
103,80620,0.018
103,80621,0.024
103,80622,0.018
103,80623,0.024
103,80624,0.024
103,80625,0.018
103,80626,0.024
103,80627,0.036
103,80628,0.056999999999999995
103,80629,0.063
103,80630,0.045
103,80631,0.036
103,80632,0.036
103,80633,0.03
103,80634,0.021
103,80635,0.024
103,80636,0.03
103,80637,0.036
103,80638,0.056999999999999995
103,80639,0.093
103,80640,0.105
103,80641,0.108
103,80642,0.132
103,80643,0.159
103,80644,0.093
103,80645,0.222
103,80646,0.108
103,80647,0.027
103,80648,0.036
103,80701,0.03
103,80702,0.027
103,80703,0.03
103,80704,0.024
103,80705,0.027
103,80706,0.03
103,80707,0.021
103,80708,0.027
103,80709,0.12299999999999998
103,80710,0.22799999999999998
103,80711,0.06
103,80712,0.033
103,80713,0.027
103,80714,0.045
103,80715,0.054
103,80716,0.10200000000000001
103,80717,0.056999999999999995
103,80718,0.06
103,80719,0.033
103,80720,0.018
103,80721,0.018
103,80722,0.018
103,80723,0.018
103,80724,0.018
103,80725,0.015
103,80726,0.021
103,80727,0.018
103,80728,0.015
103,80729,0.018
103,80730,0.015
103,80731,0.021
103,80732,0.018
103,80733,0.015
103,80734,0.021
103,80735,0.015
103,80736,0.018
103,80737,0.018
103,80738,0.018
103,80739,0.03
103,80740,0.03
103,80741,0.027
103,80742,0.033
103,80743,0.024
103,80744,0.03
103,80745,0.027
103,80746,0.012
103,80747,0.021
103,80748,0.015
103,80801,0.018
103,80802,0.018
103,80803,0.012
103,80804,0.021
103,80805,0.018
103,80806,0.015
103,80807,0.018
103,80808,0.018
103,80809,0.015
103,80810,0.018
103,80811,0.015
103,80812,0.018
103,80813,0.021
103,80814,0.012
103,80815,0.021
103,80816,0.018
103,80817,0.012
103,80818,0.018
103,80819,0.015
103,80820,0.015
103,80821,0.018
103,80822,0.012
103,80823,0.018
103,80824,0.018
103,80825,0.012
103,80826,0.018
103,80827,0.018
103,80828,0.015
103,80829,0.018
103,80830,0.015
103,80831,0.018
103,80832,0.018
103,80833,0.012
103,80834,0.018
103,80835,0.018
103,80836,0.015
103,80837,0.018
103,80838,0.018
103,80839,0.03
103,80840,0.03
103,80841,0.024
103,80842,0.033
103,80843,0.027
103,80844,0.027
103,80845,0.027
103,80846,0.012
103,80847,0.018
103,80848,0.021
103,80901,0.054
103,80902,0.033
103,80903,0.027
103,80904,0.015
103,80905,0.021
103,80906,0.012
103,80907,0.021
103,80908,0.018
103,80909,0.015
103,80910,0.021
103,80911,0.015
103,80912,0.018
103,80913,0.018
103,80914,0.012
103,80915,0.021
103,80916,0.015
103,80917,0.015
103,80918,0.018
103,80919,0.015
103,80920,0.018
103,80921,0.018
103,80922,0.012
103,80923,0.018
103,80924,0.018
103,80925,0.015
103,80926,0.018
103,80927,0.015
103,80928,0.018
103,80929,0.018
103,80930,0.012
103,80931,0.018
103,80932,0.015
103,80933,0.015
103,80934,0.018
103,80935,0.015
103,80936,0.018
103,80937,0.018
103,80938,0.018
103,80939,0.03
103,80940,0.027
103,80941,0.027
103,80942,0.03
103,80943,0.027
103,80944,0.03
103,80945,0.024
103,80946,0.015
103,80947,0.021
103,80948,0.012
103,81001,0.018
103,81002,0.018
103,81003,0.012
103,81004,0.021
103,81005,0.015
103,81006,0.015
103,81007,0.021
103,81008,0.015
103,81009,0.018
103,81010,0.018
103,81011,0.012
103,81012,0.021
103,81013,0.018
103,81014,0.015
103,81015,0.018
103,81016,0.018
103,81017,0.015
103,81018,0.018
103,81019,0.012
103,81020,0.018
103,81021,0.018
103,81022,0.012
103,81023,0.018
103,81024,0.018
103,81025,0.015
103,81026,0.018
103,81027,0.015
103,81028,0.018
103,81029,0.018
103,81030,0.012
103,81031,0.018
103,81032,0.03
103,81033,0.045
103,81034,0.03
103,81035,0.024
103,81036,0.018
103,81037,0.018
103,81038,0.018
103,81039,0.03
103,81040,0.03
103,81041,0.027
103,81042,0.03
103,81043,0.024
103,81044,0.03
103,81045,0.024
103,81046,0.015
103,81047,0.021
103,81048,0.015
103,81101,0.018
103,81102,0.018
103,81103,0.012
103,81104,0.018
103,81105,0.018
103,81106,0.015
103,81107,0.021
103,81108,0.012
103,81109,0.018
103,81110,0.018
103,81111,0.012
103,81112,0.021
103,81113,0.015
103,81114,0.015
103,81115,0.018
103,81116,0.012
103,81117,0.018
103,81118,0.018
103,81119,0.012
103,81120,0.018
103,81121,0.015
103,81122,0.015
103,81123,0.018
103,81124,0.012
103,81125,0.018
103,81126,0.018
103,81127,0.015
103,81128,0.018
103,81129,0.015
103,81130,0.018
103,81131,0.018
103,81132,0.012
103,81133,0.018
103,81134,0.015
103,81135,0.018
103,81136,0.018
103,81137,0.015
103,81138,0.024
103,81139,0.027
103,81140,0.027
103,81141,0.03
103,81142,0.024
103,81143,0.03
103,81144,0.03
103,81145,0.021
103,81146,0.021
103,81147,0.015
103,81148,0.018
103,81201,0.021
103,81202,0.012
103,81203,0.021
103,81204,0.015
103,81205,0.015
103,81206,0.021
103,81207,0.012
103,81208,0.021
103,81209,0.018
103,81210,0.012
103,81211,0.021
103,81212,0.015
103,81213,0.018
103,81214,0.018
103,81215,0.012
103,81216,0.021
103,81217,0.051000000000000004
103,81218,0.033
103,81219,0.03
103,81220,0.015
103,81221,0.018
103,81222,0.018
103,81223,0.015
103,81224,0.018
103,81225,0.012
103,81226,0.018
103,81227,0.018
103,81228,0.012
103,81229,0.018
103,81230,0.015
103,81231,0.018
103,81232,0.018
103,81233,0.012
103,81234,0.018
103,81235,0.015
103,81236,0.015
103,81237,0.021
103,81238,0.015
103,81239,0.03
103,81240,0.03
103,81241,0.024
103,81242,0.03
103,81243,0.027
103,81244,0.03
103,81245,0.024
103,81246,0.015
103,81247,0.018
103,81248,0.018
103,81301,0.015
103,81302,0.018
103,81303,0.015
103,81304,0.018
103,81305,0.018
103,81306,0.015
103,81307,0.018
103,81308,0.015
103,81309,0.015
103,81310,0.018
103,81311,0.015
103,81312,0.018
103,81313,0.018
103,81314,0.015
103,81315,0.018
103,81316,0.018
103,81317,0.012
103,81318,0.018
103,81319,0.015
103,81320,0.015
103,81321,0.018
103,81322,0.012
103,81323,0.018
103,81324,0.018
103,81325,0.015
103,81326,0.018
103,81327,0.015
103,81328,0.018
103,81329,0.018
103,81330,0.015
103,81331,0.018
103,81332,0.015
103,81333,0.018
103,81334,0.018
103,81335,0.015
103,81336,0.018
103,81337,0.045
103,81338,0.036
103,81339,0.045
103,81340,0.036
103,81341,0.027
103,81342,0.03
103,81343,0.027
103,81344,0.03
103,81345,0.021
103,81346,0.018
103,81347,0.018
103,81348,0.015
103,81401,0.018
103,81402,0.018
103,81403,0.015
103,81404,0.018
103,81405,0.015
103,81406,0.018
103,81407,0.018
103,81408,0.015
103,81409,0.018
103,81410,0.018
103,81411,0.012
103,81412,0.018
103,81413,0.018
103,81414,0.012
103,81415,0.018
103,81416,0.015
103,81417,0.015
103,81418,0.018
103,81419,0.015
103,81420,0.018
103,81421,0.018
103,81422,0.012
103,81423,0.018
103,81424,0.018
103,81425,0.012
103,81426,0.018
103,81427,0.015
103,81428,0.015
103,81429,0.018
103,81430,0.012
103,81431,0.018
103,81432,0.018
103,81433,0.012
103,81434,0.018
103,81435,0.015
103,81436,0.015
103,81437,0.018
103,81438,0.015
103,81439,0.03
103,81440,0.03
103,81441,0.024
103,81442,0.03
103,81443,0.027
103,81444,0.027
103,81445,0.024
103,81446,0.015
103,81447,0.018
103,81448,0.018
103,81501,0.012
103,81502,0.018
103,81503,0.018
103,81504,0.012
103,81505,0.018
103,81506,0.018
103,81507,0.012
103,81508,0.018
103,81509,0.012
103,81510,0.018
103,81511,0.018
103,81512,0.015
103,81513,0.015
103,81514,0.021
103,81515,0.012
103,81516,0.018
103,81517,0.018
103,81518,0.012
103,81519,0.018
103,81520,0.018
103,81521,0.012
103,81522,0.018
103,81523,0.015
103,81524,0.015
103,81525,0.018
103,81526,0.048
103,81527,0.033
103,81528,0.03
103,81529,0.015
103,81530,0.018
103,81531,0.015
103,81532,0.018
103,81533,0.018
103,81534,0.012
103,81535,0.018
103,81536,0.015
103,81537,0.015
103,81538,0.021
103,81539,0.027
103,81540,0.03
103,81541,0.03
103,81542,0.024
103,81543,0.03
103,81544,0.027
103,81545,0.021
103,81546,0.021
103,81547,0.012
103,81548,0.021
103,81601,0.018
103,81602,0.021
103,81603,0.015
103,81604,0.018
103,81605,0.021
103,81606,0.012
103,81607,0.021
103,81608,0.018
103,81609,0.015
103,81610,0.021
103,81611,0.015
103,81612,0.018
103,81613,0.018
103,81614,0.015
103,81615,0.018
103,81616,0.018
103,81617,0.012
103,81618,0.018
103,81619,0.015
103,81620,0.012
103,81621,0.018
103,81622,0.015
103,81623,0.015
103,81624,0.018
103,81625,0.012
103,81626,0.018
103,81627,0.018
103,81628,0.012
103,81629,0.018
103,81630,0.015
103,81631,0.015
103,81632,0.018
103,81633,0.012
103,81634,0.018
103,81635,0.018
103,81636,0.012
103,81637,0.018
103,81638,0.018
103,81639,0.027
103,81640,0.03
103,81641,0.024
103,81642,0.03
103,81643,0.03
103,81644,0.024
103,81645,0.027
103,81646,0.015
103,81647,0.018
103,81648,0.018
103,81701,0.012
103,81702,0.018
103,81703,0.018
103,81704,0.012
103,81705,0.018
103,81706,0.018
103,81707,0.015
103,81708,0.018
103,81709,0.033
103,81710,0.045
103,81711,0.03
103,81712,0.018
103,81713,0.018
103,81714,0.018
103,81715,0.015
103,81716,0.018
103,81717,0.012
103,81718,0.018
103,81719,0.018
103,81720,0.012
103,81721,0.018
103,81722,0.018
103,81723,0.015
103,81724,0.018
103,81725,0.015
103,81726,0.018
103,81727,0.018
103,81728,0.012
103,81729,0.018
103,81730,0.015
103,81731,0.015
103,81732,0.018
103,81733,0.015
103,81734,0.018
103,81735,0.018
103,81736,0.015
103,81737,0.018
103,81738,0.018
103,81739,0.027
103,81740,0.03
103,81741,0.024
103,81742,0.033
103,81743,0.027
103,81744,0.024
103,81745,0.027
103,81746,0.015
103,81747,0.018
103,81748,0.018
103,81801,0.015
103,81802,0.018
103,81803,0.015
103,81804,0.015
103,81805,0.018
103,81806,0.015
103,81807,0.018
103,81808,0.018
103,81809,0.015
103,81810,0.018
103,81811,0.018
103,81812,0.012
103,81813,0.018
103,81814,0.015
103,81815,0.015
103,81816,0.018
103,81817,0.012
103,81818,0.018
103,81819,0.018
103,81820,0.012
103,81821,0.018
103,81822,0.015
103,81823,0.015
103,81824,0.018
103,81825,0.012
103,81826,0.018
103,81827,0.018
103,81828,0.012
103,81829,0.018
103,81830,0.015
103,81831,0.015
103,81832,0.018
103,81833,0.012
103,81834,0.018
103,81835,0.018
103,81836,0.012
103,81837,0.018
103,81838,0.018
103,81839,0.03
103,81840,0.03
103,81841,0.063
103,81842,0.042
103,81843,0.042
103,81844,0.027
103,81845,0.024
103,81846,0.018
103,81847,0.018
103,81848,0.021
103,81901,0.012
103,81902,0.018
103,81903,0.018
103,81904,0.015
103,81905,0.021
103,81906,0.012
103,81907,0.018
103,81908,0.021
103,81909,0.012
103,81910,0.018
103,81911,0.018
103,81912,0.015
103,81913,0.018
103,81914,0.012
103,81915,0.018
103,81916,0.018
103,81917,0.012
103,81918,0.018
103,81919,0.018
103,81920,0.012
103,81921,0.018
103,81922,0.015
103,81923,0.015
103,81924,0.018
103,81925,0.012
103,81926,0.018
103,81927,0.018
103,81928,0.012
103,81929,0.018
103,81930,0.015
103,81931,0.018
103,81932,0.018
103,81933,0.012
103,81934,0.018
103,81935,0.015
103,81936,0.018
103,81937,0.018
103,81938,0.018
103,81939,0.03
103,81940,0.03
103,81941,0.027
103,81942,0.03
103,81943,0.027
103,81944,0.03
103,81945,0.024
103,81946,0.015
103,81947,0.018
103,81948,0.018
103,82001,0.015
103,82002,0.018
103,82003,0.015
103,82004,0.018
103,82005,0.021
103,82006,0.012
103,82007,0.018
103,82008,0.018
103,82009,0.015
103,82010,0.018
103,82011,0.015
103,82012,0.018
103,82013,0.018
103,82014,0.012
103,82015,0.021
103,82016,0.015
103,82017,0.012
103,82018,0.018
103,82019,0.015
103,82020,0.015
103,82021,0.018
103,82022,0.012
103,82023,0.018
103,82024,0.018
103,82025,0.054
103,82026,0.033
103,82027,0.027
103,82028,0.015
103,82029,0.018
103,82030,0.015
103,82031,0.018
103,82032,0.018
103,82033,0.015
103,82034,0.018
103,82035,0.015
103,82036,0.018
103,82037,0.021
103,82038,0.048
103,82039,0.087
103,82040,0.111
103,82041,0.087
103,82042,0.069
103,82043,0.069
103,82044,0.087
103,82045,0.045
103,82046,0.033
103,82047,0.03
103,82048,0.03
103,82101,0.033
103,82102,0.024
103,82103,0.03
103,82104,0.03
103,82105,0.027
103,82106,0.033
103,82107,0.027
103,82108,0.039
103,82109,0.108
103,82110,0.045
103,82111,0.03
103,82112,0.03
103,82113,0.024
103,82114,0.033
103,82115,0.036
103,82116,0.042
103,82117,0.06
103,82118,0.11399999999999999
103,82119,0.078
103,82120,0.072
103,82121,0.054
103,82122,0.042
103,82123,0.033
103,82124,0.051000000000000004
103,82125,0.024
103,82126,0.021
103,82127,0.024
103,82128,0.018
103,82129,0.027
103,82130,0.027
103,82131,0.021
103,82132,0.027
103,82133,0.024
103,82134,0.021
103,82135,0.024
103,82136,0.021
103,82137,0.078
103,82138,0.039
103,82139,0.084
103,82140,0.093
103,82141,0.087
103,82142,0.075
103,82143,0.054
103,82144,0.06
103,82145,0.056999999999999995
103,82146,0.03
103,82147,0.198
103,82148,0.063
103,82201,0.027
103,82202,0.027
103,82203,0.021
103,82204,0.027
103,82205,0.054
103,82206,0.048
103,82207,0.024
103,82208,0.027
103,82209,0.147
103,82210,0.066
103,82211,0.051000000000000004
103,82212,0.024
103,82213,0.024
103,82214,0.021
103,82215,0.021
103,82216,0.024
103,82217,0.03
103,82218,0.042
103,82219,0.027
103,82220,0.063
103,82221,0.147
103,82222,0.159
103,82223,0.108
103,82224,0.159
103,82225,0.108
103,82226,0.075
103,82227,0.078
103,82228,0.087
103,82229,0.06
103,82230,0.051000000000000004
103,82231,0.048
103,82232,0.078
103,82233,0.06
103,82234,0.039
103,82235,0.027
103,82236,0.033
103,82237,0.096
103,82238,0.10200000000000001
103,82239,0.075
103,82240,0.084
103,82241,0.081
103,82242,0.081
103,82243,0.054
103,82244,0.033
103,82245,0.141
103,82246,0.096
103,82247,0.027
103,82248,0.021
103,82301,0.027
103,82302,0.024
103,82303,0.027
103,82304,0.024
103,82305,0.021
103,82306,0.027
103,82307,0.021
103,82308,0.024
103,82309,0.024
103,82310,0.018
103,82311,0.027
103,82312,0.024
103,82313,0.06
103,82314,0.078
103,82315,0.033
103,82316,0.03
103,82317,0.09
103,82318,0.039
103,82319,0.045
103,82320,0.03
103,82321,0.024
103,82322,0.021
103,82323,0.021
103,82324,0.024
103,82325,0.048
103,82326,0.024
103,82327,0.021
103,82328,0.021
103,82329,0.024
103,82330,0.018
103,82331,0.024
103,82332,0.021
103,82333,0.021
103,82334,0.024
103,82335,0.027
103,82336,0.093
103,82337,0.056999999999999995
103,82338,0.081
103,82339,0.072
103,82340,0.051000000000000004
103,82341,0.048
103,82342,0.069
103,82343,0.081
103,82344,0.084
103,82345,0.039
103,82346,0.021
103,82347,0.027
103,82348,0.021
103,82401,0.024
103,82402,0.024
103,82403,0.018
103,82404,0.024
103,82405,0.027
103,82406,0.021
103,82407,0.024
103,82408,0.024
103,82409,0.021
103,82410,0.024
103,82411,0.021
103,82412,0.024
103,82413,0.06
103,82414,0.24599999999999997
103,82415,0.075
103,82416,0.045
103,82417,0.048
103,82418,0.036
103,82419,0.018
103,82420,0.024
103,82421,0.021
103,82422,0.024
103,82423,0.021
103,82424,0.018
103,82425,0.048
103,82426,0.021
103,82427,0.024
103,82428,0.021
103,82429,0.021
103,82430,0.039
103,82431,0.021
103,82432,0.024
103,82433,0.027
103,82434,0.036
103,82435,0.039
103,82436,0.056999999999999995
103,82437,0.056999999999999995
103,82438,0.051000000000000004
103,82439,0.036
103,82440,0.045
103,82441,0.036
103,82442,0.042
103,82443,0.039
103,82444,0.036
103,82445,0.042
103,82446,0.20400000000000001
103,82447,0.051000000000000004
103,82448,0.027
103,82501,0.024
103,82502,0.027
103,82503,0.027
103,82504,0.024
103,82505,0.027
103,82506,0.024
103,82507,0.027
103,82508,0.138
103,82509,0.147
103,82510,0.051000000000000004
103,82511,0.024
103,82512,0.024
103,82513,0.066
103,82514,0.06
103,82515,0.066
103,82516,0.066
103,82517,0.045
103,82518,0.036
103,82519,0.021
103,82520,0.024
103,82521,0.021
103,82522,0.03
103,82523,0.054
103,82524,0.045
103,82525,0.051000000000000004
103,82526,0.021
103,82527,0.021
103,82528,0.024
103,82529,0.018
103,82530,0.036
103,82531,0.042
103,82532,0.027
103,82533,0.027
103,82534,0.03
103,82535,0.039
103,82536,0.051000000000000004
103,82537,0.048
103,82538,0.054
103,82539,0.045
103,82540,0.06
103,82541,0.11399999999999999
103,82542,0.093
103,82543,0.09
103,82544,0.084
103,82545,0.024
103,82546,0.027
103,82547,0.207
103,82548,0.024
103,82601,0.027
103,82602,0.021
103,82603,0.027
103,82604,0.024
103,82605,0.021
103,82606,0.024
103,82607,0.021
103,82608,0.024
103,82609,0.056999999999999995
103,82610,0.039
103,82611,0.036
103,82612,0.024
103,82613,0.06
103,82614,0.072
103,82615,0.066
103,82616,0.056999999999999995
103,82617,0.03
103,82618,0.03
103,82619,0.039
103,82620,0.054
103,82621,0.027
103,82622,0.021
103,82623,0.021
103,82624,0.024
103,82625,0.018
103,82626,0.051000000000000004
103,82627,0.021
103,82628,0.021
103,82629,0.024
103,82630,0.018
103,82631,0.03
103,82632,0.027
103,82633,0.024
103,82634,0.024
103,82635,0.027
103,82636,0.099
103,82637,0.18
103,82638,0.09
103,82639,0.087
103,82640,0.096
103,82641,0.081
103,82642,0.084
103,82643,0.168
103,82644,0.063
103,82645,0.033
103,82646,0.11399999999999999
103,82647,0.132
103,82648,0.03
103,82701,0.024
103,82702,0.027
103,82703,0.027
103,82704,0.024
103,82705,0.027
103,82706,0.024
103,82707,0.027
103,82708,0.033
103,82709,0.108
103,82710,0.048
103,82711,0.024
103,82712,0.027
103,82713,0.039
103,82714,0.021
103,82715,0.024
103,82716,0.021
103,82717,0.03
103,82718,0.03
103,82719,0.051000000000000004
103,82720,0.056999999999999995
103,82721,0.039
103,82722,0.039
103,82723,0.069
103,82724,0.024
103,82725,0.027
103,82726,0.063
103,82727,0.036
103,82728,0.033
103,82729,0.066
103,82730,0.045
103,82731,0.036
103,82732,0.024
103,82733,0.10200000000000001
103,82734,0.054
103,82735,0.09
103,82736,0.276
103,82737,0.144
103,82738,0.10200000000000001
103,82739,0.105
103,82740,0.09
103,82741,0.159
103,82742,0.099
103,82743,0.087
103,82744,0.105
103,82745,0.108
103,82746,0.132
103,82747,0.174
103,82748,0.036
103,82801,0.036
103,82802,0.03
103,82803,0.039
103,82804,0.036
103,82805,0.03
103,82806,0.036
103,82807,0.03
103,82808,0.033
103,82809,0.036
103,82810,0.069
103,82811,0.045
103,82812,0.048
103,82813,0.03
103,82814,0.045
103,82815,0.048
103,82816,0.045
103,82817,0.09
103,82818,0.045
103,82819,0.03
103,82820,0.03
103,82821,0.027
103,82822,0.03
103,82823,0.06
103,82824,0.075
103,82825,0.06
103,82826,0.045
103,82827,0.069
103,82828,0.069
103,82829,0.072
103,82830,0.063
103,82831,0.042
103,82832,0.081
103,82833,0.17099999999999999
103,82834,0.11699999999999999
103,82835,0.135
103,82836,0.24899999999999997
103,82837,0.111
103,82838,0.162
103,82839,0.165
103,82840,0.159
103,82841,0.153
103,82842,0.165
103,82843,0.162
103,82844,0.141
103,82845,0.207
103,82846,0.183
103,82847,0.069
103,82848,0.066
103,82901,0.069
103,82902,0.066
103,82903,0.03
103,82904,0.033
103,82905,0.033
103,82906,0.027
103,82907,0.033
103,82908,0.033
103,82909,0.033
103,82910,0.099
103,82911,0.051000000000000004
103,82912,0.027
103,82913,0.054
103,82914,0.072
103,82915,0.033
103,82916,0.03
103,82917,0.075
103,82918,0.081
103,82919,0.054
103,82920,0.045
103,82921,0.048
103,82922,0.051000000000000004
103,82923,0.045
103,82924,0.03
103,82925,0.03
103,82926,0.075
103,82927,0.033
103,82928,0.033
103,82929,0.03
103,82930,0.027
103,82931,0.03
103,82932,0.024
103,82933,0.03
103,82934,0.033
103,82935,0.075
103,82936,0.162
103,82937,0.162
103,82938,0.156
103,82939,0.147
103,82940,0.162
103,82941,0.168
103,82942,0.156
103,82943,0.132
103,82944,0.096
103,82945,0.174
103,82946,0.24
103,82947,0.10200000000000001
103,82948,0.045
103,83001,0.036
103,83002,0.042
103,83003,0.036
103,83004,0.039
103,83005,0.039
103,83006,0.036
103,83007,0.039
103,83008,0.036
103,83009,0.039
103,83010,0.039
103,83011,0.036
103,83012,0.039
103,83013,0.045
103,83014,0.056999999999999995
103,83015,0.069
103,83016,0.048
103,83017,0.072
103,83018,0.09
103,83019,0.10200000000000001
103,83020,0.096
103,83021,0.048
103,83022,0.045
103,83023,0.045
103,83024,0.027
103,83025,0.045
103,83026,0.093
103,83027,0.108
103,83028,0.096
103,83029,0.063
103,83030,0.06
103,83031,0.06
103,83032,0.027
103,83033,0.03
103,83034,0.06
103,83035,0.10200000000000001
103,83036,0.222
103,83037,0.195
103,83038,0.129
103,83039,0.165
103,83040,0.15
103,83041,0.162
103,83042,0.177
103,83043,0.138
103,83044,0.09
103,83045,0.11699999999999999
103,83046,0.24599999999999997
103,83047,0.06
103,83048,0.048
103,83101,0.03
103,83102,0.024
103,83103,0.03
103,83104,0.024
103,83105,0.024
103,83106,0.027
103,83107,0.021
103,83108,0.027
103,83109,0.027
103,83110,0.177
103,83111,0.23099999999999998
103,83112,0.054
103,83113,0.033
103,83114,0.075
103,83115,0.066
103,83116,0.027
103,83117,0.027
103,83118,0.03
103,83119,0.036
103,83120,0.027
103,83121,0.021
103,83122,0.069
103,83123,0.084
103,83124,0.084
103,83125,0.105
103,83126,0.081
103,83127,0.069
103,83128,0.063
103,83129,0.084
103,83130,0.072
103,83131,0.093
103,83132,0.072
103,83133,0.048
103,83134,0.036
103,83135,0.054
103,83136,0.129
103,83137,0.129
103,83138,0.153
103,83139,0.12
103,83140,0.099
103,83141,0.105
103,83142,0.10200000000000001
103,83143,0.129
103,83144,0.156
103,83145,0.219
103,83146,0.309
103,83147,0.132
103,83148,0.105
103,83201,0.078
103,83202,0.072
103,83203,0.078
103,83204,0.078
103,83205,0.069
103,83206,0.078
103,83207,0.075
103,83208,0.072
103,83209,0.075
103,83210,0.075
103,83211,0.072
103,83212,0.075
103,83213,0.11699999999999999
103,83214,0.147
103,83215,0.12299999999999998
103,83216,0.072
103,83217,0.069
103,83218,0.075
103,83219,0.111
103,83220,0.084
103,83221,0.045
103,83222,0.021
103,83223,0.036
103,83224,0.036
103,83225,0.036
103,83226,0.036
103,83227,0.039
103,83228,0.09
103,83229,0.258
103,83230,0.069
103,83231,0.03
103,83232,0.048
103,83233,0.054
103,83234,0.063
103,83235,0.084
103,83236,0.11699999999999999
103,83237,0.153
103,83238,0.093
103,83239,0.11699999999999999
103,83240,0.11699999999999999
103,83241,0.126
103,83242,0.099
103,83243,0.12299999999999998
103,83244,0.135
103,83245,0.297
103,83246,0.192
103,83247,0.105
103,83248,0.096
103,83301,0.075
103,83302,0.072
103,83303,0.072
103,83304,0.075
103,83305,0.075
103,83306,0.078
103,83307,0.078
103,83308,0.069
103,83309,0.072
103,83310,0.078
103,83311,0.069
103,83312,0.075
103,83313,0.11699999999999999
103,83314,0.144
103,83315,0.11699999999999999
103,83316,0.075
103,83317,0.072
103,83318,0.075
103,83319,0.11399999999999999
103,83320,0.096
103,83321,0.087
103,83322,0.056999999999999995
103,83323,0.036
103,83324,0.021
103,83325,0.021
103,83326,0.024
103,83327,0.018
103,83328,0.027
103,83329,0.042
103,83330,0.048
103,83331,0.033
103,83332,0.048
103,83333,0.054
103,83334,0.051000000000000004
103,83335,0.051000000000000004
103,83336,0.051000000000000004
103,83337,0.051000000000000004
103,83338,0.06
103,83339,0.11399999999999999
103,83340,0.11399999999999999
103,83341,0.135
103,83342,0.195
103,83343,0.17099999999999999
103,83344,0.159
103,83345,0.11699999999999999
103,83346,0.156
103,83347,0.261
103,83348,0.072
103,83401,0.078
103,83402,0.072
103,83403,0.075
103,83404,0.078
103,83405,0.072
103,83406,0.078
103,83407,0.078
103,83408,0.069
103,83409,0.11699999999999999
103,83410,0.288
103,83411,0.09
103,83412,0.093
103,83413,0.11399999999999999
103,83414,0.12
103,83415,0.12
103,83416,0.075
103,83417,0.081
103,83418,0.036
103,83419,0.021
103,83420,0.036
103,83421,0.033
103,83422,0.192
103,83423,0.056999999999999995
103,83424,0.045
103,83425,0.078
103,83426,0.036
103,83427,0.036
103,83428,0.048
103,83429,0.075
103,83430,0.048
103,83431,0.036
103,83432,0.021
103,83433,0.03
103,83434,0.042
103,83435,0.051000000000000004
103,83436,0.072
103,83437,0.078
103,83438,0.081
103,83439,0.087
103,83440,0.11699999999999999
103,83441,0.096
103,83442,0.165
103,83443,0.165
103,83444,0.162
103,83445,0.11399999999999999
103,83446,0.174
103,83447,0.24599999999999997
103,83448,0.084
103,83501,0.078
103,83502,0.078
103,83503,0.072
103,83504,0.078
103,83505,0.081
103,83506,0.072
103,83507,0.081
103,83508,0.078
103,83509,0.075
103,83510,0.081
103,83511,0.099
103,83512,0.099
103,83513,0.111
103,83514,0.153
103,83515,0.09
103,83516,0.066
103,83517,0.024
103,83518,0.021
103,83519,0.021
103,83520,0.018
103,83521,0.021
103,83522,0.021
103,83523,0.018
103,83524,0.024
103,83525,0.021
103,83526,0.021
103,83527,0.024
103,83528,0.018
103,83529,0.021
103,83530,0.024
103,83531,0.018
103,83532,0.024
103,83533,0.021
103,83534,0.021
103,83535,0.024
103,83536,0.018
103,83537,0.033
103,83538,0.033
103,83539,0.03
103,83540,0.036
103,83541,0.033
103,83542,0.03
103,83543,0.036
103,83544,0.03
103,83545,0.027
103,83546,0.021
103,83547,0.018
103,83548,0.024
103,83601,0.021
103,83602,0.018
103,83603,0.024
103,83604,0.021
103,83605,0.018
103,83606,0.021
103,83607,0.021
103,83608,0.021
103,83609,0.024
103,83610,0.015
103,83611,0.021
103,83612,0.024
103,83613,0.015
103,83614,0.024
103,83615,0.021
103,83616,0.018
103,83617,0.024
103,83618,0.021
103,83619,0.021
103,83620,0.024
103,83621,0.045
103,83622,0.045
103,83623,0.036
103,83624,0.024
103,83625,0.021
103,83626,0.024
103,83627,0.018
103,83628,0.024
103,83629,0.021
103,83630,0.021
103,83631,0.024
103,83632,0.018
103,83633,0.021
103,83634,0.024
103,83635,0.056999999999999995
103,83636,0.084
103,83637,0.081
103,83638,0.084
103,83639,0.093
103,83640,0.087
103,83641,0.081
103,83642,0.072
103,83643,0.056999999999999995
103,83644,0.039
103,83645,0.03
103,83646,0.036
103,83647,0.033
103,83648,0.027
103,83701,0.036
103,83702,0.033
103,83703,0.03
103,83704,0.036
103,83705,0.03
103,83706,0.033
103,83707,0.036
103,83708,0.036
103,83709,0.174
103,83710,0.072
103,83711,0.036
103,83712,0.033
103,83713,0.078
103,83714,0.075
103,83715,0.072
103,83716,0.063
103,83717,0.039
103,83718,0.042
103,83719,0.036
103,83720,0.033
103,83721,0.024
103,83722,0.021
103,83723,0.024
103,83724,0.018
103,83725,0.021
103,83726,0.024
103,83727,0.018
103,83728,0.024
103,83729,0.027
103,83730,0.039
103,83731,0.024
103,83732,0.111
103,83733,0.054
103,83734,0.027
103,83735,0.051000000000000004
103,83736,0.153
103,83737,0.087
103,83738,0.099
103,83739,0.081
103,83740,0.048
103,83741,0.051000000000000004
103,83742,0.048
103,83743,0.054
103,83744,0.063
103,83745,0.078
103,83746,0.17099999999999999
103,83747,0.186
103,83748,0.072
103,83801,0.078
103,83802,0.072
103,83803,0.072
103,83804,0.078
103,83805,0.072
103,83806,0.078
103,83807,0.078
103,83808,0.081
103,83809,0.363
103,83810,0.10200000000000001
103,83811,0.093
103,83812,0.075
103,83813,0.099
103,83814,0.132
103,83815,0.126
103,83816,0.11399999999999999
103,83817,0.06
103,83818,0.048
103,83819,0.033
103,83820,0.024
103,83821,0.024
103,83822,0.018
103,83823,0.024
103,83824,0.03
103,83825,0.027
103,83826,0.066
103,83827,0.021
103,83828,0.03
103,83829,0.027
103,83830,0.024
103,83831,0.024
103,83832,0.027
103,83833,0.021
103,83834,0.042
103,83835,0.045
103,83836,0.045
103,83837,0.054
103,83838,0.051000000000000004
103,83839,0.12299999999999998
103,83840,0.056999999999999995
103,83841,0.078
103,83842,0.105
103,83843,0.111
103,83844,0.075
103,83845,0.078
103,83846,0.072
103,83847,0.084
103,83848,0.267
103,83901,0.069
103,83902,0.072
103,83903,0.075
103,83904,0.069
103,83905,0.075
103,83906,0.078
103,83907,0.072
103,83908,0.078
103,83909,0.075
103,83910,0.072
103,83911,0.075
103,83912,0.072
103,83913,0.111
103,83914,0.126
103,83915,0.111
103,83916,0.081
103,83917,0.051000000000000004
103,83918,0.072
103,83919,0.036
103,83920,0.033
103,83921,0.027
103,83922,0.099
103,83923,0.042
103,83924,0.09
103,83925,0.024
103,83926,0.024
103,83927,0.033
103,83928,0.03
103,83929,0.021
103,83930,0.024
103,83931,0.021
103,83932,0.021
103,83933,0.024
103,83934,0.021
103,83935,0.03
103,83936,0.054
103,83937,0.048
103,83938,0.042
103,83939,0.045
103,83940,0.132
103,83941,0.153
103,83942,0.10200000000000001
103,83943,0.078
103,83944,0.063
103,83945,0.243
103,83946,0.12299999999999998
103,83947,0.084
103,83948,0.081
103,84001,0.081
103,84002,0.081
103,84003,0.078
103,84004,0.084
103,84005,0.084
103,84006,0.078
103,84007,0.081
103,84008,0.081
103,84009,0.087
103,84010,0.24
103,84011,0.111
103,84012,0.09
103,84013,0.11399999999999999
103,84014,0.12
103,84015,0.096
103,84016,0.11699999999999999
103,84017,0.087
103,84018,0.087
103,84019,0.069
103,84020,0.051000000000000004
103,84021,0.039
103,84022,0.024
103,84023,0.024
103,84024,0.021
103,84025,0.024
103,84026,0.051000000000000004
103,84027,0.195
103,84028,0.036
103,84029,0.018
103,84030,0.024
103,84031,0.036
103,84032,0.03
103,84033,0.03
103,84034,0.024
103,84035,0.033
103,84036,0.045
103,84037,0.078
103,84038,0.093
103,84039,0.105
103,84040,0.093
103,84041,0.09
103,84042,0.084
103,84043,0.09
103,84044,0.084
103,84045,0.111
103,84046,0.153
103,84047,0.027
103,84048,0.027
103,84101,0.027
103,84102,0.024
103,84103,0.027
103,84104,0.024
103,84105,0.027
103,84106,0.03
103,84107,0.021
103,84108,0.027
103,84109,0.033
103,84110,0.243
103,84111,0.042
103,84112,0.036
103,84113,0.06
103,84114,0.051000000000000004
103,84115,0.084
103,84116,0.048
103,84117,0.051000000000000004
103,84118,0.063
103,84119,0.021
103,84120,0.024
103,84121,0.021
103,84122,0.024
103,84123,0.024
103,84124,0.021
103,84125,0.024
103,84126,0.018
103,84127,0.024
103,84128,0.024
103,84129,0.018
103,84130,0.027
103,84131,0.021
103,84132,0.024
103,84133,0.024
103,84134,0.024
103,84135,0.06
103,84136,0.048
103,84137,0.075
103,84138,0.072
103,84139,0.072
103,84140,0.18
103,84141,0.111
103,84142,0.09
103,84143,0.09
103,84144,0.084
103,84145,0.252
103,84146,0.036
103,84147,0.027
103,84148,0.03
103,84201,0.021
103,84202,0.027
103,84203,0.027
103,84204,0.024
103,84205,0.03
103,84206,0.021
103,84207,0.024
103,84208,0.033
103,84209,0.162
103,84210,0.045
103,84211,0.036
103,84212,0.018
103,84213,0.042
103,84214,0.12299999999999998
103,84215,0.081
103,84216,0.042
103,84217,0.036
103,84218,0.021
103,84219,0.024
103,84220,0.042
103,84221,0.033
103,84222,0.024
103,84223,0.021
103,84224,0.027
103,84225,0.021
103,84226,0.165
103,84227,0.18
103,84228,0.138
103,84229,0.06
103,84230,0.099
103,84231,0.108
103,84232,0.06
103,84233,0.06
103,84234,0.066
103,84235,0.051000000000000004
103,84236,0.111
103,84237,0.12
103,84238,0.162
103,84239,0.264
103,84240,0.069
103,84241,0.09
103,84242,0.18
103,84243,0.111
103,84244,0.105
103,84245,0.21
103,84246,0.129
103,84247,0.03
103,84248,0.027
103,84301,0.03
103,84302,0.027
103,84303,0.027
103,84304,0.027
103,84305,0.021
103,84306,0.03
103,84307,0.024
103,84308,0.024
103,84309,0.024
103,84310,0.021
103,84311,0.027
103,84312,0.027
103,84313,0.021
103,84314,0.027
103,84315,0.027
103,84316,0.036
103,84317,0.048
103,84318,0.099
103,84319,0.036
103,84320,0.024
103,84321,0.021
103,84322,0.027
103,84323,0.06
103,84324,0.06
103,84325,0.033
103,84326,0.056999999999999995
103,84327,0.036
103,84328,0.036
103,84329,0.024
103,84330,0.024
103,84331,0.024
103,84332,0.072
103,84333,0.078
103,84334,0.033
103,84335,0.03
103,84336,0.036
103,84337,0.06
103,84338,0.126
103,84339,0.09
103,84340,0.10200000000000001
103,84341,0.10200000000000001
103,84342,0.075
103,84343,0.084
103,84344,0.096
103,84345,0.078
103,84346,0.165
103,84347,0.189
103,84348,0.075
103,84401,0.072
103,84402,0.072
103,84403,0.075
103,84404,0.072
103,84405,0.078
103,84406,0.075
103,84407,0.072
103,84408,0.075
103,84409,0.072
103,84410,0.072
103,84411,0.075
103,84412,0.069
103,84413,0.108
103,84414,0.12299999999999998
103,84415,0.11699999999999999
103,84416,0.075
103,84417,0.078
103,84418,0.042
103,84419,0.054
103,84420,0.045
103,84421,0.018
103,84422,0.024
103,84423,0.018
103,84424,0.024
103,84425,0.054
103,84426,0.024
103,84427,0.024
103,84428,0.018
103,84429,0.024
103,84430,0.024
103,84431,0.018
103,84432,0.03
103,84433,0.027
103,84434,0.027
103,84435,0.051000000000000004
103,84436,0.09
103,84437,0.078
103,84438,0.087
103,84439,0.093
103,84440,0.06
103,84441,0.056999999999999995
103,84442,0.056999999999999995
103,84443,0.072
103,84444,0.099
103,84445,0.084
103,84446,0.183
103,84447,0.174
103,84448,0.078
103,84501,0.075
103,84502,0.069
103,84503,0.072
103,84504,0.072
103,84505,0.072
103,84506,0.075
103,84507,0.072
103,84508,0.075
103,84509,0.078
103,84510,0.138
103,84511,0.351
103,84512,0.105
103,84513,0.126
103,84514,0.129
103,84515,0.093
103,84516,0.069
103,84517,0.081
103,84518,0.108
103,84519,0.051000000000000004
103,84520,0.042
103,84521,0.021
103,84522,0.024
103,84523,0.021
103,84524,0.021
103,84525,0.024
103,84526,0.018
103,84527,0.024
103,84528,0.03
103,84529,0.042
103,84530,0.024
103,84531,0.021
103,84532,0.03
103,84533,0.027
103,84534,0.024
103,84535,0.042
103,84536,0.051000000000000004
103,84537,0.048
103,84538,0.051000000000000004
103,84539,0.042
103,84540,0.108
103,84541,0.144
103,84542,0.132
103,84543,0.135
103,84544,0.135
103,84545,0.108
103,84546,0.093
103,84547,0.072
103,84548,0.072
103,84601,0.075
103,84602,0.072
103,84603,0.075
103,84604,0.075
103,84605,0.072
103,84606,0.078
103,84607,0.078
103,84608,0.069
103,84609,0.078
103,84610,0.09
103,84611,0.23099999999999998
103,84612,0.093
103,84613,0.081
103,84614,0.069
103,84615,0.072
103,84616,0.081
103,84617,0.132
103,84618,0.096
103,84619,0.105
103,84620,0.099
103,84621,0.039
103,84622,0.036
103,84623,0.033
103,84624,0.027
103,84625,0.027
103,84626,0.021
103,84627,0.069
103,84628,0.056999999999999995
103,84629,0.056999999999999995
103,84630,0.06
103,84631,0.056999999999999995
103,84632,0.042
103,84633,0.033
103,84634,0.03
103,84635,0.03
103,84636,0.11399999999999999
103,84637,0.141
103,84638,0.135
103,84639,0.087
103,84640,0.156
103,84641,0.153
103,84642,0.174
103,84643,0.15
103,84644,0.087
103,84645,0.093
103,84646,0.318
103,84647,0.096
103,84648,0.081
103,84701,0.084
103,84702,0.087
103,84703,0.081
103,84704,0.084
103,84705,0.087
103,84706,0.081
103,84707,0.084
103,84708,0.087
103,84709,0.078
103,84710,0.255
103,84711,0.111
103,84712,0.096
103,84713,0.11699999999999999
103,84714,0.12299999999999998
103,84715,0.147
103,84716,0.09
103,84717,0.084
103,84718,0.075
103,84719,0.045
103,84720,0.021
103,84721,0.036
103,84722,0.024
103,84723,0.018
103,84724,0.024
103,84725,0.021
103,84726,0.018
103,84727,0.075
103,84728,0.021
103,84729,0.021
103,84730,0.024
103,84731,0.018
103,84732,0.024
103,84733,0.021
103,84734,0.021
103,84735,0.042
103,84736,0.108
103,84737,0.072
103,84738,0.081
103,84739,0.081
103,84740,0.096
103,84741,0.081
103,84742,0.12299999999999998
103,84743,0.126
103,84744,0.084
103,84745,0.075
103,84746,0.075
103,84747,0.069
103,84748,0.075
103,84801,0.075
103,84802,0.069
103,84803,0.075
103,84804,0.075
103,84805,0.072
103,84806,0.075
103,84807,0.075
103,84808,0.075
103,84809,0.279
103,84810,0.144
103,84811,0.084
103,84812,0.075
103,84813,0.105
103,84814,0.111
103,84815,0.111
103,84816,0.129
103,84817,0.099
103,84818,0.078
103,84819,0.03
103,84820,0.024
103,84821,0.018
103,84822,0.024
103,84823,0.021
103,84824,0.03
103,84825,0.036
103,84826,0.036
103,84827,0.10200000000000001
103,84828,0.066
103,84829,0.021
103,84830,0.024
103,84831,0.03
103,84832,0.042
103,84833,0.024
103,84834,0.027
103,84835,0.056999999999999995
103,84836,0.093
103,84837,0.087
103,84838,0.093
103,84839,0.078
103,84840,0.042
103,84841,0.048
103,84842,0.06
103,84843,0.141
103,84844,0.132
103,84845,0.22499999999999998
103,84846,0.207
103,84847,0.09
103,84848,0.081
103,84901,0.084
103,84902,0.084
103,84903,0.081
103,84904,0.084
103,84905,0.084
103,84906,0.081
103,84907,0.087
103,84908,0.084
103,84909,0.084
103,84910,0.084
103,84911,0.087
103,84912,0.156
103,84913,0.099
103,84914,0.078
103,84915,0.10200000000000001
103,84916,0.129
103,84917,0.141
103,84918,0.21
103,84919,0.11399999999999999
103,84920,0.093
103,84921,0.03
103,84922,0.03
103,84923,0.024
103,84924,0.024
103,84925,0.024
103,84926,0.018
103,84927,0.093
103,84928,0.036
103,84929,0.054
103,84930,0.096
103,84931,0.039
103,84932,0.081
103,84933,0.06
103,84934,0.066
103,84935,0.075
103,84936,0.159
103,84937,0.084
103,84938,0.11699999999999999
103,84939,0.12299999999999998
103,84940,0.087
103,84941,0.081
103,84942,0.078
103,84943,0.081
103,84944,0.072
103,84945,0.198
103,84946,0.20400000000000001
103,84947,0.072
103,84948,0.093
103,85001,0.105
103,85002,0.09
103,85003,0.081
103,85004,0.078
103,85005,0.078
103,85006,0.072
103,85007,0.078
103,85008,0.075
103,85009,0.081
103,85010,0.24899999999999997
103,85011,0.10200000000000001
103,85012,0.081
103,85013,0.072
103,85014,0.078
103,85015,0.078
103,85016,0.075
103,85017,0.069
103,85018,0.075
103,85019,0.075
103,85020,0.078
103,85021,0.078
103,85022,0.075
103,85023,0.075
103,85024,0.087
103,85025,0.039
103,85026,0.096
103,85027,0.054
103,85028,0.033
103,85029,0.075
103,85030,0.045
103,85031,0.063
103,85032,0.054
103,85033,0.069
103,85034,0.06
103,85035,0.096
103,85036,0.099
103,85037,0.105
103,85038,0.174
103,85039,0.081
103,85040,0.078
103,85041,0.066
103,85042,0.075
103,85043,0.12299999999999998
103,85044,0.099
103,85045,0.087
103,85046,0.081
103,85047,0.3
103,85048,0.084
103,85101,0.078
103,85102,0.087
103,85103,0.084
103,85104,0.078
103,85105,0.084
103,85106,0.084
103,85107,0.078
103,85108,0.084
103,85109,0.081
103,85110,0.081
103,85111,0.084
103,85112,0.084
103,85113,0.108
103,85114,0.138
103,85115,0.12
103,85116,0.078
103,85117,0.081
103,85118,0.072
103,85119,0.069
103,85120,0.075
103,85121,0.069
103,85122,0.051000000000000004
103,85123,0.03
103,85124,0.051000000000000004
103,85125,0.021
103,85126,0.024
103,85127,0.063
103,85128,0.033
103,85129,0.033
103,85130,0.021
103,85131,0.024
103,85132,0.018
103,85133,0.021
103,85134,0.024
103,85135,0.042
103,85136,0.12
103,85137,0.129
103,85138,0.126
103,85139,0.138
103,85140,0.108
103,85141,0.099
103,85142,0.12299999999999998
103,85143,0.078
103,85144,0.093
103,85145,0.093
103,85146,0.282
103,85147,0.096
103,85148,0.072
103,85201,0.075
103,85202,0.078
103,85203,0.069
103,85204,0.075
103,85205,0.081
103,85206,0.072
103,85207,0.075
103,85208,0.078
103,85209,0.069
103,85210,0.24
103,85211,0.294
103,85212,0.10200000000000001
103,85213,0.12299999999999998
103,85214,0.12299999999999998
103,85215,0.111
103,85216,0.078
103,85217,0.11399999999999999
103,85218,0.087
103,85219,0.087
103,85220,0.075
103,85221,0.072
103,85222,0.072
103,85223,0.03
103,85224,0.024
103,85225,0.024
103,85226,0.024
103,85227,0.027
103,85228,0.096
103,85229,0.033
103,85230,0.024
103,85231,0.021
103,85232,0.027
103,85233,0.03
103,85234,0.03
103,85235,0.036
103,85236,0.036
103,85237,0.10200000000000001
103,85238,0.10200000000000001
103,85239,0.105
103,85240,0.093
103,85241,0.087
103,85242,0.087
103,85243,0.09
103,85244,0.084
103,85245,0.09
103,85246,0.10200000000000001
103,85247,0.072
103,85248,0.075
103,85301,0.072
103,85302,0.069
103,85303,0.075
103,85304,0.072
103,85305,0.075
103,85306,0.075
103,85307,0.075
103,85308,0.075
103,85309,0.078
103,85310,0.072
103,85311,0.075
103,85312,0.081
103,85313,0.108
103,85314,0.12299999999999998
103,85315,0.126
103,85316,0.072
103,85317,0.075
103,85318,0.084
103,85319,0.081
103,85320,0.078
103,85321,0.078
103,85322,0.056999999999999995
103,85323,0.033
103,85324,0.051000000000000004
103,85325,0.072
103,85326,0.039
103,85327,0.033
103,85328,0.024
103,85329,0.027
103,85330,0.021
103,85331,0.024
103,85332,0.021
103,85333,0.021
103,85334,0.027
103,85335,0.033
103,85336,0.066
103,85337,0.096
103,85338,0.09
103,85339,0.096
103,85340,0.147
103,85341,0.186
103,85342,0.129
103,85343,0.132
103,85344,0.11699999999999999
103,85345,0.096
103,85346,0.177
103,85347,0.198
103,85348,0.084
103,85401,0.075
103,85402,0.081
103,85403,0.081
103,85404,0.078
103,85405,0.084
103,85406,0.084
103,85407,0.078
103,85408,0.084
103,85409,0.084
103,85410,0.078
103,85411,0.081
103,85412,0.078
103,85413,0.093
103,85414,0.129
103,85415,0.126
103,85416,0.087
103,85417,0.11699999999999999
103,85418,0.099
103,85419,0.036
103,85420,0.027
103,85421,0.027
103,85422,0.018
103,85423,0.024
103,85424,0.021
103,85425,0.018
103,85426,0.036
103,85427,0.033
103,85428,0.024
103,85429,0.027
103,85430,0.018
103,85431,0.024
103,85432,0.024
103,85433,0.018
103,85434,0.024
103,85435,0.021
103,85436,0.054
103,85437,0.093
103,85438,0.084
103,85439,0.09
103,85440,0.056999999999999995
103,85441,0.054
103,85442,0.056999999999999995
103,85443,0.063
103,85444,0.108
103,85445,0.087
103,85446,0.279
103,85447,0.075
103,85448,0.078
103,85501,0.072
103,85502,0.075
103,85503,0.075
103,85504,0.069
103,85505,0.075
103,85506,0.078
103,85507,0.069
103,85508,0.075
103,85509,0.081
103,85510,0.276
103,85511,0.135
103,85512,0.093
103,85513,0.105
103,85514,0.135
103,85515,0.153
103,85516,0.09
103,85517,0.063
103,85518,0.024
103,85519,0.027
103,85520,0.021
103,85521,0.021
103,85522,0.024
103,85523,0.018
103,85524,0.024
103,85525,0.024
103,85526,0.042
103,85527,0.024
103,85528,0.024
103,85529,0.033
103,85530,0.036
103,85531,0.018
103,85532,0.024
103,85533,0.027
103,85534,0.036
103,85535,0.039
103,85536,0.045
103,85537,0.042
103,85538,0.045
103,85539,0.054
103,85540,0.111
103,85541,0.09
103,85542,0.072
103,85543,0.081
103,85544,0.078
103,85545,0.072
103,85546,0.075
103,85547,0.078
103,85548,0.075
103,85601,0.078
103,85602,0.075
103,85603,0.072
103,85604,0.078
103,85605,0.075
103,85606,0.075
103,85607,0.078
103,85608,0.075
103,85609,0.072
103,85610,0.078
103,85611,0.072
103,85612,0.075
103,85613,0.078
103,85614,0.12
103,85615,0.099
103,85616,0.12
103,85617,0.042
103,85618,0.03
103,85619,0.018
103,85620,0.021
103,85621,0.018
103,85622,0.021
103,85623,0.021
103,85624,0.018
103,85625,0.021
103,85626,0.021
103,85627,0.018
103,85628,0.021
103,85629,0.024
103,85630,0.018
103,85631,0.024
103,85632,0.024
103,85633,0.018
103,85634,0.027
103,85635,0.036
103,85636,0.084
103,85637,0.081
103,85638,0.078
103,85639,0.075
103,85640,0.078
103,85641,0.066
103,85642,0.072
103,85643,0.09
103,85644,0.096
103,85645,0.078
103,85646,0.084
103,85647,0.10200000000000001
103,85648,0.282
103,85701,0.09
103,85702,0.243
103,85703,0.108
103,85704,0.087
103,85705,0.072
103,85706,0.078
103,85707,0.078
103,85708,0.069
103,85709,0.087
103,85710,0.201
103,85711,0.093
103,85712,0.081
103,85713,0.075
103,85714,0.072
103,85715,0.072
103,85716,0.078
103,85717,0.075
103,85718,0.072
103,85719,0.075
103,85720,0.087
103,85721,0.11699999999999999
103,85722,0.177
103,85723,0.24899999999999997
103,85724,0.23399999999999999
103,85725,0.141
103,85726,0.186
103,85727,0.15
103,85728,0.216
103,85729,0.159
103,85730,0.09
103,85731,0.075
103,85732,0.054
103,85733,0.063
103,85734,0.056999999999999995
103,85735,0.051000000000000004
103,85736,0.056999999999999995
103,85737,0.198
103,85738,0.20400000000000001
103,85739,0.072
103,85740,0.09
103,85741,0.084
103,85742,0.084
103,85743,0.081
103,85744,0.075
103,85745,0.165
103,85746,0.192
103,85747,0.078
103,85748,0.072
103,85801,0.078
103,85802,0.075
103,85803,0.072
103,85804,0.078
103,85805,0.078
103,85806,0.072
103,85807,0.078
103,85808,0.078
103,85809,0.10200000000000001
103,85810,0.174
103,85811,0.10200000000000001
103,85812,0.096
103,85813,0.129
103,85814,0.147
103,85815,0.135
103,85816,0.087
103,85817,0.063
103,85818,0.027
103,85819,0.024
103,85820,0.024
103,85821,0.015
103,85822,0.021
103,85823,0.024
103,85824,0.018
103,85825,0.051000000000000004
103,85826,0.027
103,85827,0.018
103,85828,0.024
103,85829,0.021
103,85830,0.018
103,85831,0.024
103,85832,0.042
103,85833,0.056999999999999995
103,85834,0.06
103,85835,0.063
103,85836,0.099
103,85837,0.084
103,85838,0.084
103,85839,0.12
103,85840,0.069
103,85841,0.093
103,85842,0.129
103,85843,0.186
103,85844,0.165
103,85845,0.09
103,85846,0.20400000000000001
103,85847,0.177
103,85848,0.072
103,85901,0.078
103,85902,0.075
103,85903,0.069
103,85904,0.078
103,85905,0.078
103,85906,0.072
103,85907,0.075
103,85908,0.075
103,85909,0.072
103,85910,0.108
103,85911,0.309
103,85912,0.096
103,85913,0.11699999999999999
103,85914,0.135
103,85915,0.096
103,85916,0.084
103,85917,0.078
103,85918,0.081
103,85919,0.051000000000000004
103,85920,0.03
103,85921,0.018
103,85922,0.021
103,85923,0.024
103,85924,0.018
103,85925,0.021
103,85926,0.048
103,85927,0.018
103,85928,0.072
103,85929,0.024
103,85930,0.027
103,85931,0.024
103,85932,0.021
103,85933,0.021
103,85934,0.024
103,85935,0.024
103,85936,0.051000000000000004
103,85937,0.051000000000000004
103,85938,0.045
103,85939,0.078
103,85940,0.056999999999999995
103,85941,0.051000000000000004
103,85942,0.054
103,85943,0.075
103,85944,0.081
103,85945,0.081
103,85946,0.111
103,85947,0.09
103,85948,0.084
103,86001,0.072
103,86002,0.075
103,86003,0.069
103,86004,0.072
103,86005,0.072
103,86006,0.069
103,86007,0.078
103,86008,0.075
103,86009,0.069
103,86010,0.078
103,86011,0.072
103,86012,0.069
103,86013,0.34199999999999997
103,86014,0.429
103,86015,0.23399999999999999
103,86016,0.075
103,86017,0.084
103,86018,0.081
103,86019,0.09
103,86020,0.036
103,86021,0.024
103,86022,0.129
103,86023,0.207
103,86024,0.054
103,86025,0.027
103,86026,0.03
103,86027,0.027
103,86028,0.024
103,86029,0.018
103,86030,0.024
103,86031,0.021
103,86032,0.021
103,86033,0.027
103,86034,0.033
103,86035,0.10200000000000001
103,86036,0.105
103,86037,0.078
103,86038,0.081
103,86039,0.099
103,86040,0.144
103,86041,0.11399999999999999
103,86042,0.099
103,86043,0.078
103,86044,0.078
103,86045,0.183
103,86046,0.219
103,86047,0.081
103,86048,0.087
103,86101,0.084
103,86102,0.078
103,86103,0.084
103,86104,0.081
103,86105,0.081
103,86106,0.087
103,86107,0.081
103,86108,0.084
103,86109,0.084
103,86110,0.078
103,86111,0.084
103,86112,0.081
103,86113,0.10200000000000001
103,86114,0.132
103,86115,0.135
103,86116,0.078
103,86117,0.09
103,86118,0.045
103,86119,0.03
103,86120,0.03
103,86121,0.018
103,86122,0.024
103,86123,0.021
103,86124,0.021
103,86125,0.024
103,86126,0.06
103,86127,0.033
103,86128,0.036
103,86129,0.024
103,86130,0.024
103,86131,0.027
103,86132,0.054
103,86133,0.03
103,86134,0.021
103,86135,0.048
103,86136,0.099
103,86137,0.099
103,86138,0.23399999999999999
103,86139,0.081
103,86140,0.084
103,86141,0.078
103,86142,0.072
103,86143,0.11399999999999999
103,86144,0.087
103,86145,0.075
103,86146,0.165
103,86147,0.195
103,86148,0.078
103,86201,0.075
103,86202,0.072
103,86203,0.075
103,86204,0.072
103,86205,0.075
103,86206,0.078
103,86207,0.072
103,86208,0.078
103,86209,0.267
103,86210,0.243
103,86211,0.108
103,86212,0.078
103,86213,0.105
103,86214,0.138
103,86215,0.12299999999999998
103,86216,0.078
103,86217,0.042
103,86218,0.063
103,86219,0.036
103,86220,0.033
103,86221,0.021
103,86222,0.024
103,86223,0.021
103,86224,0.024
103,86225,0.036
103,86226,0.036
103,86227,0.045
103,86228,0.03
103,86229,0.039
103,86230,0.033
103,86231,0.021
103,86232,0.03
103,86233,0.033
103,86234,0.027
103,86235,0.039
103,86236,0.051000000000000004
103,86237,0.054
103,86238,0.051000000000000004
103,86239,0.051000000000000004
103,86240,0.111
103,86241,0.174
103,86242,0.099
103,86243,0.105
103,86244,0.075
103,86245,0.306
103,86246,0.11399999999999999
103,86247,0.09
103,86248,0.09
103,86301,0.072
103,86302,0.075
103,86303,0.075
103,86304,0.072
103,86305,0.075
103,86306,0.072
103,86307,0.075
103,86308,0.078
103,86309,0.069
103,86310,0.078
103,86311,0.072
103,86312,0.066
103,86313,0.11699999999999999
103,86314,0.12299999999999998
103,86315,0.099
103,86316,0.093
103,86317,0.075
103,86318,0.126
103,86319,0.108
103,86320,0.042
103,86321,0.033
103,86322,0.036
103,86323,0.027
103,86324,0.024
103,86325,0.021
103,86326,0.021
103,86327,0.024
103,86328,0.018
103,86329,0.024
103,86330,0.024
103,86331,0.018
103,86332,0.024
103,86333,0.021
103,86334,0.021
103,86335,0.024
103,86336,0.018
103,86337,0.027
103,86338,0.024
103,86339,0.063
103,86340,0.039
103,86341,0.03
103,86342,0.024
103,86343,0.027
103,86344,0.018
103,86345,0.024
103,86346,0.021
103,86347,0.018
103,86348,0.021
103,86401,0.021
103,86402,0.018
103,86403,0.021
103,86404,0.021
103,86405,0.018
103,86406,0.024
103,86407,0.024
103,86408,0.018
103,86409,0.024
103,86410,0.021
103,86411,0.018
103,86412,0.024
103,86413,0.021
103,86414,0.018
103,86415,0.021
103,86416,0.021
103,86417,0.015
103,86418,0.021
103,86419,0.021
103,86420,0.018
103,86421,0.021
103,86422,0.024
103,86423,0.018
103,86424,0.018
103,86425,0.024
103,86426,0.021
103,86427,0.018
103,86428,0.024
103,86429,0.021
103,86430,0.018
103,86431,0.024
103,86432,0.021
103,86433,0.018
103,86434,0.024
103,86435,0.021
103,86436,0.021
103,86437,0.024
103,86438,0.024
103,86439,0.021
103,86440,0.027
103,86441,0.021
103,86442,0.021
103,86443,0.024
103,86444,0.024
103,86445,0.018
103,86446,0.024
103,86447,0.024
103,86448,0.015
103,86501,0.024
103,86502,0.021
103,86503,0.015
103,86504,0.024
103,86505,0.024
103,86506,0.018
103,86507,0.024
103,86508,0.024
103,86509,0.018
103,86510,0.021
103,86511,0.021
103,86512,0.021
103,86513,0.018
103,86514,0.024
103,86515,0.021
103,86516,0.018
103,86517,0.024
103,86518,0.021
103,86519,0.018
103,86520,0.024
103,86521,0.024
103,86522,0.018
103,86523,0.021
103,86524,0.024
103,86525,0.018
103,86526,0.021
103,86527,0.024
103,86528,0.018
103,86529,0.021
103,86530,0.069
103,86531,0.048
103,86532,0.051000000000000004
103,86533,0.078
103,86534,0.069
103,86535,0.069
103,86536,0.093
103,86537,0.072
103,86538,0.06
103,86539,0.063
103,86540,0.075
103,86541,0.09
103,86542,0.10200000000000001
103,86543,0.11399999999999999
103,86544,0.108
103,86545,0.108
103,86546,0.087
103,86547,0.081
103,86548,0.081
103,86601,0.078
103,86602,0.081
103,86603,0.084
103,86604,0.078
103,86605,0.081
103,86606,0.081
103,86607,0.078
103,86608,0.081
103,86609,0.087
103,86610,0.264
103,86611,0.105
103,86612,0.11399999999999999
103,86613,0.20400000000000001
103,86614,0.423
103,86615,0.138
103,86616,0.075
103,86617,0.069
103,86618,0.03
103,86619,0.021
103,86620,0.021
103,86621,0.024
103,86622,0.021
103,86623,0.024
103,86624,0.027
103,86625,0.06
103,86626,0.036
103,86627,0.033
103,86628,0.018
103,86629,0.024
103,86630,0.018
103,86631,0.021
103,86632,0.021
103,86633,0.018
103,86634,0.021
103,86635,0.039
103,86636,0.069
103,86637,0.078
103,86638,0.12299999999999998
103,86639,0.072
103,86640,0.081
103,86641,0.10200000000000001
103,86642,0.09
103,86643,0.075
103,86644,0.09
103,86645,0.081
103,86646,0.15
103,86647,0.24
103,86648,0.069
103,86701,0.078
103,86702,0.075
103,86703,0.069
103,86704,0.081
103,86705,0.078
103,86706,0.075
103,86707,0.081
103,86708,0.087
103,86709,0.324
103,86710,0.099
103,86711,0.09
103,86712,0.075
103,86713,0.12299999999999998
103,86714,0.126
103,86715,0.138
103,86716,0.087
103,86717,0.12
103,86718,0.093
103,86719,0.084
103,86720,0.078
103,86721,0.081
103,86722,0.075
103,86723,0.081
103,86724,0.081
103,86725,0.03
103,86726,0.048
103,86727,0.021
103,86728,0.018
103,86729,0.03
103,86730,0.021
103,86731,0.018
103,86732,0.021
103,86733,0.021
103,86734,0.021
103,86735,0.033
103,86736,0.072
103,86737,0.06
103,86738,0.063
103,86739,0.051000000000000004
103,86740,0.147
103,86741,0.081
103,86742,0.072
103,86743,0.078
103,86744,0.084
103,86745,0.084
103,86746,0.087
103,86747,0.072
103,86748,0.075
103,86801,0.078
103,86802,0.069
103,86803,0.072
103,86804,0.075
103,86805,0.072
103,86806,0.078
103,86807,0.078
103,86808,0.072
103,86809,0.075
103,86810,0.075
103,86811,0.072
103,86812,0.069
103,86813,0.105
103,86814,0.12299999999999998
103,86815,0.12299999999999998
103,86816,0.084
103,86817,0.081
103,86818,0.081
103,86819,0.054
103,86820,0.048
103,86821,0.045
103,86822,0.036
103,86823,0.018
103,86824,0.024
103,86825,0.021
103,86826,0.021
103,86827,0.048
103,86828,0.018
103,86829,0.024
103,86830,0.021
103,86831,0.018
103,86832,0.021
103,86833,0.021
103,86834,0.027
103,86835,0.036
103,86836,0.042
103,86837,0.078
103,86838,0.056999999999999995
103,86839,0.048
103,86840,0.042
103,86841,0.045
103,86842,0.045
103,86843,0.051000000000000004
103,86844,0.051000000000000004
103,86845,0.291
103,86846,0.126
103,86847,0.09
103,86848,0.084
103,86901,0.078
103,86902,0.075
103,86903,0.072
103,86904,0.078
103,86905,0.075
103,86906,0.072
103,86907,0.081
103,86908,0.075
103,86909,0.195
103,86910,0.177
103,86911,0.105
103,86912,0.069
103,86913,0.09
103,86914,0.12
103,86915,0.135
103,86916,0.081
103,86917,0.12
103,86918,0.09
103,86919,0.081
103,86920,0.072
103,86921,0.087
103,86922,0.045
103,86923,0.027
103,86924,0.021
103,86925,0.015
103,86926,0.021
103,86927,0.051000000000000004
103,86928,0.018
103,86929,0.024
103,86930,0.021
103,86931,0.021
103,86932,0.021
103,86933,0.018
103,86934,0.03
103,86935,0.03
103,86936,0.039
103,86937,0.081
103,86938,0.084
103,86939,0.084
103,86940,0.11399999999999999
103,86941,0.087
103,86942,0.078
103,86943,0.078
103,86944,0.072
103,86945,0.078
103,86946,0.075
103,86947,0.072
103,86948,0.075
103,87001,0.072
103,87002,0.072
103,87003,0.075
103,87004,0.075
103,87005,0.075
103,87006,0.078
103,87007,0.072
103,87008,0.072
103,87009,0.075
103,87010,0.075
103,87011,0.069
103,87012,0.078
103,87013,0.075
103,87014,0.069
103,87015,0.084
103,87016,0.138
103,87017,0.081
103,87018,0.11399999999999999
103,87019,0.084
103,87020,0.078
103,87021,0.066
103,87022,0.024
103,87023,0.021
103,87024,0.024
103,87025,0.048
103,87026,0.018
103,87027,0.021
103,87028,0.024
103,87029,0.018
103,87030,0.024
103,87031,0.021
103,87032,0.018
103,87033,0.027
103,87034,0.033
103,87035,0.039
103,87036,0.105
103,87037,0.219
103,87038,0.087
103,87039,0.093
103,87040,0.078
103,87041,0.081
103,87042,0.075
103,87043,0.051000000000000004
103,87044,0.06
103,87045,0.054
103,87046,0.156
103,87047,0.258
103,87048,0.078
103,87101,0.081
103,87102,0.084
103,87103,0.078
103,87104,0.084
103,87105,0.084
103,87106,0.078
103,87107,0.084
103,87108,0.087
103,87109,0.321
103,87110,0.105
103,87111,0.099
103,87112,0.105
103,87113,0.147
103,87114,0.108
103,87115,0.075
103,87116,0.081
103,87117,0.069
103,87118,0.021
103,87119,0.021
103,87120,0.03
103,87121,0.03
103,87122,0.027
103,87123,0.021
103,87124,0.018
103,87125,0.021
103,87126,0.021
103,87127,0.018
103,87128,0.024
103,87129,0.021
103,87130,0.021
103,87131,0.042
103,87132,0.03
103,87133,0.051000000000000004
103,87134,0.033
103,87135,0.162
103,87136,0.056999999999999995
103,87137,0.096
103,87138,0.072
103,87139,0.093
103,87140,0.078
103,87141,0.078
103,87142,0.084
103,87143,0.084
103,87144,0.10200000000000001
103,87145,0.078
103,87146,0.069
103,87147,0.078
103,87148,0.105
103,87201,0.093
103,87202,0.087
103,87203,0.072
103,87204,0.078
103,87205,0.072
103,87206,0.072
103,87207,0.078
103,87208,0.069
103,87209,0.072
103,87210,0.078
103,87211,0.069
103,87212,0.093
103,87213,0.189
103,87214,0.11699999999999999
103,87215,0.126
103,87216,0.09
103,87217,0.072
103,87218,0.075
103,87219,0.072
103,87220,0.069
103,87221,0.075
103,87222,0.075
103,87223,0.066
103,87224,0.069
103,87225,0.021
103,87226,0.024
103,87227,0.024
103,87228,0.018
103,87229,0.024
103,87230,0.021
103,87231,0.018
103,87232,0.024
103,87233,0.024
103,87234,0.021
103,87235,0.03
103,87236,0.189
103,87237,0.087
103,87238,0.087
103,87239,0.078
103,87240,0.056999999999999995
103,87241,0.06
103,87242,0.066
103,87243,0.087
103,87244,0.12299999999999998
103,87245,0.099
103,87246,0.201
103,87247,0.189
103,87248,0.078
103,87301,0.075
103,87302,0.072
103,87303,0.075
103,87304,0.072
103,87305,0.075
103,87306,0.078
103,87307,0.075
103,87308,0.09
103,87309,0.309
103,87310,0.096
103,87311,0.09
103,87312,0.081
103,87313,0.111
103,87314,0.153
103,87315,0.093
103,87316,0.084
103,87317,0.042
103,87318,0.024
103,87319,0.018
103,87320,0.024
103,87321,0.021
103,87322,0.018
103,87323,0.021
103,87324,0.024
103,87325,0.018
103,87326,0.021
103,87327,0.048
103,87328,0.018
103,87329,0.024
103,87330,0.03
103,87331,0.024
103,87332,0.024
103,87333,0.021
103,87334,0.021
103,87335,0.033
103,87336,0.056999999999999995
103,87337,0.072
103,87338,0.063
103,87339,0.099
103,87340,0.10200000000000001
103,87341,0.099
103,87342,0.087
103,87343,0.11399999999999999
103,87344,0.099
103,87345,0.087
103,87346,0.081
103,87347,0.075
103,87348,0.084
103,87401,0.081
103,87402,0.075
103,87403,0.081
103,87404,0.078
103,87405,0.075
103,87406,0.084
103,87407,0.081
103,87408,0.078
103,87409,0.084
103,87410,0.081
103,87411,0.078
103,87412,0.081
103,87413,0.108
103,87414,0.12299999999999998
103,87415,0.111
103,87416,0.084
103,87417,0.078
103,87418,0.072
103,87419,0.075
103,87420,0.069
103,87421,0.072
103,87422,0.027
103,87423,0.018
103,87424,0.024
103,87425,0.024
103,87426,0.018
103,87427,0.024
103,87428,0.051000000000000004
103,87429,0.018
103,87430,0.024
103,87431,0.024
103,87432,0.018
103,87433,0.024
103,87434,0.024
103,87435,0.033
103,87436,0.048
103,87437,0.036
103,87438,0.042
103,87439,0.042
103,87440,0.147
103,87441,0.11699999999999999
103,87442,0.108
103,87443,0.087
103,87444,0.11699999999999999
103,87445,0.093
103,87446,0.264
103,87447,0.129
103,87448,0.078
103,87501,0.069
103,87502,0.075
103,87503,0.075
103,87504,0.069
103,87505,0.075
103,87506,0.078
103,87507,0.069
103,87508,0.078
103,87509,0.078
103,87510,0.069
103,87511,0.078
103,87512,0.078
103,87513,0.108
103,87514,0.129
103,87515,0.108
103,87516,0.084
103,87517,0.27
103,87518,0.177
103,87519,0.108
103,87520,0.054
103,87521,0.048
103,87522,0.024
103,87523,0.018
103,87524,0.03
103,87525,0.039
103,87526,0.033
103,87527,0.027
103,87528,0.03
103,87529,0.024
103,87530,0.03
103,87531,0.027
103,87532,0.018
103,87533,0.021
103,87534,0.03
103,87535,0.033
103,87536,0.072
103,87537,0.081
103,87538,0.138
103,87539,0.10200000000000001
103,87540,0.087
103,87541,0.072
103,87542,0.072
103,87543,0.078
103,87544,0.09
103,87545,0.075
103,87546,0.072
103,87547,0.078
103,87548,0.075
103,87601,0.069
103,87602,0.078
103,87603,0.075
103,87604,0.069
103,87605,0.075
103,87606,0.078
103,87607,0.072
103,87608,0.072
103,87609,0.075
103,87610,0.072
103,87611,0.072
103,87612,0.075
103,87613,0.108
103,87614,0.129
103,87615,0.11699999999999999
103,87616,0.084
103,87617,0.084
103,87618,0.081
103,87619,0.075
103,87620,0.081
103,87621,0.051000000000000004
103,87622,0.021
103,87623,0.021
103,87624,0.021
103,87625,0.018
103,87626,0.036
103,87627,0.033
103,87628,0.024
103,87629,0.03
103,87630,0.03
103,87631,0.045
103,87632,0.024
103,87633,0.024
103,87634,0.015
103,87635,0.06
103,87636,0.072
103,87637,0.051000000000000004
103,87638,0.056999999999999995
103,87639,0.063
103,87640,0.192
103,87641,0.12299999999999998
103,87642,0.099
103,87643,0.096
103,87644,0.084
103,87645,0.096
103,87646,0.24599999999999997
103,87647,0.156
103,87648,0.084
103,87701,0.081
103,87702,0.075
103,87703,0.084
103,87704,0.084
103,87705,0.075
103,87706,0.084
103,87707,0.087
103,87708,0.078
103,87709,0.087
103,87710,0.084
103,87711,0.078
103,87712,0.081
103,87713,0.084
103,87714,0.078
103,87715,0.099
103,87716,0.144
103,87717,0.087
103,87718,0.081
103,87719,0.069
103,87720,0.039
103,87721,0.051000000000000004
103,87722,0.054
103,87723,0.255
103,87724,0.108
103,87725,0.144
103,87726,0.06
103,87727,0.183
103,87728,0.159
103,87729,0.11699999999999999
103,87730,0.042
103,87731,0.042
103,87732,0.036
103,87733,0.036
103,87734,0.042
103,87735,0.036
103,87736,0.039
103,87737,0.039
103,87738,0.051000000000000004
103,87739,0.09
103,87740,0.093
103,87741,0.096
103,87742,0.12
103,87743,0.177
103,87744,0.129
103,87745,0.099
103,87746,0.096
103,87747,0.084
103,87748,0.081
103,87801,0.081
103,87802,0.081
103,87803,0.078
103,87804,0.084
103,87805,0.084
103,87806,0.081
103,87807,0.084
103,87808,0.084
103,87809,0.162
103,87810,0.201
103,87811,0.11699999999999999
103,87812,0.081
103,87813,0.078
103,87814,0.087
103,87815,0.081
103,87816,0.066
103,87817,0.078
103,87818,0.072
103,87819,0.069
103,87820,0.078
103,87821,0.075
103,87822,0.069
103,87823,0.081
103,87824,0.096
103,87825,0.045
103,87826,0.078
103,87827,0.072
103,87828,0.024
103,87829,0.024
103,87830,0.018
103,87831,0.024
103,87832,0.024
103,87833,0.03
103,87834,0.042
103,87835,0.051000000000000004
103,87836,0.069
103,87837,0.096
103,87838,0.129
103,87839,0.12
103,87840,0.093
103,87841,0.09
103,87842,0.081
103,87843,0.078
103,87844,0.087
103,87845,0.09
103,87846,0.195
103,87847,0.207
103,87848,0.084
103,87901,0.084
103,87902,0.087
103,87903,0.078
103,87904,0.081
103,87905,0.081
103,87906,0.078
103,87907,0.078
103,87908,0.09
103,87909,0.273
103,87910,0.111
103,87911,0.096
103,87912,0.078
103,87913,0.11399999999999999
103,87914,0.12
103,87915,0.129
103,87916,0.081
103,87917,0.066
103,87918,0.039
103,87919,0.021
103,87920,0.021
103,87921,0.018
103,87922,0.021
103,87923,0.021
103,87924,0.018
103,87925,0.045
103,87926,0.024
103,87927,0.018
103,87928,0.021
103,87929,0.021
103,87930,0.018
103,87931,0.021
103,87932,0.024
103,87933,0.018
103,87934,0.027
103,87935,0.048
103,87936,0.063
103,87937,0.207
103,87938,0.237
103,87939,0.105
103,87940,0.11399999999999999
103,87941,0.096
103,87942,0.099
103,87943,0.099
103,87944,0.093
103,87945,0.081
103,87946,0.075
103,87947,0.075
103,87948,0.078
103,88001,0.069
103,88002,0.075
103,88003,0.078
103,88004,0.069
103,88005,0.078
103,88006,0.081
103,88007,0.072
103,88008,0.078
103,88009,0.087
103,88010,0.324
103,88011,0.099
103,88012,0.099
103,88013,0.12299999999999998
103,88014,0.129
103,88015,0.132
103,88016,0.081
103,88017,0.087
103,88018,0.084
103,88019,0.042
103,88020,0.03
103,88021,0.042
103,88022,0.021
103,88023,0.024
103,88024,0.021
103,88025,0.021
103,88026,0.051000000000000004
103,88027,0.021
103,88028,0.078
103,88029,0.024
103,88030,0.018
103,88031,0.024
103,88032,0.024
103,88033,0.027
103,88034,0.039
103,88035,0.099
103,88036,0.126
103,88037,0.072
103,88038,0.126
103,88039,0.078
103,88040,0.10200000000000001
103,88041,0.126
103,88042,0.138
103,88043,0.11399999999999999
103,88044,0.105
103,88045,0.255
103,88046,0.17099999999999999
103,88047,0.084
103,88048,0.09
103,88101,0.084
103,88102,0.084
103,88103,0.09
103,88104,0.084
103,88105,0.081
103,88106,0.078
103,88107,0.072
103,88108,0.075
103,88109,0.078
103,88110,0.075
103,88111,0.072
103,88112,0.075
103,88113,0.10200000000000001
103,88114,0.132
103,88115,0.138
103,88116,0.081
103,88117,0.075
103,88118,0.072
103,88119,0.069
103,88120,0.078
103,88121,0.078
103,88122,0.036
103,88123,0.036
103,88124,0.024
103,88125,0.051000000000000004
103,88126,0.024
103,88127,0.03
103,88128,0.027
103,88129,0.024
103,88130,0.018
103,88131,0.018
103,88132,0.024
103,88133,0.051000000000000004
103,88134,0.048
103,88135,0.051000000000000004
103,88136,0.063
103,88137,0.072
103,88138,0.069
103,88139,0.072
103,88140,0.066
103,88141,0.081
103,88142,0.078
103,88143,0.093
103,88144,0.11399999999999999
103,88145,0.126
103,88146,0.297
103,88147,0.099
103,88148,0.075
103,88201,0.075
103,88202,0.078
103,88203,0.069
103,88204,0.075
103,88205,0.078
103,88206,0.072
103,88207,0.078
103,88208,0.078
103,88209,0.072
103,88210,0.081
103,88211,0.075
103,88212,0.072
103,88213,0.11699999999999999
103,88214,0.156
103,88215,0.168
103,88216,0.111
103,88217,0.099
103,88218,0.06
103,88219,0.06
103,88220,0.081
103,88221,0.054
103,88222,0.056999999999999995
103,88223,0.087
103,88224,0.072
103,88225,0.069
103,88226,0.063
103,88227,0.036
103,88228,0.021
103,88229,0.024
103,88230,0.027
103,88231,0.018
103,88232,0.024
103,88233,0.021
103,88234,0.051000000000000004
103,88235,0.072
103,88236,0.084
103,88237,0.11699999999999999
103,88238,0.186
103,88239,0.168
103,88240,0.12299999999999998
103,88241,0.11699999999999999
103,88242,0.10200000000000001
103,88243,0.111
103,88244,0.105
103,88245,0.207
103,88246,0.255
103,88247,0.084
103,88248,0.087
103,88301,0.078
103,88302,0.081
103,88303,0.084
103,88304,0.075
103,88305,0.084
103,88306,0.084
103,88307,0.078
103,88308,0.087
103,88309,0.084
103,88310,0.078
103,88311,0.081
103,88312,0.081
103,88313,0.078
103,88314,0.081
103,88315,0.084
103,88316,0.072
103,88317,0.084
103,88318,0.096
103,88319,0.10200000000000001
103,88320,0.189
103,88321,0.111
103,88322,0.099
103,88323,0.11399999999999999
103,88324,0.051000000000000004
103,88325,0.144
103,88326,0.162
103,88327,0.024
103,88328,0.036
103,88329,0.027
103,88330,0.027
103,88331,0.024
103,88332,0.021
103,88333,0.027
103,88334,0.165
103,88335,0.084
103,88336,0.291
103,88337,0.363
103,88338,0.141
103,88339,0.10200000000000001
103,88340,0.126
103,88341,0.111
103,88342,0.099
103,88343,0.099
103,88344,0.081
103,88345,0.18
103,88346,0.219
103,88347,0.093
103,88348,0.084
103,88401,0.081
103,88402,0.084
103,88403,0.078
103,88404,0.081
103,88405,0.084
103,88406,0.078
103,88407,0.084
103,88408,0.084
103,88409,0.12299999999999998
103,88410,0.22799999999999998
103,88411,0.11699999999999999
103,88412,0.078
103,88413,0.084
103,88414,0.084
103,88415,0.105
103,88416,0.20400000000000001
103,88417,0.105
103,88418,0.108
103,88419,0.093
103,88420,0.09
103,88421,0.126
103,88422,0.11699999999999999
103,88423,0.108
103,88424,0.111
103,88425,0.099
103,88426,0.066
103,88427,0.066
103,88428,0.132
103,88429,0.081
103,88430,0.327
103,88431,0.207
103,88432,0.039
103,88433,0.156
103,88434,0.174
103,88435,0.12
103,88436,0.111
103,88437,0.129
103,88438,0.17099999999999999
103,88439,0.147
103,88440,0.132
103,88441,0.144
103,88442,0.132
103,88443,0.11399999999999999
103,88444,0.093
103,88445,0.222
103,88446,0.24899999999999997
103,88447,0.12299999999999998
103,88448,0.11699999999999999
103,88501,0.081
103,88502,0.084
103,88503,0.084
103,88504,0.081
103,88505,0.084
103,88506,0.081
103,88507,0.081
103,88508,0.081
103,88509,0.078
103,88510,0.081
103,88511,0.081
103,88512,0.078
103,88513,0.081
103,88514,0.084
103,88515,0.075
103,88516,0.075
103,88517,0.072
103,88518,0.066
103,88519,0.10200000000000001
103,88520,0.111
103,88521,0.126
103,88522,0.135
103,88523,0.129
103,88524,0.144
103,88525,0.056999999999999995
103,88526,0.066
103,88527,0.042
103,88528,0.042
103,88529,0.033
103,88530,0.051000000000000004
103,88531,0.051000000000000004
103,88532,0.075
103,88533,0.087
103,88534,0.081
103,88535,0.084
103,88536,0.087
103,88537,0.183
103,88538,0.081
103,88539,0.081
103,88540,0.078
103,88541,0.087
103,88542,0.093
103,88543,0.10200000000000001
103,88544,0.063
103,88545,0.075
103,88546,0.23099999999999998
103,88547,0.153
103,88548,0.078
103,88601,0.078
103,88602,0.072
103,88603,0.078
103,88604,0.078
103,88605,0.072
103,88606,0.078
103,88607,0.078
103,88608,0.072
103,88609,0.078
103,88610,0.17099999999999999
103,88611,0.33899999999999997
103,88612,0.111
103,88613,0.132
103,88614,0.108
103,88615,0.12
103,88616,0.078
103,88617,0.078
103,88618,0.084
103,88619,0.06
103,88620,0.036
103,88621,0.027
103,88622,0.021
103,88623,0.021
103,88624,0.018
103,88625,0.048
103,88626,0.021
103,88627,0.021
103,88628,0.021
103,88629,0.018
103,88630,0.021
103,88631,0.021
103,88632,0.018
103,88633,0.024
103,88634,0.021
103,88635,0.051000000000000004
103,88636,0.11399999999999999
103,88637,0.105
103,88638,0.081
103,88639,0.099
103,88640,0.078
103,88641,0.081
103,88642,0.192
103,88643,0.09
103,88644,0.084
103,88645,0.087
103,88646,0.312
103,88647,0.078
103,88648,0.072
103,88701,0.075
103,88702,0.078
103,88703,0.11399999999999999
103,88704,0.09
103,88705,0.081
103,88706,0.081
103,88707,0.078
103,88708,0.072
103,88709,0.084
103,88710,0.297
103,88711,0.24599999999999997
103,88712,0.10200000000000001
103,88713,0.12
103,88714,0.138
103,88715,0.147
103,88716,0.084
103,88717,0.069
103,88718,0.051000000000000004
103,88719,0.03
103,88720,0.018
103,88721,0.093
103,88722,0.039
103,88723,0.051000000000000004
103,88724,0.03
103,88725,0.03
103,88726,0.021
103,88727,0.027
103,88728,0.021
103,88729,0.021
103,88730,0.024
103,88731,0.021
103,88732,0.021
103,88733,0.027
103,88734,0.027
103,88735,0.051000000000000004
103,88736,0.081
103,88737,0.063
103,88738,0.063
103,88739,0.069
103,88740,0.09
103,88741,0.111
103,88742,0.093
103,88743,0.087
103,88744,0.096
103,88745,0.198
103,88746,0.243
103,88747,0.087
103,88748,0.084
103,88801,0.075
103,88802,0.078
103,88803,0.069
103,88804,0.075
103,88805,0.078
103,88806,0.069
103,88807,0.075
103,88808,0.078
103,88809,0.072
103,88810,0.078
103,88811,0.075
103,88812,0.072
103,88813,0.126
103,88814,0.147
103,88815,0.156
103,88816,0.09
103,88817,0.078
103,88818,0.075
103,88819,0.084
103,88820,0.081
103,88821,0.081
103,88822,0.081
103,88823,0.051000000000000004
103,88824,0.03
103,88825,0.048
103,88826,0.018
103,88827,0.021
103,88828,0.024
103,88829,0.024
103,88830,0.021
103,88831,0.024
103,88832,0.018
103,88833,0.024
103,88834,0.03
103,88835,0.051000000000000004
103,88836,0.048
103,88837,0.045
103,88838,0.036
103,88839,0.042
103,88840,0.21
103,88841,0.075
103,88842,0.099
103,88843,0.081
103,88844,0.096
103,88845,0.096
103,88846,0.084
103,88847,0.084
103,88848,0.087
103,88901,0.12299999999999998
103,88902,0.099
103,88903,0.084
103,88904,0.084
103,88905,0.087
103,88906,0.078
103,88907,0.087
103,88908,0.084
103,88909,0.078
103,88910,0.087
103,88911,0.084
103,88912,0.078
103,88913,0.111
103,88914,0.141
103,88915,0.132
103,88916,0.081
103,88917,0.081
103,88918,0.054
103,88919,0.051000000000000004
103,88920,0.027
103,88921,0.018
103,88922,0.021
103,88923,0.024
103,88924,0.021
103,88925,0.018
103,88926,0.024
103,88927,0.021
103,88928,0.015
103,88929,0.024
103,88930,0.024
103,88931,0.018
103,88932,0.03
103,88933,0.129
103,88934,0.144
103,88935,0.132
103,88936,0.075
103,88937,0.153
103,88938,0.084
103,88939,0.06
103,88940,0.06
103,88941,0.111
103,88942,0.144
103,88943,0.105
103,88944,0.11399999999999999
103,88945,0.081
103,88946,0.23399999999999999
103,88947,0.168
103,88948,0.078
103,89001,0.072
103,89002,0.072
103,89003,0.075
103,89004,0.072
103,89005,0.072
103,89006,0.078
103,89007,0.075
103,89008,0.069
103,89009,0.078
103,89010,0.075
103,89011,0.11399999999999999
103,89012,0.09
103,89013,0.15
103,89014,0.15
103,89015,0.056999999999999995
103,89016,0.018
103,89017,0.021
103,89018,0.018
103,89019,0.018
103,89020,0.021
103,89021,0.021
103,89022,0.015
103,89023,0.024
103,89024,0.021
103,89025,0.015
103,89026,0.021
103,89027,0.021
103,89028,0.015
103,89029,0.021
103,89030,0.021
103,89031,0.015
103,89032,0.021
103,89033,0.021
103,89034,0.018
103,89035,0.021
103,89036,0.051000000000000004
103,89037,0.099
103,89038,0.078
103,89039,0.045
103,89040,0.039
103,89041,0.048
103,89042,0.048
103,89043,0.042
103,89044,0.096
103,89045,0.096
103,89046,0.078
103,89047,0.084
103,89048,0.081
103,89101,0.072
103,89102,0.081
103,89103,0.078
103,89104,0.075
103,89105,0.078
103,89106,0.081
103,89107,0.078
103,89108,0.081
103,89109,0.258
103,89110,0.3
103,89111,0.111
103,89112,0.093
103,89113,0.12
103,89114,0.093
103,89115,0.078
103,89116,0.081
103,89117,0.255
103,89118,0.372
103,89119,0.111
103,89120,0.093
103,89121,0.078
103,89122,0.054
103,89123,0.333
103,89124,0.17099999999999999
103,89125,0.06
103,89126,0.036
103,89127,0.045
103,89128,0.03
103,89129,0.024
103,89130,0.024
103,89131,0.039
103,89132,0.056999999999999995
103,89133,0.021
103,89134,0.03
103,89135,0.051000000000000004
103,89136,0.06
103,89137,0.069
103,89138,0.063
103,89139,0.099
103,89140,0.084
103,89141,0.084
103,89142,0.084
103,89143,0.10200000000000001
103,89144,0.105
103,89145,0.216
103,89146,0.20400000000000001
103,89147,0.078
103,89148,0.075
103,89201,0.072
103,89202,0.075
103,89203,0.069
103,89204,0.075
103,89205,0.078
103,89206,0.072
103,89207,0.075
103,89208,0.078
103,89209,0.087
103,89210,0.20400000000000001
103,89211,0.10200000000000001
103,89212,0.072
103,89213,0.072
103,89214,0.075
103,89215,0.075
103,89216,0.087
103,89217,0.078
103,89218,0.069
103,89219,0.084
103,89220,0.078
103,89221,0.072
103,89222,0.072
103,89223,0.075
103,89224,0.069
103,89225,0.087
103,89226,0.126
103,89227,0.177
103,89228,0.243
103,89229,0.141
103,89230,0.222
103,89231,0.105
103,89232,0.147
103,89233,0.045
103,89234,0.042
103,89235,0.039
103,89236,0.042
103,89237,0.093
103,89238,0.11399999999999999
103,89239,0.093
103,89240,0.081
103,89241,0.072
103,89242,0.078
103,89243,0.078
103,89244,0.06
103,89245,0.078
103,89246,0.153
103,89247,0.279
103,89248,0.087
103,89301,0.072
103,89302,0.078
103,89303,0.072
103,89304,0.078
103,89305,0.078
103,89306,0.072
103,89307,0.075
103,89308,0.084
103,89309,0.23099999999999998
103,89310,0.10200000000000001
103,89311,0.096
103,89312,0.072
103,89313,0.075
103,89314,0.075
103,89315,0.069
103,89316,0.11699999999999999
103,89317,0.10200000000000001
103,89318,0.075
103,89319,0.078
103,89320,0.084
103,89321,0.051000000000000004
103,89322,0.024
103,89323,0.024
103,89324,0.06
103,89325,0.084
103,89326,0.027
103,89327,0.024
103,89328,0.066
103,89329,0.096
103,89330,0.141
103,89331,0.144
103,89332,0.15
103,89333,0.141
103,89334,0.17099999999999999
103,89335,0.174
103,89336,0.12299999999999998
103,89337,0.135
103,89338,0.11399999999999999
103,89339,0.12299999999999998
103,89340,0.135
103,89341,0.138
103,89342,0.186
103,89343,0.177
103,89344,0.138
103,89345,0.327
103,89346,0.072
103,89347,0.075
103,89348,0.078
103,89401,0.069
103,89402,0.072
103,89403,0.078
103,89404,0.072
103,89405,0.078
103,89406,0.078
103,89407,0.072
103,89408,0.075
103,89409,0.12
103,89410,0.297
103,89411,0.096
103,89412,0.087
103,89413,0.11699999999999999
103,89414,0.129
103,89415,0.132
103,89416,0.078
103,89417,0.084
103,89418,0.051000000000000004
103,89419,0.021
103,89420,0.021
103,89421,0.03
103,89422,0.054
103,89423,0.066
103,89424,0.063
103,89425,0.036
103,89426,0.051000000000000004
103,89427,0.03
103,89428,0.072
103,89429,0.021
103,89430,0.024
103,89431,0.021
103,89432,0.024
103,89433,0.03
103,89434,0.024
103,89435,0.056999999999999995
103,89436,0.06
103,89437,0.069
103,89438,0.06
103,89439,0.069
103,89440,0.069
103,89441,0.087
103,89442,0.078
103,89443,0.081
103,89444,0.072
103,89445,0.084
103,89446,0.078
103,89447,0.072
103,89448,0.075
103,89501,0.072
103,89502,0.069
103,89503,0.072
103,89504,0.072
103,89505,0.072
103,89506,0.075
103,89507,0.075
103,89508,0.075
103,89509,0.078
103,89510,0.072
103,89511,0.072
103,89512,0.087
103,89513,0.11399999999999999
103,89514,0.135
103,89515,0.147
103,89516,0.10200000000000001
103,89517,0.09
103,89518,0.072
103,89519,0.051000000000000004
103,89520,0.021
103,89521,0.018
103,89522,0.024
103,89523,0.039
103,89524,0.03
103,89525,0.03
103,89526,0.042
103,89527,0.021
103,89528,0.021
103,89529,0.015
103,89530,0.021
103,89531,0.024
103,89532,0.015
103,89533,0.024
103,89534,0.03
103,89535,0.054
103,89536,0.066
103,89537,0.039
103,89538,0.039
103,89539,0.042
103,89540,0.066
103,89541,0.078
103,89542,0.087
103,89543,0.078
103,89544,0.111
103,89545,0.303
103,89546,0.12
103,89547,0.087
103,89548,0.081
103,89601,0.078
103,89602,0.081
103,89603,0.081
103,89604,0.081
103,89605,0.081
103,89606,0.081
103,89607,0.078
103,89608,0.084
103,89609,0.084
103,89610,0.075
103,89611,0.081
103,89612,0.081
103,89613,0.105
103,89614,0.135
103,89615,0.11699999999999999
103,89616,0.078
103,89617,0.093
103,89618,0.078
103,89619,0.036
103,89620,0.021
103,89621,0.021
103,89622,0.021
103,89623,0.018
103,89624,0.021
103,89625,0.021
103,89626,0.024
103,89627,0.042
103,89628,0.018
103,89629,0.024
103,89630,0.027
103,89631,0.021
103,89632,0.027
103,89633,0.024
103,89634,0.021
103,89635,0.048
103,89636,0.063
103,89637,0.045
103,89638,0.051000000000000004
103,89639,0.054
103,89640,0.069
103,89641,0.078
103,89642,0.069
103,89643,0.054
103,89644,0.081
103,89645,0.087
103,89646,0.078
103,89647,0.078
103,89648,0.069
103,89701,0.075
103,89702,0.078
103,89703,0.069
103,89704,0.078
103,89705,0.075
103,89706,0.069
103,89707,0.075
103,89708,0.075
103,89709,0.084
103,89710,0.11399999999999999
103,89711,0.11399999999999999
103,89712,0.111
103,89713,0.135
103,89714,0.10200000000000001
103,89715,0.096
103,89716,0.072
103,89717,0.024
103,89718,0.06
103,89719,0.042
103,89720,0.036
103,89721,0.036
103,89722,0.036
103,89723,0.021
103,89724,0.024
103,89725,0.021
103,89726,0.018
103,89727,0.024
103,89728,0.051000000000000004
103,89729,0.051000000000000004
103,89730,0.024
103,89731,0.018
103,89732,0.036
103,89733,0.027
103,89734,0.036
103,89735,0.056999999999999995
103,89736,0.054
103,89737,0.051000000000000004
103,89738,0.051000000000000004
103,89739,0.063
103,89740,0.075
103,89741,0.12299999999999998
103,89742,0.10200000000000001
103,89743,0.108
103,89744,0.10200000000000001
103,89745,0.15
103,89746,0.3
103,89747,0.09
103,89748,0.093
103,89801,0.09
103,89802,0.081
103,89803,0.087
103,89804,0.084
103,89805,0.081
103,89806,0.084
103,89807,0.087
103,89808,0.081
103,89809,0.093
103,89810,0.261
103,89811,0.111
103,89812,0.09
103,89813,0.081
103,89814,0.135
103,89815,0.135
103,89816,0.177
103,89817,0.081
103,89818,0.093
103,89819,0.075
103,89820,0.075
103,89821,0.087
103,89822,0.056999999999999995
103,89823,0.06
103,89824,0.036
103,89825,0.06
103,89826,0.036
103,89827,0.027
103,89828,0.027
103,89829,0.036
103,89830,0.042
103,89831,0.054
103,89832,0.066
103,89833,0.06
103,89834,0.09
103,89835,0.10200000000000001
103,89836,0.081
103,89837,0.075
103,89838,0.072
103,89839,0.069
103,89840,0.081
103,89841,0.111
103,89842,0.153
103,89843,0.138
103,89844,0.138
103,89845,0.111
103,89846,0.087
103,89847,0.081
103,89848,0.081
103,89901,0.078
103,89902,0.11399999999999999
103,89903,0.09
103,89904,0.081
103,89905,0.078
103,89906,0.081
103,89907,0.072
103,89908,0.105
103,89909,0.258
103,89910,0.099
103,89911,0.081
103,89912,0.078
103,89913,0.069
103,89914,0.096
103,89915,0.084
103,89916,0.069
103,89917,0.072
103,89918,0.075
103,89919,0.081
103,89920,0.06
103,89921,0.024
103,89922,0.021
103,89923,0.045
103,89924,0.056999999999999995
103,89925,0.069
103,89926,0.045
103,89927,0.042
103,89928,0.063
103,89929,0.06
103,89930,0.045
103,89931,0.051000000000000004
103,89932,0.051000000000000004
103,89933,0.051000000000000004
103,89934,0.056999999999999995
103,89935,0.081
103,89936,0.096
103,89937,0.096
103,89938,0.096
103,89939,0.084
103,89940,0.144
103,89941,0.09
103,89942,0.201
103,89943,0.11699999999999999
103,89944,0.09
103,89945,0.216
103,89946,0.186
103,89947,0.096
103,89948,0.087
103,90001,0.075
103,90002,0.072
103,90003,0.066
103,90004,0.069
103,90005,0.075
103,90006,0.069
103,90007,0.072
103,90008,0.072
103,90009,0.072
103,90010,0.147
103,90011,0.174
103,90012,0.09
103,90013,0.066
103,90014,0.075
103,90015,0.072
103,90016,0.069
103,90017,0.084
103,90018,0.036
103,90019,0.054
103,90020,0.027
103,90021,0.021
103,90022,0.018
103,90023,0.024
103,90024,0.036
103,90025,0.056999999999999995
103,90026,0.033
103,90027,0.036
103,90028,0.045
103,90029,0.042
103,90030,0.045
103,90031,0.048
103,90032,0.045
103,90033,0.06
103,90034,0.078
103,90035,0.06
103,90036,0.066
103,90037,0.063
103,90038,0.054
103,90039,0.108
103,90040,0.12299999999999998
103,90041,0.084
103,90042,0.099
103,90043,0.132
103,90044,0.096
103,90045,0.072
103,90046,0.10200000000000001
103,90047,0.078
103,90048,0.072
103,90101,0.072
103,90102,0.072
103,90103,0.069
103,90104,0.072
103,90105,0.069
103,90106,0.069
103,90107,0.072
103,90108,0.069
103,90109,0.069
103,90110,0.20400000000000001
103,90111,0.22499999999999998
103,90112,0.087
103,90113,0.075
103,90114,0.072
103,90115,0.063
103,90116,0.078
103,90117,0.087
103,90118,0.051000000000000004
103,90119,0.051000000000000004
103,90120,0.024
103,90121,0.018
103,90122,0.018
103,90123,0.024
103,90124,0.033
103,90125,0.042
103,90126,0.048
103,90127,0.045
103,90128,0.051000000000000004
103,90129,0.045
103,90130,0.042
103,90131,0.042
103,90132,0.051000000000000004
103,90133,0.10200000000000001
103,90134,0.06
103,90135,0.06
103,90136,0.087
103,90137,0.189
103,90138,0.198
103,90139,0.11399999999999999
103,90140,0.132
103,90141,0.174
103,90142,0.12299999999999998
103,90143,0.09
103,90144,0.108
103,90145,0.108
103,90146,0.336
103,90147,0.10200000000000001
103,90148,0.10200000000000001
103,90201,0.075
103,90202,0.075
103,90203,0.075
103,90204,0.069
103,90205,0.075
103,90206,0.078
103,90207,0.072
103,90208,0.078
103,90209,0.078
103,90210,0.072
103,90211,0.078
103,90212,0.072
103,90213,0.069
103,90214,0.075
103,90215,0.072
103,90216,0.066
103,90217,0.126
103,90218,0.084
103,90219,0.09
103,90220,0.066
103,90221,0.036
103,90222,0.021
103,90223,0.021
103,90224,0.039
103,90225,0.066
103,90226,0.174
103,90227,0.078
103,90228,0.06
103,90229,0.063
103,90230,0.06
103,90231,0.056999999999999995
103,90232,0.056999999999999995
103,90233,0.129
103,90234,0.11699999999999999
103,90235,0.087
103,90236,0.11399999999999999
103,90237,0.081
103,90238,0.10200000000000001
103,90239,0.093
103,90240,0.267
103,90241,0.168
103,90242,0.11399999999999999
103,90243,0.11699999999999999
103,90244,0.12
103,90245,0.36
103,90246,0.093
103,90247,0.084
103,90248,0.087
103,90301,0.087
103,90302,0.078
103,90303,0.084
103,90304,0.087
103,90305,0.081
103,90306,0.087
103,90307,0.09
103,90308,0.087
103,90309,0.34199999999999997
103,90310,0.11699999999999999
103,90311,0.099
103,90312,0.084
103,90313,0.081
103,90314,0.072
103,90315,0.072
103,90316,0.075
103,90317,0.087
103,90318,0.138
103,90319,0.09
103,90320,0.075
103,90321,0.078
103,90322,0.09
103,90323,0.09
103,90324,0.048
103,90325,0.027
103,90326,0.045
103,90327,0.072
103,90328,0.063
103,90329,0.063
103,90330,0.063
103,90331,0.063
103,90332,0.027
103,90333,0.021
103,90334,0.027
103,90335,0.039
103,90336,0.213
103,90337,0.243
103,90338,0.096
103,90339,0.111
103,90340,0.105
103,90341,0.108
103,90342,0.129
103,90343,0.11699999999999999
103,90344,0.156
103,90345,0.207
103,90346,0.312
103,90347,0.087
103,90348,0.078
103,90401,0.072
103,90402,0.078
103,90403,0.075
103,90404,0.069
103,90405,0.078
103,90406,0.078
103,90407,0.072
103,90408,0.075
103,90409,0.084
103,90410,0.243
103,90411,0.105
103,90412,0.087
103,90413,0.072
103,90414,0.069
103,90415,0.081
103,90416,0.108
103,90417,0.096
103,90418,0.105
103,90419,0.126
103,90420,0.105
103,90421,0.11399999999999999
103,90422,0.042
103,90423,0.054
103,90424,0.042
103,90425,0.051000000000000004
103,90426,0.105
103,90427,0.078
103,90428,0.03
103,90429,0.021
103,90430,0.024
103,90431,0.024
103,90432,0.078
103,90433,0.22499999999999998
103,90434,0.387
103,90435,0.276
103,90436,0.327
103,90437,0.111
103,90438,0.168
103,90439,0.11399999999999999
103,90440,0.11399999999999999
103,90441,0.111
103,90442,0.11399999999999999
103,90443,0.129
103,90444,0.20400000000000001
103,90445,0.297
103,90446,0.354
103,90447,0.426
103,90448,0.243
103,90501,0.23399999999999999
103,90502,0.23099999999999998
103,90503,0.174
103,90504,0.075
103,90505,0.072
103,90506,0.078
103,90507,0.075
103,90508,0.081
103,90509,0.222
103,90510,0.099
103,90511,0.078
103,90512,0.075
103,90513,0.075
103,90514,0.108
103,90515,0.174
103,90516,0.099
103,90517,0.087
103,90518,0.09
103,90519,0.096
103,90520,0.153
103,90521,0.081
103,90522,0.105
103,90523,0.105
103,90524,0.096
103,90525,0.045
103,90526,0.10200000000000001
103,90527,0.054
103,90528,0.039
103,90529,0.056999999999999995
103,90530,0.09
103,90531,0.081
103,90532,0.069
103,90533,0.078
103,90534,0.096
103,90535,0.11699999999999999
103,90536,0.129
103,90537,0.141
103,90538,0.135
103,90539,0.21
103,90540,0.219
103,90541,0.132
103,90542,0.129
103,90543,0.138
103,90544,0.138
103,90545,0.243
103,90546,0.402
103,90547,0.366
103,90548,0.189
103,90601,0.075
103,90602,0.075
103,90603,0.075
103,90604,0.075
103,90605,0.081
103,90606,0.078
103,90607,0.072
103,90608,0.078
103,90609,0.078
103,90610,0.069
103,90611,0.078
103,90612,0.09
103,90613,0.12
103,90614,0.147
103,90615,0.141
103,90616,0.24
103,90617,0.033
103,90618,0.042
103,90619,0.03
103,90620,0.015
103,90621,0.018
103,90622,0.015
103,90623,0.015
103,90624,0.015
103,90625,0.012
103,90626,0.018
103,90627,0.015
103,90628,0.012
103,90629,0.018
103,90630,0.015
103,90631,0.012
103,90632,0.018
103,90633,0.015
103,90634,0.015
103,90635,0.03
103,90636,0.021
103,90637,0.024
103,90638,0.027
103,90639,0.021
103,90640,0.027
103,90641,0.027
103,90642,0.024
103,90643,0.027
103,90644,0.03
103,90645,0.012
103,90646,0.015
103,90647,0.015
103,90648,0.012
