ID,DT,Usage
39,10401,0.0
39,10402,0.0
39,10403,0.0
39,10404,0.0
39,10405,0.0
39,10406,0.0
39,10407,0.0
39,10408,0.0
39,10409,0.0
39,10410,0.0
39,10411,0.0
39,10412,0.0
39,10413,0.0
39,10414,0.0
39,10415,0.0
39,10416,0.23
39,10417,0.23
39,10418,0.23
39,10419,0.23
39,10420,0.23
39,10421,0.23
39,10422,0.23
39,10423,0.23
39,10424,0.23
39,10425,0.23
39,10426,0.23
39,10427,0.23
39,10428,0.23
39,10429,0.23
39,10430,0.23
39,10431,0.23
39,10432,0.23
39,10433,0.23
39,10434,0.23
39,10435,0.23
39,10436,0.23
39,10437,0.23
39,10438,0.23
39,10439,0.23
39,10440,0.23
39,10441,0.23
39,10442,0.23
39,10443,0.0
39,10444,0.0
39,10445,0.0
39,10446,0.0
39,10447,0.0
39,10448,0.0
39,10501,0.0
39,10502,0.0
39,10503,0.0
39,10504,0.0
39,10505,0.0
39,10506,0.0
39,10507,0.0
39,10508,0.0
39,10509,0.0
39,10510,0.0
39,10511,0.0
39,10512,0.0
39,10513,0.0
39,10514,0.0
39,10515,0.0
39,10516,0.23
39,10517,0.23
39,10518,0.23
39,10519,0.23
39,10520,0.23
39,10521,0.23
39,10522,0.23
39,10523,0.23
39,10524,0.23
39,10525,0.23
39,10526,0.23
39,10527,0.23
39,10528,0.23
39,10529,0.23
39,10530,0.23
39,10531,0.23
39,10532,0.23
39,10533,0.23
39,10534,0.23
39,10535,0.23
39,10536,0.23
39,10537,0.23
39,10538,0.23
39,10539,0.23
39,10540,0.23
39,10541,0.23
39,10542,0.23
39,10543,0.0
39,10544,0.0
39,10545,0.0
39,10546,0.0
39,10547,0.0
39,10548,0.0
39,10601,0.0
39,10602,0.0
39,10603,0.0
39,10604,0.0
39,10605,0.0
39,10606,0.0
39,10607,0.0
39,10608,0.0
39,10609,0.0
39,10610,0.0
39,10611,0.0
39,10612,0.0
39,10613,0.0
39,10614,0.0
39,10615,0.0
39,10616,0.23
39,10617,0.23
39,10618,0.23
39,10619,0.23
39,10620,0.23
39,10621,0.23
39,10622,0.23
39,10623,0.23
39,10624,0.23
39,10625,0.23
39,10626,0.23
39,10627,0.23
39,10628,0.23
39,10629,0.23
39,10630,0.23
39,10631,0.23
39,10632,0.23
39,10633,0.23
39,10634,0.23
39,10635,0.23
39,10636,0.23
39,10637,0.23
39,10638,0.23
39,10639,0.23
39,10640,0.23
39,10641,0.23
39,10642,0.23
39,10643,0.0
39,10644,0.0
39,10645,0.0
39,10646,0.0
39,10647,0.0
39,10648,0.0
39,10701,0.0
39,10702,0.0
39,10703,0.0
39,10704,0.0
39,10705,0.0
39,10706,0.0
39,10707,0.0
39,10708,0.0
39,10709,0.0
39,10710,0.0
39,10711,0.0
39,10712,0.0
39,10713,0.0
39,10714,0.0
39,10715,0.0
39,10716,0.23
39,10717,0.23
39,10718,0.23
39,10719,0.23
39,10720,0.23
39,10721,0.23
39,10722,0.23
39,10723,0.23
39,10724,0.23
39,10725,0.23
39,10726,0.23
39,10727,0.23
39,10728,0.23
39,10729,0.23
39,10730,0.23
39,10731,0.23
39,10732,0.23
39,10733,0.23
39,10734,0.23
39,10735,0.23
39,10736,0.23
39,10737,0.23
39,10738,0.23
39,10739,0.23
39,10740,0.23
39,10741,0.23
39,10742,0.23
39,10743,0.0
39,10744,0.0
39,10745,0.0
39,10746,0.0
39,10747,0.0
39,10748,0.0
39,10801,0.0
39,10802,0.0
39,10803,0.0
39,10804,0.0
39,10805,0.0
39,10806,0.0
39,10807,0.0
39,10808,0.0
39,10809,0.0
39,10810,0.0
39,10811,0.0
39,10812,0.0
39,10813,0.0
39,10814,0.0
39,10815,0.0
39,10816,0.23
39,10817,0.23
39,10818,0.23
39,10819,0.23
39,10820,0.23
39,10821,0.23
39,10822,0.23
39,10823,0.23
39,10824,0.23
39,10825,0.23
39,10826,0.23
39,10827,0.23
39,10828,0.23
39,10829,0.23
39,10830,0.23
39,10831,0.23
39,10832,0.23
39,10833,0.23
39,10834,0.23
39,10835,0.23
39,10836,0.23
39,10837,0.23
39,10838,0.23
39,10839,0.23
39,10840,0.23
39,10841,0.23
39,10842,0.23
39,10843,0.0
39,10844,0.0
39,10845,0.0
39,10846,0.0
39,10847,0.0
39,10848,0.0
39,10901,0.0
39,10902,0.0
39,10903,0.0
39,10904,0.0
39,10905,0.0
39,10906,0.0
39,10907,0.0
39,10908,0.0
39,10909,0.0
39,10910,0.0
39,10911,0.0
39,10912,0.0
39,10913,0.0
39,10914,0.0
39,10915,0.0
39,10916,0.23
39,10917,0.23
39,10918,0.23
39,10919,0.23
39,10920,0.23
39,10921,0.23
39,10922,0.23
39,10923,0.23
39,10924,0.23
39,10925,0.23
39,10926,0.23
39,10927,0.23
39,10928,0.23
39,10929,0.23
39,10930,0.23
39,10931,0.23
39,10932,0.23
39,10933,0.23
39,10934,0.23
39,10935,0.23
39,10936,0.23
39,10937,0.23
39,10938,0.23
39,10939,0.23
39,10940,0.23
39,10941,0.23
39,10942,0.23
39,10943,0.0
39,10944,0.0
39,10945,0.0
39,10946,0.0
39,10947,0.0
39,10948,0.0
39,11001,0.0
39,11002,0.0
39,11003,0.0
39,11004,0.0
39,11005,0.0
39,11006,0.0
39,11007,0.0
39,11008,0.0
39,11009,0.0
39,11010,0.0
39,11011,0.0
39,11012,0.0
39,11013,0.0
39,11014,0.0
39,11015,0.0
39,11016,0.23
39,11017,0.23
39,11018,0.23
39,11019,0.23
39,11020,0.23
39,11021,0.23
39,11022,0.23
39,11023,0.23
39,11024,0.23
39,11025,0.23
39,11026,0.23
39,11027,0.23
39,11028,0.23
39,11029,0.23
39,11030,0.23
39,11031,0.23
39,11032,0.23
39,11033,0.23
39,11034,0.23
39,11035,0.23
39,11036,0.23
39,11037,0.23
39,11038,0.23
39,11039,0.23
39,11040,0.23
39,11041,0.23
39,11042,0.23
39,11043,0.0
39,11044,0.0
39,11045,0.0
39,11046,0.0
39,11047,0.0
39,11048,0.0
39,11101,0.0
39,11102,0.0
39,11103,0.0
39,11104,0.0
39,11105,0.0
39,11106,0.0
39,11107,0.0
39,11108,0.0
39,11109,0.0
39,11110,0.0
39,11111,0.0
39,11112,0.0
39,11113,0.0
39,11114,0.0
39,11115,0.0
39,11116,0.36
39,11117,0.36
39,11118,0.36
39,11119,0.36
39,11120,0.36
39,11121,0.36
39,11122,0.36
39,11123,0.36
39,11124,0.36
39,11125,0.36
39,11126,0.36
39,11127,0.36
39,11128,0.36
39,11129,0.36
39,11130,0.36
39,11131,0.36
39,11132,0.36
39,11133,0.36
39,11134,0.36
39,11135,0.36
39,11136,0.36
39,11137,0.36
39,11138,0.36
39,11139,0.36
39,11140,0.36
39,11141,0.36
39,11142,0.36
39,11143,0.0
39,11144,0.0
39,11145,0.0
39,11146,0.0
39,11147,0.0
39,11148,0.0
39,11201,0.0
39,11202,0.0
39,11203,0.0
39,11204,0.0
39,11205,0.0
39,11206,0.0
39,11207,0.0
39,11208,0.0
39,11209,0.0
39,11210,0.0
39,11211,0.0
39,11212,0.0
39,11213,0.0
39,11214,0.0
39,11215,0.0
39,11216,0.36
39,11217,0.36
39,11218,0.36
39,11219,0.36
39,11220,0.36
39,11221,0.36
39,11222,0.36
39,11223,0.36
39,11224,0.36
39,11225,0.36
39,11226,0.36
39,11227,0.36
39,11228,0.36
39,11229,0.36
39,11230,0.36
39,11231,0.36
39,11232,0.36
39,11233,0.36
39,11234,0.36
39,11235,0.36
39,11236,0.36
39,11237,0.36
39,11238,0.36
39,11239,0.36
39,11240,0.36
39,11241,0.36
39,11242,0.36
39,11243,0.0
39,11244,0.0
39,11245,0.0
39,11246,0.0
39,11247,0.0
39,11248,0.0
39,11301,0.0
39,11302,0.0
39,11303,0.0
39,11304,0.0
39,11305,0.0
39,11306,0.0
39,11307,0.0
39,11308,0.0
39,11309,0.0
39,11310,0.0
39,11311,0.0
39,11312,0.0
39,11313,0.0
39,11314,0.0
39,11315,0.0
39,11316,0.36
39,11317,0.36
39,11318,0.36
39,11319,0.36
39,11320,0.36
39,11321,0.36
39,11322,0.36
39,11323,0.36
39,11324,0.36
39,11325,0.36
39,11326,0.36
39,11327,0.36
39,11328,0.36
39,11329,0.36
39,11330,0.36
39,11331,0.36
39,11332,0.36
39,11333,0.36
39,11334,0.36
39,11335,0.36
39,11336,0.36
39,11337,0.36
39,11338,0.36
39,11339,0.36
39,11340,0.36
39,11341,0.36
39,11342,0.36
39,11343,0.0
39,11344,0.0
39,11345,0.0
39,11346,0.0
39,11347,0.0
39,11348,0.0
39,11401,0.0
39,11402,0.0
39,11403,0.0
39,11404,0.0
39,11405,0.0
39,11406,0.0
39,11407,0.0
39,11408,0.0
39,11409,0.0
39,11410,0.0
39,11411,0.0
39,11412,0.0
39,11413,0.0
39,11414,0.0
39,11415,0.0
39,11416,0.36
39,11417,0.36
39,11418,0.36
39,11419,0.36
39,11420,0.36
39,11421,0.36
39,11422,0.36
39,11423,0.36
39,11424,0.36
39,11425,0.36
39,11426,0.36
39,11427,0.36
39,11428,0.36
39,11429,0.36
39,11430,0.36
39,11431,0.36
39,11432,0.36
39,11433,0.36
39,11434,0.36
39,11435,0.36
39,11436,0.36
39,11437,0.36
39,11438,0.36
39,11439,0.36
39,11440,0.36
39,11441,0.36
39,11442,0.36
39,11443,0.0
39,11444,0.0
39,11445,0.0
39,11446,0.0
39,11447,0.0
39,11448,0.0
39,11501,0.0
39,11502,0.0
39,11503,0.0
39,11504,0.0
39,11505,0.0
39,11506,0.0
39,11507,0.0
39,11508,0.0
39,11509,0.0
39,11510,0.0
39,11511,0.0
39,11512,0.0
39,11513,0.0
39,11514,0.0
39,11515,0.0
39,11516,0.36
39,11517,0.36
39,11518,0.36
39,11519,0.36
39,11520,0.36
39,11521,0.36
39,11522,0.36
39,11523,0.36
39,11524,0.36
39,11525,0.36
39,11526,0.36
39,11527,0.36
39,11528,0.36
39,11529,0.36
39,11530,0.36
39,11531,0.36
39,11532,0.36
39,11533,0.36
39,11534,0.36
39,11535,0.36
39,11536,0.36
39,11537,0.36
39,11538,0.36
39,11539,0.36
39,11540,0.36
39,11541,0.36
39,11542,0.36
39,11543,0.0
39,11544,0.0
39,11545,0.0
39,11546,0.0
39,11547,0.0
39,11548,0.0
39,11601,0.0
39,11602,0.0
39,11603,0.0
39,11604,0.0
39,11605,0.0
39,11606,0.0
39,11607,0.0
39,11608,0.0
39,11609,0.0
39,11610,0.0
39,11611,0.0
39,11612,0.0
39,11613,0.0
39,11614,0.0
39,11615,0.0
39,11616,0.36
39,11617,0.36
39,11618,0.36
39,11619,0.36
39,11620,0.36
39,11621,0.36
39,11622,0.36
39,11623,0.36
39,11624,0.36
39,11625,0.36
39,11626,0.36
39,11627,0.36
39,11628,0.36
39,11629,0.36
39,11630,0.36
39,11631,0.36
39,11632,0.36
39,11633,0.36
39,11634,0.36
39,11635,0.36
39,11636,0.36
39,11637,0.36
39,11638,0.36
39,11639,0.36
39,11640,0.36
39,11641,0.36
39,11642,0.36
39,11643,0.0
39,11644,0.0
39,11645,0.0
39,11646,0.0
39,11647,0.0
39,11648,0.0
39,11701,0.0
39,11702,0.0
39,11703,0.0
39,11704,0.0
39,11705,0.0
39,11706,0.0
39,11707,0.0
39,11708,0.0
39,11709,0.0
39,11710,0.0
39,11711,0.0
39,11712,0.0
39,11713,0.0
39,11714,0.0
39,11715,0.0
39,11716,0.36
39,11717,0.36
39,11718,0.36
39,11719,0.36
39,11720,0.36
39,11721,0.36
39,11722,0.36
39,11723,0.36
39,11724,0.36
39,11725,0.36
39,11726,0.36
39,11727,0.36
39,11728,0.36
39,11729,0.36
39,11730,0.36
39,11731,0.36
39,11732,0.36
39,11733,0.36
39,11734,0.36
39,11735,0.36
39,11736,0.36
39,11737,0.36
39,11738,0.36
39,11739,0.36
39,11740,0.36
39,11741,0.36
39,11742,0.36
39,11743,0.0
39,11744,0.0
39,11745,0.0
39,11746,0.0
39,11747,0.0
39,11748,0.0
39,11801,0.0
39,11802,0.0
39,11803,0.0
39,11804,0.0
39,11805,0.0
39,11806,0.0
39,11807,0.0
39,11808,0.0
39,11809,0.0
39,11810,0.0
39,11811,0.0
39,11812,0.0
39,11813,0.0
39,11814,0.0
39,11815,0.0
39,11816,0.34
39,11817,0.34
39,11818,0.34
39,11819,0.34
39,11820,0.34
39,11821,0.34
39,11822,0.34
39,11823,0.34
39,11824,0.34
39,11825,0.34
39,11826,0.34
39,11827,0.34
39,11828,0.34
39,11829,0.34
39,11830,0.34
39,11831,0.34
39,11832,0.34
39,11833,0.34
39,11834,0.34
39,11835,0.34
39,11836,0.34
39,11837,0.34
39,11838,0.34
39,11839,0.34
39,11840,0.34
39,11841,0.34
39,11842,0.34
39,11843,0.0
39,11844,0.0
39,11845,0.0
39,11846,0.0
39,11847,0.0
39,11848,0.0
39,11901,0.0
39,11902,0.0
39,11903,0.0
39,11904,0.0
39,11905,0.0
39,11906,0.0
39,11907,0.0
39,11908,0.0
39,11909,0.0
39,11910,0.0
39,11911,0.0
39,11912,0.0
39,11913,0.0
39,11914,0.0
39,11915,0.0
39,11916,0.34
39,11917,0.34
39,11918,0.34
39,11919,0.34
39,11920,0.34
39,11921,0.34
39,11922,0.34
39,11923,0.34
39,11924,0.34
39,11925,0.34
39,11926,0.34
39,11927,0.34
39,11928,0.34
39,11929,0.34
39,11930,0.34
39,11931,0.34
39,11932,0.34
39,11933,0.34
39,11934,0.34
39,11935,0.34
39,11936,0.34
39,11937,0.34
39,11938,0.34
39,11939,0.34
39,11940,0.34
39,11941,0.34
39,11942,0.34
39,11943,0.0
39,11944,0.0
39,11945,0.0
39,11946,0.0
39,11947,0.0
39,11948,0.0
39,12001,0.0
39,12002,0.0
39,12003,0.0
39,12004,0.0
39,12005,0.0
39,12006,0.0
39,12007,0.0
39,12008,0.0
39,12009,0.0
39,12010,0.0
39,12011,0.0
39,12012,0.0
39,12013,0.0
39,12014,0.0
39,12015,0.0
39,12016,0.34
39,12017,0.34
39,12018,0.34
39,12019,0.34
39,12020,0.34
39,12021,0.34
39,12022,0.34
39,12023,0.34
39,12024,0.34
39,12025,0.34
39,12026,0.34
39,12027,0.34
39,12028,0.34
39,12029,0.34
39,12030,0.34
39,12031,0.34
39,12032,0.34
39,12033,0.34
39,12034,0.34
39,12035,0.34
39,12036,0.34
39,12037,0.34
39,12038,0.34
39,12039,0.34
39,12040,0.34
39,12041,0.34
39,12042,0.34
39,12043,0.0
39,12044,0.0
39,12045,0.0
39,12046,0.0
39,12047,0.0
39,12048,0.0
39,12101,0.0
39,12102,0.0
39,12103,0.0
39,12104,0.0
39,12105,0.0
39,12106,0.0
39,12107,0.0
39,12108,0.0
39,12109,0.0
39,12110,0.0
39,12111,0.0
39,12112,0.0
39,12113,0.0
39,12114,0.0
39,12115,0.0
39,12116,0.34
39,12117,0.34
39,12118,0.34
39,12119,0.34
39,12120,0.34
39,12121,0.34
39,12122,0.34
39,12123,0.34
39,12124,0.34
39,12125,0.34
39,12126,0.34
39,12127,0.34
39,12128,0.34
39,12129,0.34
39,12130,0.34
39,12131,0.34
39,12132,0.34
39,12133,0.34
39,12134,0.34
39,12135,0.34
39,12136,0.34
39,12137,0.34
39,12138,0.34
39,12139,0.34
39,12140,0.34
39,12141,0.34
39,12142,0.34
39,12143,0.0
39,12144,0.0
39,12145,0.0
39,12146,0.0
39,12147,0.0
39,12148,0.0
39,12201,0.0
39,12202,0.0
39,12203,0.0
39,12204,0.0
39,12205,0.0
39,12206,0.0
39,12207,0.0
39,12208,0.0
39,12209,0.0
39,12210,0.0
39,12211,0.0
39,12212,0.0
39,12213,0.0
39,12214,0.0
39,12215,0.0
39,12216,0.34
39,12217,0.34
39,12218,0.34
39,12219,0.34
39,12220,0.34
39,12221,0.34
39,12222,0.34
39,12223,0.34
39,12224,0.34
39,12225,0.34
39,12226,0.34
39,12227,0.34
39,12228,0.34
39,12229,0.34
39,12230,0.34
39,12231,0.34
39,12232,0.34
39,12233,0.34
39,12234,0.34
39,12235,0.34
39,12236,0.34
39,12237,0.34
39,12238,0.34
39,12239,0.34
39,12240,0.34
39,12241,0.34
39,12242,0.34
39,12243,0.0
39,12244,0.0
39,12245,0.0
39,12246,0.0
39,12247,0.0
39,12248,0.0
39,12301,0.0
39,12302,0.0
39,12303,0.0
39,12304,0.0
39,12305,0.0
39,12306,0.0
39,12307,0.0
39,12308,0.0
39,12309,0.0
39,12310,0.0
39,12311,0.0
39,12312,0.0
39,12313,0.0
39,12314,0.0
39,12315,0.0
39,12316,0.34
39,12317,0.34
39,12318,0.34
39,12319,0.34
39,12320,0.34
39,12321,0.34
39,12322,0.34
39,12323,0.34
39,12324,0.34
39,12325,0.34
39,12326,0.34
39,12327,0.34
39,12328,0.34
39,12329,0.34
39,12330,0.34
39,12331,0.34
39,12332,0.34
39,12333,0.34
39,12334,0.34
39,12335,0.34
39,12336,0.34
39,12337,0.34
39,12338,0.34
39,12339,0.34
39,12340,0.34
39,12341,0.34
39,12342,0.34
39,12343,0.0
39,12344,0.0
39,12345,0.0
39,12346,0.0
39,12347,0.0
39,12348,0.0
39,12401,0.0
39,12402,0.0
39,12403,0.0
39,12404,0.0
39,12405,0.0
39,12406,0.0
39,12407,0.0
39,12408,0.0
39,12409,0.0
39,12410,0.0
39,12411,0.0
39,12412,0.0
39,12413,0.0
39,12414,0.0
39,12415,0.0
39,12416,0.34
39,12417,0.34
39,12418,0.34
39,12419,0.34
39,12420,0.34
39,12421,0.34
39,12422,0.34
39,12423,0.34
39,12424,0.34
39,12425,0.34
39,12426,0.34
39,12427,0.34
39,12428,0.34
39,12429,0.34
39,12430,0.34
39,12431,0.34
39,12432,0.34
39,12433,0.34
39,12434,0.34
39,12435,0.34
39,12436,0.34
39,12437,0.34
39,12438,0.34
39,12439,0.34
39,12440,0.34
39,12441,0.34
39,12442,0.34
39,12443,0.0
39,12444,0.0
39,12445,0.0
39,12446,0.0
39,12447,0.0
39,12448,0.0
39,12501,0.0
39,12502,0.0
39,12503,0.0
39,12504,0.0
39,12505,0.0
39,12506,0.0
39,12507,0.0
39,12508,0.0
39,12509,0.0
39,12510,0.0
39,12511,0.0
39,12512,0.0
39,12513,0.0
39,12514,0.0
39,12515,0.0
39,12516,0.34
39,12517,0.34
39,12518,0.34
39,12519,0.34
39,12520,0.34
39,12521,0.34
39,12522,0.34
39,12523,0.34
39,12524,0.34
39,12525,0.34
39,12526,0.34
39,12527,0.34
39,12528,0.34
39,12529,0.34
39,12530,0.34
39,12531,0.34
39,12532,0.34
39,12533,0.34
39,12534,0.34
39,12535,0.34
39,12536,0.34
39,12537,0.34
39,12538,0.34
39,12539,0.34
39,12540,0.34
39,12541,0.34
39,12542,0.34
39,12543,0.0
39,12544,0.0
39,12545,0.0
39,12546,0.0
39,12547,0.0
39,12548,0.0
39,12601,0.0
39,12602,0.0
39,12603,0.0
39,12604,0.0
39,12605,0.0
39,12606,0.0
39,12607,0.0
39,12608,0.0
39,12609,0.0
39,12610,0.0
39,12611,0.0
39,12612,0.0
39,12613,0.0
39,12614,0.0
39,12615,0.0
39,12616,0.34
39,12617,0.34
39,12618,0.34
39,12619,0.34
39,12620,0.34
39,12621,0.34
39,12622,0.34
39,12623,0.34
39,12624,0.34
39,12625,0.34
39,12626,0.34
39,12627,0.34
39,12628,0.34
39,12629,0.34
39,12630,0.34
39,12631,0.34
39,12632,0.34
39,12633,0.34
39,12634,0.34
39,12635,0.34
39,12636,0.34
39,12637,0.34
39,12638,0.34
39,12639,0.34
39,12640,0.34
39,12641,0.34
39,12642,0.34
39,12643,0.0
39,12644,0.0
39,12645,0.0
39,12646,0.0
39,12647,0.0
39,12648,0.0
39,12701,0.0
39,12702,0.0
39,12703,0.0
39,12704,0.0
39,12705,0.0
39,12706,0.0
39,12707,0.0
39,12708,0.0
39,12709,0.0
39,12710,0.0
39,12711,0.0
39,12712,0.0
39,12713,0.0
39,12714,0.0
39,12715,0.0
39,12716,0.34
39,12717,0.34
39,12718,0.34
39,12719,0.34
39,12720,0.34
39,12721,0.34
39,12722,0.34
39,12723,0.34
39,12724,0.34
39,12725,0.34
39,12726,0.34
39,12727,0.34
39,12728,0.34
39,12729,0.34
39,12730,0.34
39,12731,0.34
39,12732,0.34
39,12733,0.34
39,12734,0.34
39,12735,0.34
39,12736,0.34
39,12737,0.34
39,12738,0.34
39,12739,0.34
39,12740,0.34
39,12741,0.34
39,12742,0.34
39,12743,0.0
39,12744,0.0
39,12745,0.0
39,12746,0.0
39,12747,0.0
39,12748,0.0
39,12801,0.0
39,12802,0.0
39,12803,0.0
39,12804,0.0
39,12805,0.0
39,12806,0.0
39,12807,0.0
39,12808,0.0
39,12809,0.0
39,12810,0.0
39,12811,0.0
39,12812,0.0
39,12813,0.0
39,12814,0.0
39,12815,0.0
39,12816,0.34
39,12817,0.34
39,12818,0.34
39,12819,0.34
39,12820,0.34
39,12821,0.34
39,12822,0.34
39,12823,0.34
39,12824,0.34
39,12825,0.34
39,12826,0.34
39,12827,0.34
39,12828,0.34
39,12829,0.34
39,12830,0.34
39,12831,0.34
39,12832,0.34
39,12833,0.34
39,12834,0.34
39,12835,0.34
39,12836,0.34
39,12837,0.34
39,12838,0.34
39,12839,0.34
39,12840,0.34
39,12841,0.34
39,12842,0.34
39,12843,0.0
39,12844,0.0
39,12845,0.0
39,12846,0.0
39,12847,0.0
39,12848,0.0
39,12901,0.0
39,12902,0.0
39,12903,0.0
39,12904,0.0
39,12905,0.0
39,12906,0.0
39,12907,0.0
39,12908,0.0
39,12909,0.0
39,12910,0.0
39,12911,0.0
39,12912,0.0
39,12913,0.0
39,12914,0.0
39,12915,0.0
39,12916,0.34
39,12917,0.34
39,12918,0.34
39,12919,0.34
39,12920,0.34
39,12921,0.34
39,12922,0.34
39,12923,0.34
39,12924,0.34
39,12925,0.34
39,12926,0.34
39,12927,0.34
39,12928,0.34
39,12929,0.34
39,12930,0.34
39,12931,0.34
39,12932,0.34
39,12933,0.34
39,12934,0.34
39,12935,0.34
39,12936,0.34
39,12937,0.34
39,12938,0.34
39,12939,0.34
39,12940,0.34
39,12941,0.34
39,12942,0.34
39,12943,0.0
39,12944,0.0
39,12945,0.0
39,12946,0.0
39,12947,0.0
39,12948,0.0
39,13001,0.0
39,13002,0.0
39,13003,0.0
39,13004,0.0
39,13005,0.0
39,13006,0.0
39,13007,0.0
39,13008,0.0
39,13009,0.0
39,13010,0.0
39,13011,0.0
39,13012,0.0
39,13013,0.0
39,13014,0.0
39,13015,0.0
39,13016,0.34
39,13017,0.34
39,13018,0.34
39,13019,0.34
39,13020,0.34
39,13021,0.34
39,13022,0.34
39,13023,0.34
39,13024,0.34
39,13025,0.34
39,13026,0.34
39,13027,0.34
39,13028,0.34
39,13029,0.34
39,13030,0.34
39,13031,0.34
39,13032,0.34
39,13033,0.34
39,13034,0.34
39,13035,0.34
39,13036,0.34
39,13037,0.34
39,13038,0.34
39,13039,0.34
39,13040,0.34
39,13041,0.34
39,13042,0.34
39,13043,0.0
39,13044,0.0
39,13045,0.0
39,13046,0.0
39,13047,0.0
39,13048,0.0
39,13101,0.0
39,13102,0.0
39,13103,0.0
39,13104,0.0
39,13105,0.0
39,13106,0.0
39,13107,0.0
39,13108,0.0
39,13109,0.0
39,13110,0.0
39,13111,0.0
39,13112,0.0
39,13113,0.0
39,13114,0.0
39,13115,0.0
39,13116,0.34
39,13117,0.34
39,13118,0.34
39,13119,0.34
39,13120,0.34
39,13121,0.34
39,13122,0.34
39,13123,0.34
39,13124,0.34
39,13125,0.34
39,13126,0.34
39,13127,0.34
39,13128,0.34
39,13129,0.34
39,13130,0.34
39,13131,0.34
39,13132,0.34
39,13133,0.34
39,13134,0.34
39,13135,0.34
39,13136,0.34
39,13137,0.34
39,13138,0.34
39,13139,0.34
39,13140,0.34
39,13141,0.34
39,13142,0.34
39,13143,0.0
39,13144,0.0
39,13145,0.0
39,13146,0.0
39,13147,0.0
39,13148,0.0
39,13201,0.0
39,13202,0.0
39,13203,0.0
39,13204,0.0
39,13205,0.0
39,13206,0.0
39,13207,0.0
39,13208,0.0
39,13209,0.0
39,13210,0.0
39,13211,0.0
39,13212,0.0
39,13213,0.0
39,13214,0.0
39,13215,0.0
39,13216,0.38
39,13217,0.38
39,13218,0.38
39,13219,0.38
39,13220,0.38
39,13221,0.38
39,13222,0.38
39,13223,0.38
39,13224,0.38
39,13225,0.38
39,13226,0.38
39,13227,0.38
39,13228,0.38
39,13229,0.38
39,13230,0.38
39,13231,0.38
39,13232,0.38
39,13233,0.38
39,13234,0.38
39,13235,0.38
39,13236,0.38
39,13237,0.38
39,13238,0.38
39,13239,0.38
39,13240,0.38
39,13241,0.38
39,13242,0.38
39,13243,0.0
39,13244,0.0
39,13245,0.0
39,13246,0.0
39,13247,0.0
39,13248,0.0
39,13301,0.0
39,13302,0.0
39,13303,0.0
39,13304,0.0
39,13305,0.0
39,13306,0.0
39,13307,0.0
39,13308,0.0
39,13309,0.0
39,13310,0.0
39,13311,0.0
39,13312,0.0
39,13313,0.0
39,13314,0.0
39,13315,0.0
39,13316,0.38
39,13317,0.38
39,13318,0.38
39,13319,0.38
39,13320,0.38
39,13321,0.38
39,13322,0.38
39,13323,0.38
39,13324,0.38
39,13325,0.38
39,13326,0.38
39,13327,0.38
39,13328,0.38
39,13329,0.38
39,13330,0.38
39,13331,0.38
39,13332,0.38
39,13333,0.38
39,13334,0.38
39,13335,0.38
39,13336,0.38
39,13337,0.38
39,13338,0.38
39,13339,0.38
39,13340,0.38
39,13341,0.38
39,13342,0.38
39,13343,0.0
39,13344,0.0
39,13345,0.0
39,13346,0.0
39,13347,0.0
39,13348,0.0
39,13401,0.0
39,13402,0.0
39,13403,0.0
39,13404,0.0
39,13405,0.0
39,13406,0.0
39,13407,0.0
39,13408,0.0
39,13409,0.0
39,13410,0.0
39,13411,0.0
39,13412,0.0
39,13413,0.0
39,13414,0.0
39,13415,0.0
39,13416,0.38
39,13417,0.38
39,13418,0.38
39,13419,0.38
39,13420,0.38
39,13421,0.38
39,13422,0.38
39,13423,0.38
39,13424,0.38
39,13425,0.38
39,13426,0.38
39,13427,0.38
39,13428,0.38
39,13429,0.38
39,13430,0.38
39,13431,0.38
39,13432,0.38
39,13433,0.38
39,13434,0.38
39,13435,0.38
39,13436,0.38
39,13437,0.38
39,13438,0.38
39,13439,0.38
39,13440,0.38
39,13441,0.38
39,13442,0.38
39,13443,0.0
39,13444,0.0
39,13445,0.0
39,13446,0.0
39,13447,0.0
39,13448,0.0
39,13501,0.0
39,13502,0.0
39,13503,0.0
39,13504,0.0
39,13505,0.0
39,13506,0.0
39,13507,0.0
39,13508,0.0
39,13509,0.0
39,13510,0.0
39,13511,0.0
39,13512,0.0
39,13513,0.0
39,13514,0.0
39,13515,0.0
39,13516,0.38
39,13517,0.38
39,13518,0.38
39,13519,0.38
39,13520,0.38
39,13521,0.38
39,13522,0.38
39,13523,0.38
39,13524,0.38
39,13525,0.38
39,13526,0.38
39,13527,0.38
39,13528,0.38
39,13529,0.38
39,13530,0.38
39,13531,0.38
39,13532,0.38
39,13533,0.38
39,13534,0.38
39,13535,0.38
39,13536,0.38
39,13537,0.38
39,13538,0.38
39,13539,0.38
39,13540,0.38
39,13541,0.38
39,13542,0.38
39,13543,0.0
39,13544,0.0
39,13545,0.0
39,13546,0.0
39,13547,0.0
39,13548,0.0
39,13601,0.0
39,13602,0.0
39,13603,0.0
39,13604,0.0
39,13605,0.0
39,13606,0.0
39,13607,0.0
39,13608,0.0
39,13609,0.0
39,13610,0.0
39,13611,0.0
39,13612,0.0
39,13613,0.0
39,13614,0.0
39,13615,0.0
39,13616,0.38
39,13617,0.38
39,13618,0.38
39,13619,0.38
39,13620,0.38
39,13621,0.38
39,13622,0.38
39,13623,0.38
39,13624,0.38
39,13625,0.38
39,13626,0.38
39,13627,0.38
39,13628,0.38
39,13629,0.38
39,13630,0.38
39,13631,0.38
39,13632,0.38
39,13633,0.38
39,13634,0.38
39,13635,0.38
39,13636,0.38
39,13637,0.38
39,13638,0.38
39,13639,0.38
39,13640,0.38
39,13641,0.38
39,13642,0.38
39,13643,0.0
39,13644,0.0
39,13645,0.0
39,13646,0.0
39,13647,0.0
39,13648,0.0
39,13701,0.0
39,13702,0.0
39,13703,0.0
39,13704,0.0
39,13705,0.0
39,13706,0.0
39,13707,0.0
39,13708,0.0
39,13709,0.0
39,13710,0.0
39,13711,0.0
39,13712,0.0
39,13713,0.0
39,13714,0.0
39,13715,0.0
39,13716,0.38
39,13717,0.38
39,13718,0.38
39,13719,0.38
39,13720,0.38
39,13721,0.38
39,13722,0.38
39,13723,0.38
39,13724,0.38
39,13725,0.38
39,13726,0.38
39,13727,0.38
39,13728,0.38
39,13729,0.38
39,13730,0.38
39,13731,0.38
39,13732,0.38
39,13733,0.38
39,13734,0.38
39,13735,0.38
39,13736,0.38
39,13737,0.38
39,13738,0.38
39,13739,0.38
39,13740,0.38
39,13741,0.38
39,13742,0.38
39,13743,0.0
39,13744,0.0
39,13745,0.0
39,13746,0.0
39,13747,0.0
39,13748,0.0
39,13801,0.0
39,13802,0.0
39,13803,0.0
39,13804,0.0
39,13805,0.0
39,13806,0.0
39,13807,0.0
39,13808,0.0
39,13809,0.0
39,13810,0.0
39,13811,0.0
39,13812,0.0
39,13813,0.0
39,13814,0.0
39,13815,0.0
39,13816,0.38
39,13817,0.38
39,13818,0.38
39,13819,0.38
39,13820,0.38
39,13821,0.38
39,13822,0.38
39,13823,0.38
39,13824,0.38
39,13825,0.38
39,13826,0.38
39,13827,0.38
39,13828,0.38
39,13829,0.38
39,13830,0.38
39,13831,0.38
39,13832,0.38
39,13833,0.38
39,13834,0.38
39,13835,0.38
39,13836,0.38
39,13837,0.38
39,13838,0.38
39,13839,0.38
39,13840,0.38
39,13841,0.38
39,13842,0.38
39,13843,0.0
39,13844,0.0
39,13845,0.0
39,13846,0.0
39,13847,0.0
39,13848,0.0
39,13901,0.0
39,13902,0.0
39,13903,0.0
39,13904,0.0
39,13905,0.0
39,13906,0.0
39,13907,0.0
39,13908,0.0
39,13909,0.0
39,13910,0.0
39,13911,0.0
39,13912,0.0
39,13913,0.0
39,13914,0.0
39,13915,0.0
39,13916,0.3710000000000001
39,13917,0.3710000000000001
39,13918,0.3710000000000001
39,13919,0.3710000000000001
39,13920,0.3710000000000001
39,13921,0.3710000000000001
39,13922,0.3710000000000001
39,13923,0.3710000000000001
39,13924,0.3710000000000001
39,13925,0.3710000000000001
39,13926,0.3710000000000001
39,13927,0.3710000000000001
39,13928,0.3710000000000001
39,13929,0.3710000000000001
39,13930,0.3710000000000001
39,13931,0.3710000000000001
39,13932,0.3710000000000001
39,13933,0.3710000000000001
39,13934,0.3710000000000001
39,13935,0.3710000000000001
39,13936,0.3710000000000001
39,13937,0.3710000000000001
39,13938,0.3710000000000001
39,13939,0.3710000000000001
39,13940,0.3710000000000001
39,13941,0.3710000000000001
39,13942,0.3710000000000001
39,13943,0.0
39,13944,0.0
39,13945,0.0
39,13946,0.0
39,13947,0.0
39,13948,0.0
39,14001,0.0
39,14002,0.0
39,14003,0.0
39,14004,0.0
39,14005,0.0
39,14006,0.0
39,14007,0.0
39,14008,0.0
39,14009,0.0
39,14010,0.0
39,14011,0.0
39,14012,0.0
39,14013,0.0
39,14014,0.0
39,14015,0.0
39,14016,0.3710000000000001
39,14017,0.3710000000000001
39,14018,0.3710000000000001
39,14019,0.3710000000000001
39,14020,0.3710000000000001
39,14021,0.3710000000000001
39,14022,0.3710000000000001
39,14023,0.3710000000000001
39,14024,0.3710000000000001
39,14025,0.3710000000000001
39,14026,0.3710000000000001
39,14027,0.3710000000000001
39,14028,0.3710000000000001
39,14029,0.3710000000000001
39,14030,0.3710000000000001
39,14031,0.3710000000000001
39,14032,0.3710000000000001
39,14033,0.3710000000000001
39,14034,0.3710000000000001
39,14035,0.3710000000000001
39,14036,0.3710000000000001
39,14037,0.3710000000000001
39,14038,0.3710000000000001
39,14039,0.3710000000000001
39,14040,0.3710000000000001
39,14041,0.3710000000000001
39,14042,0.3710000000000001
39,14043,0.0
39,14044,0.0
39,14045,0.0
39,14046,0.0
39,14047,0.0
39,14048,0.0
39,14101,0.0
39,14102,0.0
39,14103,0.0
39,14104,0.0
39,14105,0.0
39,14106,0.0
39,14107,0.0
39,14108,0.0
39,14109,0.0
39,14110,0.0
39,14111,0.0
39,14112,0.0
39,14113,0.0
39,14114,0.0
39,14115,0.0
39,14116,0.3710000000000001
39,14117,0.3710000000000001
39,14118,0.3710000000000001
39,14119,0.3710000000000001
39,14120,0.3710000000000001
39,14121,0.3710000000000001
39,14122,0.3710000000000001
39,14123,0.3710000000000001
39,14124,0.3710000000000001
39,14125,0.3710000000000001
39,14126,0.3710000000000001
39,14127,0.3710000000000001
39,14128,0.3710000000000001
39,14129,0.3710000000000001
39,14130,0.3710000000000001
39,14131,0.3710000000000001
39,14132,0.3710000000000001
39,14133,0.3710000000000001
39,14134,0.3710000000000001
39,14135,0.3710000000000001
39,14136,0.3710000000000001
39,14137,0.3710000000000001
39,14138,0.3710000000000001
39,14139,0.3710000000000001
39,14140,0.3710000000000001
39,14141,0.3710000000000001
39,14142,0.3710000000000001
39,14143,0.0
39,14144,0.0
39,14145,0.0
39,14146,0.0
39,14147,0.0
39,14148,0.0
39,14201,0.0
39,14202,0.0
39,14203,0.0
39,14204,0.0
39,14205,0.0
39,14206,0.0
39,14207,0.0
39,14208,0.0
39,14209,0.0
39,14210,0.0
39,14211,0.0
39,14212,0.0
39,14213,0.0
39,14214,0.0
39,14215,0.0
39,14216,0.3710000000000001
39,14217,0.3710000000000001
39,14218,0.3710000000000001
39,14219,0.3710000000000001
39,14220,0.3710000000000001
39,14221,0.3710000000000001
39,14222,0.3710000000000001
39,14223,0.3710000000000001
39,14224,0.3710000000000001
39,14225,0.3710000000000001
39,14226,0.3710000000000001
39,14227,0.3710000000000001
39,14228,0.3710000000000001
39,14229,0.3710000000000001
39,14230,0.3710000000000001
39,14231,0.3710000000000001
39,14232,0.3710000000000001
39,14233,0.3710000000000001
39,14234,0.3710000000000001
39,14235,0.3710000000000001
39,14236,0.3710000000000001
39,14237,0.3710000000000001
39,14238,0.3710000000000001
39,14239,0.3710000000000001
39,14240,0.3710000000000001
39,14241,0.3710000000000001
39,14242,0.3710000000000001
39,14243,0.0
39,14244,0.0
39,14245,0.0
39,14246,0.0
39,14247,0.0
39,14248,0.0
39,14301,0.0
39,14302,0.0
39,14303,0.0
39,14304,0.0
39,14305,0.0
39,14306,0.0
39,14307,0.0
39,14308,0.0
39,14309,0.0
39,14310,0.0
39,14311,0.0
39,14312,0.0
39,14313,0.0
39,14314,0.0
39,14315,0.0
39,14316,0.3710000000000001
39,14317,0.3710000000000001
39,14318,0.3710000000000001
39,14319,0.3710000000000001
39,14320,0.3710000000000001
39,14321,0.3710000000000001
39,14322,0.3710000000000001
39,14323,0.3710000000000001
39,14324,0.3710000000000001
39,14325,0.3710000000000001
39,14326,0.3710000000000001
39,14327,0.3710000000000001
39,14328,0.3710000000000001
39,14329,0.3710000000000001
39,14330,0.3710000000000001
39,14331,0.3710000000000001
39,14332,0.3710000000000001
39,14333,0.3710000000000001
39,14334,0.3710000000000001
39,14335,0.3710000000000001
39,14336,0.3710000000000001
39,14337,0.3710000000000001
39,14338,0.3710000000000001
39,14339,0.3710000000000001
39,14340,0.3710000000000001
39,14341,0.3710000000000001
39,14342,0.3710000000000001
39,14343,0.0
39,14344,0.0
39,14345,0.0
39,14346,0.0
39,14347,0.0
39,14348,0.0
39,14401,0.0
39,14402,0.0
39,14403,0.0
39,14404,0.0
39,14405,0.0
39,14406,0.0
39,14407,0.0
39,14408,0.0
39,14409,0.0
39,14410,0.0
39,14411,0.0
39,14412,0.0
39,14413,0.0
39,14414,0.0
39,14415,0.0
39,14416,0.3710000000000001
39,14417,0.3710000000000001
39,14418,0.3710000000000001
39,14419,0.3710000000000001
39,14420,0.3710000000000001
39,14421,0.3710000000000001
39,14422,0.3710000000000001
39,14423,0.3710000000000001
39,14424,0.3710000000000001
39,14425,0.3710000000000001
39,14426,0.3710000000000001
39,14427,0.3710000000000001
39,14428,0.3710000000000001
39,14429,0.3710000000000001
39,14430,0.3710000000000001
39,14431,0.3710000000000001
39,14432,0.3710000000000001
39,14433,0.3710000000000001
39,14434,0.3710000000000001
39,14435,0.3710000000000001
39,14436,0.3710000000000001
39,14437,0.3710000000000001
39,14438,0.3710000000000001
39,14439,0.3710000000000001
39,14440,0.3710000000000001
39,14441,0.3710000000000001
39,14442,0.3710000000000001
39,14443,0.0
39,14444,0.0
39,14445,0.0
39,14446,0.0
39,14447,0.0
39,14448,0.0
39,14501,0.0
39,14502,0.0
39,14503,0.0
39,14504,0.0
39,14505,0.0
39,14506,0.0
39,14507,0.0
39,14508,0.0
39,14509,0.0
39,14510,0.0
39,14511,0.0
39,14512,0.0
39,14513,0.0
39,14514,0.0
39,14515,0.0
39,14516,0.3710000000000001
39,14517,0.3710000000000001
39,14518,0.3710000000000001
39,14519,0.3710000000000001
39,14520,0.3710000000000001
39,14521,0.3710000000000001
39,14522,0.3710000000000001
39,14523,0.3710000000000001
39,14524,0.3710000000000001
39,14525,0.3710000000000001
39,14526,0.3710000000000001
39,14527,0.3710000000000001
39,14528,0.3710000000000001
39,14529,0.3710000000000001
39,14530,0.3710000000000001
39,14531,0.3710000000000001
39,14532,0.3710000000000001
39,14533,0.3710000000000001
39,14534,0.3710000000000001
39,14535,0.3710000000000001
39,14536,0.3710000000000001
39,14537,0.3710000000000001
39,14538,0.3710000000000001
39,14539,0.3710000000000001
39,14540,0.3710000000000001
39,14541,0.3710000000000001
39,14542,0.3710000000000001
39,14543,0.0
39,14544,0.0
39,14545,0.0
39,14546,0.0
39,14547,0.0
39,14548,0.0
39,14601,0.0
39,14602,0.0
39,14603,0.0
39,14604,0.0
39,14605,0.0
39,14606,0.0
39,14607,0.0
39,14608,0.0
39,14609,0.0
39,14610,0.0
39,14611,0.0
39,14612,0.0
39,14613,0.0
39,14614,0.0
39,14615,0.0
39,14616,0.4
39,14617,0.4
39,14618,0.4
39,14619,0.4
39,14620,0.4
39,14621,0.4
39,14622,0.4
39,14623,0.4
39,14624,0.4
39,14625,0.4
39,14626,0.4
39,14627,0.4
39,14628,0.4
39,14629,0.4
39,14630,0.4
39,14631,0.4
39,14632,0.4
39,14633,0.4
39,14634,0.4
39,14635,0.4
39,14636,0.4
39,14637,0.4
39,14638,0.4
39,14639,0.4
39,14640,0.4
39,14641,0.4
39,14642,0.4
39,14643,0.0
39,14644,0.0
39,14645,0.0
39,14646,0.0
39,14647,0.0
39,14648,0.0
39,14701,0.0
39,14702,0.0
39,14703,0.0
39,14704,0.0
39,14705,0.0
39,14706,0.0
39,14707,0.0
39,14708,0.0
39,14709,0.0
39,14710,0.0
39,14711,0.0
39,14712,0.0
39,14713,0.0
39,14714,0.0
39,14715,0.0
39,14716,0.4
39,14717,0.4
39,14718,0.4
39,14719,0.4
39,14720,0.4
39,14721,0.4
39,14722,0.4
39,14723,0.4
39,14724,0.4
39,14725,0.4
39,14726,0.4
39,14727,0.4
39,14728,0.4
39,14729,0.4
39,14730,0.4
39,14731,0.4
39,14732,0.4
39,14733,0.4
39,14734,0.4
39,14735,0.4
39,14736,0.4
39,14737,0.4
39,14738,0.4
39,14739,0.4
39,14740,0.4
39,14741,0.4
39,14742,0.4
39,14743,0.0
39,14744,0.0
39,14745,0.0
39,14746,0.0
39,14747,0.0
39,14748,0.0
39,14801,0.0
39,14802,0.0
39,14803,0.0
39,14804,0.0
39,14805,0.0
39,14806,0.0
39,14807,0.0
39,14808,0.0
39,14809,0.0
39,14810,0.0
39,14811,0.0
39,14812,0.0
39,14813,0.0
39,14814,0.0
39,14815,0.0
39,14816,0.4
39,14817,0.4
39,14818,0.4
39,14819,0.4
39,14820,0.4
39,14821,0.4
39,14822,0.4
39,14823,0.4
39,14824,0.4
39,14825,0.4
39,14826,0.4
39,14827,0.4
39,14828,0.4
39,14829,0.4
39,14830,0.4
39,14831,0.4
39,14832,0.4
39,14833,0.4
39,14834,0.4
39,14835,0.4
39,14836,0.4
39,14837,0.4
39,14838,0.4
39,14839,0.4
39,14840,0.4
39,14841,0.4
39,14842,0.0
39,14843,0.0
39,14844,0.0
39,14845,0.0
39,14846,0.0
39,14847,0.0
39,14848,0.0
39,14901,0.0
39,14902,0.0
39,14903,0.0
39,14904,0.0
39,14905,0.0
39,14906,0.0
39,14907,0.0
39,14908,0.0
39,14909,0.0
39,14910,0.0
39,14911,0.0
39,14912,0.0
39,14913,0.0
39,14914,0.0
39,14915,0.0
39,14916,0.4
39,14917,0.4
39,14918,0.4
39,14919,0.4
39,14920,0.4
39,14921,0.4
39,14922,0.4
39,14923,0.4
39,14924,0.4
39,14925,0.4
39,14926,0.4
39,14927,0.4
39,14928,0.4
39,14929,0.4
39,14930,0.4
39,14931,0.4
39,14932,0.4
39,14933,0.4
39,14934,0.4
39,14935,0.4
39,14936,0.4
39,14937,0.4
39,14938,0.4
39,14939,0.4
39,14940,0.4
39,14941,0.4
39,14942,0.0
39,14943,0.0
39,14944,0.0
39,14945,0.0
39,14946,0.0
39,14947,0.0
39,14948,0.0
39,15001,0.0
39,15002,0.0
39,15003,0.0
39,15004,0.0
39,15005,0.0
39,15006,0.0
39,15007,0.0
39,15008,0.0
39,15009,0.0
39,15010,0.0
39,15011,0.0
39,15012,0.0
39,15013,0.0
39,15014,0.0
39,15015,0.0
39,15016,0.4
39,15017,0.4
39,15018,0.4
39,15019,0.4
39,15020,0.4
39,15021,0.4
39,15022,0.4
39,15023,0.4
39,15024,0.4
39,15025,0.4
39,15026,0.4
39,15027,0.4
39,15028,0.4
39,15029,0.4
39,15030,0.4
39,15031,0.4
39,15032,0.4
39,15033,0.4
39,15034,0.4
39,15035,0.4
39,15036,0.4
39,15037,0.4
39,15038,0.4
39,15039,0.4
39,15040,0.4
39,15041,0.4
39,15042,0.0
39,15043,0.0
39,15044,0.0
39,15045,0.0
39,15046,0.0
39,15047,0.0
39,15048,0.0
39,15101,0.0
39,15102,0.0
39,15103,0.0
39,15104,0.0
39,15105,0.0
39,15106,0.0
39,15107,0.0
39,15108,0.0
39,15109,0.0
39,15110,0.0
39,15111,0.0
39,15112,0.0
39,15113,0.0
39,15114,0.0
39,15115,0.0
39,15116,0.0
39,15117,0.4
39,15118,0.4
39,15119,0.4
39,15120,0.4
39,15121,0.4
39,15122,0.4
39,15123,0.4
39,15124,0.4
39,15125,0.4
39,15126,0.4
39,15127,0.4
39,15128,0.4
39,15129,0.4
39,15130,0.4
39,15131,0.4
39,15132,0.4
39,15133,0.4
39,15134,0.4
39,15135,0.4
39,15136,0.4
39,15137,0.4
39,15138,0.4
39,15139,0.4
39,15140,0.4
39,15141,0.4
39,15142,0.0
39,15143,0.0
39,15144,0.0
39,15145,0.0
39,15146,0.0
39,15147,0.0
39,15148,0.0
39,15201,0.0
39,15202,0.0
39,15203,0.0
39,15204,0.0
39,15205,0.0
39,15206,0.0
39,15207,0.0
39,15208,0.0
39,15209,0.0
39,15210,0.0
39,15211,0.0
39,15212,0.0
39,15213,0.0
39,15214,0.0
39,15215,0.0
39,15216,0.0
39,15217,0.4
39,15218,0.4
39,15219,0.4
39,15220,0.4
39,15221,0.4
39,15222,0.4
39,15223,0.4
39,15224,0.4
39,15225,0.4
39,15226,0.4
39,15227,0.4
39,15228,0.4
39,15229,0.4
39,15230,0.4
39,15231,0.4
39,15232,0.4
39,15233,0.4
39,15234,0.4
39,15235,0.4
39,15236,0.4
39,15237,0.4
39,15238,0.4
39,15239,0.4
39,15240,0.4
39,15241,0.4
39,15242,0.0
39,15243,0.0
39,15244,0.0
39,15245,0.0
39,15246,0.0
39,15247,0.0
39,15248,0.0
39,15301,0.0
39,15302,0.0
39,15303,0.0
39,15304,0.0
39,15305,0.0
39,15306,0.0
39,15307,0.0
39,15308,0.0
39,15309,0.0
39,15310,0.0
39,15311,0.0
39,15312,0.0
39,15313,0.0
39,15314,0.0
39,15315,0.0
39,15316,0.0
39,15317,0.39
39,15318,0.39
39,15319,0.39
39,15320,0.39
39,15321,0.39
39,15322,0.39
39,15323,0.39
39,15324,0.39
39,15325,0.39
39,15326,0.39
39,15327,0.39
39,15328,0.39
39,15329,0.39
39,15330,0.39
39,15331,0.39
39,15332,0.39
39,15333,0.39
39,15334,0.39
39,15335,0.39
39,15336,0.39
39,15337,0.39
39,15338,0.39
39,15339,0.39
39,15340,0.39
39,15341,0.39
39,15342,0.0
39,15343,0.0
39,15344,0.0
39,15345,0.0
39,15346,0.0
39,15347,0.0
39,15348,0.0
39,15401,0.0
39,15402,0.0
39,15403,0.0
39,15404,0.0
39,15405,0.0
39,15406,0.0
39,15407,0.0
39,15408,0.0
39,15409,0.0
39,15410,0.0
39,15411,0.0
39,15412,0.0
39,15413,0.0
39,15414,0.0
39,15415,0.0
39,15416,0.0
39,15417,0.39
39,15418,0.39
39,15419,0.39
39,15420,0.39
39,15421,0.39
39,15422,0.39
39,15423,0.39
39,15424,0.39
39,15425,0.39
39,15426,0.39
39,15427,0.39
39,15428,0.39
39,15429,0.39
39,15430,0.39
39,15431,0.39
39,15432,0.39
39,15433,0.39
39,15434,0.39
39,15435,0.39
39,15436,0.39
39,15437,0.39
39,15438,0.39
39,15439,0.39
39,15440,0.39
39,15441,0.39
39,15442,0.0
39,15443,0.0
39,15444,0.0
39,15445,0.0
39,15446,0.0
39,15447,0.0
39,15448,0.0
39,15501,0.0
39,15502,0.0
39,15503,0.0
39,15504,0.0
39,15505,0.0
39,15506,0.0
39,15507,0.0
39,15508,0.0
39,15509,0.0
39,15510,0.0
39,15511,0.0
39,15512,0.0
39,15513,0.0
39,15514,0.0
39,15515,0.0
39,15516,0.0
39,15517,0.39
39,15518,0.39
39,15519,0.39
39,15520,0.39
39,15521,0.39
39,15522,0.39
39,15523,0.39
39,15524,0.39
39,15525,0.39
39,15526,0.39
39,15527,0.39
39,15528,0.39
39,15529,0.39
39,15530,0.39
39,15531,0.39
39,15532,0.39
39,15533,0.39
39,15534,0.39
39,15535,0.39
39,15536,0.39
39,15537,0.39
39,15538,0.39
39,15539,0.39
39,15540,0.39
39,15541,0.39
39,15542,0.0
39,15543,0.0
39,15544,0.0
39,15545,0.0
39,15546,0.0
39,15547,0.0
39,15548,0.0
39,15601,0.0
39,15602,0.0
39,15603,0.0
39,15604,0.0
39,15605,0.0
39,15606,0.0
39,15607,0.0
39,15608,0.0
39,15609,0.0
39,15610,0.0
39,15611,0.0
39,15612,0.0
39,15613,0.0
39,15614,0.0
39,15615,0.0
39,15616,0.0
39,15617,0.39
39,15618,0.39
39,15619,0.39
39,15620,0.39
39,15621,0.39
39,15622,0.39
39,15623,0.39
39,15624,0.39
39,15625,0.39
39,15626,0.39
39,15627,0.39
39,15628,0.39
39,15629,0.39
39,15630,0.39
39,15631,0.39
39,15632,0.39
39,15633,0.39
39,15634,0.39
39,15635,0.39
39,15636,0.39
39,15637,0.39
39,15638,0.39
39,15639,0.39
39,15640,0.39
39,15641,0.39
39,15642,0.0
39,15643,0.0
39,15644,0.0
39,15645,0.0
39,15646,0.0
39,15647,0.0
39,15648,0.0
39,15701,0.0
39,15702,0.0
39,15703,0.0
39,15704,0.0
39,15705,0.0
39,15706,0.0
39,15707,0.0
39,15708,0.0
39,15709,0.0
39,15710,0.0
39,15711,0.0
39,15712,0.0
39,15713,0.0
39,15714,0.0
39,15715,0.0
39,15716,0.0
39,15717,0.39
39,15718,0.39
39,15719,0.39
39,15720,0.39
39,15721,0.39
39,15722,0.39
39,15723,0.39
39,15724,0.39
39,15725,0.39
39,15726,0.39
39,15727,0.39
39,15728,0.39
39,15729,0.39
39,15730,0.39
39,15731,0.39
39,15732,0.39
39,15733,0.39
39,15734,0.39
39,15735,0.39
39,15736,0.39
39,15737,0.39
39,15738,0.39
39,15739,0.39
39,15740,0.39
39,15741,0.39
39,15742,0.0
39,15743,0.0
39,15744,0.0
39,15745,0.0
39,15746,0.0
39,15747,0.0
39,15748,0.0
39,15801,0.0
39,15802,0.0
39,15803,0.0
39,15804,0.0
39,15805,0.0
39,15806,0.0
39,15807,0.0
39,15808,0.0
39,15809,0.0
39,15810,0.0
39,15811,0.0
39,15812,0.0
39,15813,0.0
39,15814,0.0
39,15815,0.0
39,15816,0.0
39,15817,0.39
39,15818,0.39
39,15819,0.39
39,15820,0.39
39,15821,0.39
39,15822,0.39
39,15823,0.39
39,15824,0.39
39,15825,0.39
39,15826,0.39
39,15827,0.39
39,15828,0.39
39,15829,0.39
39,15830,0.39
39,15831,0.39
39,15832,0.39
39,15833,0.39
39,15834,0.39
39,15835,0.39
39,15836,0.39
39,15837,0.39
39,15838,0.39
39,15839,0.39
39,15840,0.39
39,15841,0.39
39,15842,0.0
39,15843,0.0
39,15844,0.0
39,15845,0.0
39,15846,0.0
39,15847,0.0
39,15848,0.0
39,15901,0.0
39,15902,0.0
39,15903,0.0
39,15904,0.0
39,15905,0.0
39,15906,0.0
39,15907,0.0
39,15908,0.0
39,15909,0.0
39,15910,0.0
39,15911,0.0
39,15912,0.0
39,15913,0.0
39,15914,0.0
39,15915,0.0
39,15916,0.0
39,15917,0.39
39,15918,0.39
39,15919,0.39
39,15920,0.39
39,15921,0.39
39,15922,0.39
39,15923,0.39
39,15924,0.39
39,15925,0.39
39,15926,0.39
39,15927,0.39
39,15928,0.39
39,15929,0.39
39,15930,0.39
39,15931,0.39
39,15932,0.39
39,15933,0.39
39,15934,0.39
39,15935,0.39
39,15936,0.39
39,15937,0.39
39,15938,0.39
39,15939,0.39
39,15940,0.39
39,15941,0.39
39,15942,0.0
39,15943,0.0
39,15944,0.0
39,15945,0.0
39,15946,0.0
39,15947,0.0
39,15948,0.0
39,16001,0.0
39,16002,0.0
39,16003,0.0
39,16004,0.0
39,16005,0.0
39,16006,0.0
39,16007,0.0
39,16008,0.0
39,16009,0.0
39,16010,0.0
39,16011,0.0
39,16012,0.0
39,16013,0.0
39,16014,0.0
39,16015,0.0
39,16016,0.0
39,16017,0.38
39,16018,0.38
39,16019,0.38
39,16020,0.38
39,16021,0.38
39,16022,0.38
39,16023,0.38
39,16024,0.38
39,16025,0.38
39,16026,0.38
39,16027,0.38
39,16028,0.38
39,16029,0.38
39,16030,0.38
39,16031,0.38
39,16032,0.38
39,16033,0.38
39,16034,0.38
39,16035,0.38
39,16036,0.38
39,16037,0.38
39,16038,0.38
39,16039,0.38
39,16040,0.38
39,16041,0.38
39,16042,0.0
39,16043,0.0
39,16044,0.0
39,16045,0.0
39,16046,0.0
39,16047,0.0
39,16048,0.0
39,16101,0.0
39,16102,0.0
39,16103,0.0
39,16104,0.0
39,16105,0.0
39,16106,0.0
39,16107,0.0
39,16108,0.0
39,16109,0.0
39,16110,0.0
39,16111,0.0
39,16112,0.0
39,16113,0.0
39,16114,0.0
39,16115,0.0
39,16116,0.0
39,16117,0.38
39,16118,0.38
39,16119,0.38
39,16120,0.38
39,16121,0.38
39,16122,0.38
39,16123,0.38
39,16124,0.38
39,16125,0.38
39,16126,0.38
39,16127,0.38
39,16128,0.38
39,16129,0.38
39,16130,0.38
39,16131,0.38
39,16132,0.38
39,16133,0.38
39,16134,0.38
39,16135,0.38
39,16136,0.38
39,16137,0.38
39,16138,0.38
39,16139,0.38
39,16140,0.38
39,16141,0.38
39,16142,0.0
39,16143,0.0
39,16144,0.0
39,16145,0.0
39,16146,0.0
39,16147,0.0
39,16148,0.0
39,16201,0.0
39,16202,0.0
39,16203,0.0
39,16204,0.0
39,16205,0.0
39,16206,0.0
39,16207,0.0
39,16208,0.0
39,16209,0.0
39,16210,0.0
39,16211,0.0
39,16212,0.0
39,16213,0.0
39,16214,0.0
39,16215,0.0
39,16216,0.0
39,16217,0.38
39,16218,0.38
39,16219,0.38
39,16220,0.38
39,16221,0.38
39,16222,0.38
39,16223,0.38
39,16224,0.38
39,16225,0.38
39,16226,0.38
39,16227,0.38
39,16228,0.38
39,16229,0.38
39,16230,0.38
39,16231,0.38
39,16232,0.38
39,16233,0.38
39,16234,0.38
39,16235,0.38
39,16236,0.38
39,16237,0.38
39,16238,0.38
39,16239,0.38
39,16240,0.38
39,16241,0.38
39,16242,0.0
39,16243,0.0
39,16244,0.0
39,16245,0.0
39,16246,0.0
39,16247,0.0
39,16248,0.0
39,16301,0.0
39,16302,0.0
39,16303,0.0
39,16304,0.0
39,16305,0.0
39,16306,0.0
39,16307,0.0
39,16308,0.0
39,16309,0.0
39,16310,0.0
39,16311,0.0
39,16312,0.0
39,16313,0.0
39,16314,0.0
39,16315,0.0
39,16316,0.0
39,16317,0.38
39,16318,0.38
39,16319,0.38
39,16320,0.38
39,16321,0.38
39,16322,0.38
39,16323,0.38
39,16324,0.38
39,16325,0.38
39,16326,0.38
39,16327,0.38
39,16328,0.38
39,16329,0.38
39,16330,0.38
39,16331,0.38
39,16332,0.38
39,16333,0.38
39,16334,0.38
39,16335,0.38
39,16336,0.38
39,16337,0.38
39,16338,0.38
39,16339,0.38
39,16340,0.38
39,16341,0.38
39,16342,0.0
39,16343,0.0
39,16344,0.0
39,16345,0.0
39,16346,0.0
39,16347,0.0
39,16348,0.0
39,16401,0.0
39,16402,0.0
39,16403,0.0
39,16404,0.0
39,16405,0.0
39,16406,0.0
39,16407,0.0
39,16408,0.0
39,16409,0.0
39,16410,0.0
39,16411,0.0
39,16412,0.0
39,16413,0.0
39,16414,0.0
39,16415,0.0
39,16416,0.0
39,16417,0.38
39,16418,0.38
39,16419,0.38
39,16420,0.38
39,16421,0.38
39,16422,0.38
39,16423,0.38
39,16424,0.38
39,16425,0.38
39,16426,0.38
39,16427,0.38
39,16428,0.38
39,16429,0.38
39,16430,0.38
39,16431,0.38
39,16432,0.38
39,16433,0.38
39,16434,0.38
39,16435,0.38
39,16436,0.38
39,16437,0.38
39,16438,0.38
39,16439,0.38
39,16440,0.38
39,16441,0.38
39,16442,0.0
39,16443,0.0
39,16444,0.0
39,16445,0.0
39,16446,0.0
39,16447,0.0
39,16448,0.0
39,16501,0.0
39,16502,0.0
39,16503,0.0
39,16504,0.0
39,16505,0.0
39,16506,0.0
39,16507,0.0
39,16508,0.0
39,16509,0.0
39,16510,0.0
39,16511,0.0
39,16512,0.0
39,16513,0.0
39,16514,0.0
39,16515,0.0
39,16516,0.0
39,16517,0.38
39,16518,0.38
39,16519,0.38
39,16520,0.38
39,16521,0.38
39,16522,0.38
39,16523,0.38
39,16524,0.38
39,16525,0.38
39,16526,0.38
39,16527,0.38
39,16528,0.38
39,16529,0.38
39,16530,0.38
39,16531,0.38
39,16532,0.38
39,16533,0.38
39,16534,0.38
39,16535,0.38
39,16536,0.38
39,16537,0.38
39,16538,0.38
39,16539,0.38
39,16540,0.38
39,16541,0.38
39,16542,0.0
39,16543,0.0
39,16544,0.0
39,16545,0.0
39,16546,0.0
39,16547,0.0
39,16548,0.0
39,16601,0.0
39,16602,0.0
39,16603,0.0
39,16604,0.0
39,16605,0.0
39,16606,0.0
39,16607,0.0
39,16608,0.0
39,16609,0.0
39,16610,0.0
39,16611,0.0
39,16612,0.0
39,16613,0.0
39,16614,0.0
39,16615,0.0
39,16616,0.0
39,16617,0.38
39,16618,0.38
39,16619,0.38
39,16620,0.38
39,16621,0.38
39,16622,0.38
39,16623,0.38
39,16624,0.38
39,16625,0.38
39,16626,0.38
39,16627,0.38
39,16628,0.38
39,16629,0.38
39,16630,0.38
39,16631,0.38
39,16632,0.38
39,16633,0.38
39,16634,0.38
39,16635,0.38
39,16636,0.38
39,16637,0.38
39,16638,0.38
39,16639,0.38
39,16640,0.38
39,16641,0.38
39,16642,0.0
39,16643,0.0
39,16644,0.0
39,16645,0.0
39,16646,0.0
39,16647,0.0
39,16648,0.0
39,16701,0.0
39,16702,0.0
39,16703,0.0
39,16704,0.0
39,16705,0.0
39,16706,0.0
39,16707,0.0
39,16708,0.0
39,16709,0.0
39,16710,0.0
39,16711,0.0
39,16712,0.0
39,16713,0.0
39,16714,0.0
39,16715,0.0
39,16716,0.0
39,16717,0.41
39,16718,0.41
39,16719,0.41
39,16720,0.41
39,16721,0.41
39,16722,0.41
39,16723,0.41
39,16724,0.41
39,16725,0.41
39,16726,0.41
39,16727,0.41
39,16728,0.41
39,16729,0.41
39,16730,0.41
39,16731,0.41
39,16732,0.41
39,16733,0.41
39,16734,0.41
39,16735,0.41
39,16736,0.41
39,16737,0.41
39,16738,0.41
39,16739,0.41
39,16740,0.41
39,16741,0.41
39,16742,0.0
39,16743,0.0
39,16744,0.0
39,16745,0.0
39,16746,0.0
39,16747,0.0
39,16748,0.0
39,16801,0.0
39,16802,0.0
39,16803,0.0
39,16804,0.0
39,16805,0.0
39,16806,0.0
39,16807,0.0
39,16808,0.0
39,16809,0.0
39,16810,0.0
39,16811,0.0
39,16812,0.0
39,16813,0.0
39,16814,0.0
39,16815,0.0
39,16816,0.0
39,16817,0.41
39,16818,0.41
39,16819,0.41
39,16820,0.41
39,16821,0.41
39,16822,0.41
39,16823,0.41
39,16824,0.41
39,16825,0.41
39,16826,0.41
39,16827,0.41
39,16828,0.41
39,16829,0.41
39,16830,0.41
39,16831,0.41
39,16832,0.41
39,16833,0.41
39,16834,0.41
39,16835,0.41
39,16836,0.41
39,16837,0.41
39,16838,0.41
39,16839,0.41
39,16840,0.41
39,16841,0.41
39,16842,0.0
39,16843,0.0
39,16844,0.0
39,16845,0.0
39,16846,0.0
39,16847,0.0
39,16848,0.0
39,16901,0.0
39,16902,0.0
39,16903,0.0
39,16904,0.0
39,16905,0.0
39,16906,0.0
39,16907,0.0
39,16908,0.0
39,16909,0.0
39,16910,0.0
39,16911,0.0
39,16912,0.0
39,16913,0.0
39,16914,0.0
39,16915,0.0
39,16916,0.0
39,16917,0.41
39,16918,0.41
39,16919,0.41
39,16920,0.41
39,16921,0.41
39,16922,0.41
39,16923,0.41
39,16924,0.41
39,16925,0.41
39,16926,0.41
39,16927,0.41
39,16928,0.41
39,16929,0.41
39,16930,0.41
39,16931,0.41
39,16932,0.41
39,16933,0.41
39,16934,0.41
39,16935,0.41
39,16936,0.41
39,16937,0.41
39,16938,0.41
39,16939,0.41
39,16940,0.41
39,16941,0.41
39,16942,0.0
39,16943,0.0
39,16944,0.0
39,16945,0.0
39,16946,0.0
39,16947,0.0
39,16948,0.0
39,17001,0.0
39,17002,0.0
39,17003,0.0
39,17004,0.0
39,17005,0.0
39,17006,0.0
39,17007,0.0
39,17008,0.0
39,17009,0.0
39,17010,0.0
39,17011,0.0
39,17012,0.0
39,17013,0.0
39,17014,0.0
39,17015,0.0
39,17016,0.0
39,17017,0.41
39,17018,0.41
39,17019,0.41
39,17020,0.41
39,17021,0.41
39,17022,0.41
39,17023,0.41
39,17024,0.41
39,17025,0.41
39,17026,0.41
39,17027,0.41
39,17028,0.41
39,17029,0.41
39,17030,0.41
39,17031,0.41
39,17032,0.41
39,17033,0.41
39,17034,0.41
39,17035,0.41
39,17036,0.41
39,17037,0.41
39,17038,0.41
39,17039,0.41
39,17040,0.41
39,17041,0.41
39,17042,0.0
39,17043,0.0
39,17044,0.0
39,17045,0.0
39,17046,0.0
39,17047,0.0
39,17048,0.0
39,17101,0.0
39,17102,0.0
39,17103,0.0
39,17104,0.0
39,17105,0.0
39,17106,0.0
39,17107,0.0
39,17108,0.0
39,17109,0.0
39,17110,0.0
39,17111,0.0
39,17112,0.0
39,17113,0.0
39,17114,0.0
39,17115,0.0
39,17116,0.0
39,17117,0.41
39,17118,0.41
39,17119,0.41
39,17120,0.41
39,17121,0.41
39,17122,0.41
39,17123,0.41
39,17124,0.41
39,17125,0.41
39,17126,0.41
39,17127,0.41
39,17128,0.41
39,17129,0.41
39,17130,0.41
39,17131,0.41
39,17132,0.41
39,17133,0.41
39,17134,0.41
39,17135,0.41
39,17136,0.41
39,17137,0.41
39,17138,0.41
39,17139,0.41
39,17140,0.41
39,17141,0.41
39,17142,0.0
39,17143,0.0
39,17144,0.0
39,17145,0.0
39,17146,0.0
39,17147,0.0
39,17148,0.0
39,17201,0.0
39,17202,0.0
39,17203,0.0
39,17204,0.0
39,17205,0.0
39,17206,0.0
39,17207,0.0
39,17208,0.0
39,17209,0.0
39,17210,0.0
39,17211,0.0
39,17212,0.0
39,17213,0.0
39,17214,0.0
39,17215,0.0
39,17216,0.0
39,17217,0.41
39,17218,0.41
39,17219,0.41
39,17220,0.41
39,17221,0.41
39,17222,0.41
39,17223,0.41
39,17224,0.41
39,17225,0.41
39,17226,0.41
39,17227,0.41
39,17228,0.41
39,17229,0.41
39,17230,0.41
39,17231,0.41
39,17232,0.41
39,17233,0.41
39,17234,0.41
39,17235,0.41
39,17236,0.41
39,17237,0.41
39,17238,0.41
39,17239,0.41
39,17240,0.41
39,17241,0.0
39,17242,0.0
39,17243,0.0
39,17244,0.0
39,17245,0.0
39,17246,0.0
39,17247,0.0
39,17248,0.0
39,17301,0.0
39,17302,0.0
39,17303,0.0
39,17304,0.0
39,17305,0.0
39,17306,0.0
39,17307,0.0
39,17308,0.0
39,17309,0.0
39,17310,0.0
39,17311,0.0
39,17312,0.0
39,17313,0.0
39,17314,0.0
39,17315,0.0
39,17316,0.0
39,17317,0.41
39,17318,0.41
39,17319,0.41
39,17320,0.41
39,17321,0.41
39,17322,0.41
39,17323,0.41
39,17324,0.41
39,17325,0.41
39,17326,0.41
39,17327,0.41
39,17328,0.41
39,17329,0.41
39,17330,0.41
39,17331,0.41
39,17332,0.41
39,17333,0.41
39,17334,0.41
39,17335,0.41
39,17336,0.41
39,17337,0.41
39,17338,0.41
39,17339,0.41
39,17340,0.41
39,17341,0.0
39,17342,0.0
39,17343,0.0
39,17344,0.0
39,17345,0.0
39,17346,0.0
39,17347,0.0
39,17348,0.0
39,17401,0.0
39,17402,0.0
39,17403,0.0
39,17404,0.0
39,17405,0.0
39,17406,0.0
39,17407,0.0
39,17408,0.0
39,17409,0.0
39,17410,0.0
39,17411,0.0
39,17412,0.0
39,17413,0.0
39,17414,0.0
39,17415,0.0
39,17416,0.0
39,17417,0.39
39,17418,0.39
39,17419,0.39
39,17420,0.39
39,17421,0.39
39,17422,0.39
39,17423,0.39
39,17424,0.39
39,17425,0.39
39,17426,0.39
39,17427,0.39
39,17428,0.39
39,17429,0.39
39,17430,0.39
39,17431,0.39
39,17432,0.39
39,17433,0.39
39,17434,0.39
39,17435,0.39
39,17436,0.39
39,17437,0.39
39,17438,0.39
39,17439,0.39
39,17440,0.39
39,17441,0.0
39,17442,0.0
39,17443,0.0
39,17444,0.0
39,17445,0.0
39,17446,0.0
39,17447,0.0
39,17448,0.0
39,17501,0.0
39,17502,0.0
39,17503,0.0
39,17504,0.0
39,17505,0.0
39,17506,0.0
39,17507,0.0
39,17508,0.0
39,17509,0.0
39,17510,0.0
39,17511,0.0
39,17512,0.0
39,17513,0.0
39,17514,0.0
39,17515,0.0
39,17516,0.0
39,17517,0.39
39,17518,0.39
39,17519,0.39
39,17520,0.39
39,17521,0.39
39,17522,0.39
39,17523,0.39
39,17524,0.39
39,17525,0.39
39,17526,0.39
39,17527,0.39
39,17528,0.39
39,17529,0.39
39,17530,0.39
39,17531,0.39
39,17532,0.39
39,17533,0.39
39,17534,0.39
39,17535,0.39
39,17536,0.39
39,17537,0.39
39,17538,0.39
39,17539,0.39
39,17540,0.39
39,17541,0.0
39,17542,0.0
39,17543,0.0
39,17544,0.0
39,17545,0.0
39,17546,0.0
39,17547,0.0
39,17548,0.0
39,17601,0.0
39,17602,0.0
39,17603,0.0
39,17604,0.0
39,17605,0.0
39,17606,0.0
39,17607,0.0
39,17608,0.0
39,17609,0.0
39,17610,0.0
39,17611,0.0
39,17612,0.0
39,17613,0.0
39,17614,0.0
39,17615,0.0
39,17616,0.0
39,17617,0.39
39,17618,0.39
39,17619,0.39
39,17620,0.39
39,17621,0.39
39,17622,0.39
39,17623,0.39
39,17624,0.39
39,17625,0.39
39,17626,0.39
39,17627,0.39
39,17628,0.39
39,17629,0.39
39,17630,0.39
39,17631,0.39
39,17632,0.39
39,17633,0.39
39,17634,0.39
39,17635,0.39
39,17636,0.39
39,17637,0.39
39,17638,0.39
39,17639,0.39
39,17640,0.39
39,17641,0.0
39,17642,0.0
39,17643,0.0
39,17644,0.0
39,17645,0.0
39,17646,0.0
39,17647,0.0
39,17648,0.0
39,17701,0.0
39,17702,0.0
39,17703,0.0
39,17704,0.0
39,17705,0.0
39,17706,0.0
39,17707,0.0
39,17708,0.0
39,17709,0.0
39,17710,0.0
39,17711,0.0
39,17712,0.0
39,17713,0.0
39,17714,0.0
39,17715,0.0
39,17716,0.0
39,17717,0.39
39,17718,0.39
39,17719,0.39
39,17720,0.39
39,17721,0.39
39,17722,0.39
39,17723,0.39
39,17724,0.39
39,17725,0.39
39,17726,0.39
39,17727,0.39
39,17728,0.39
39,17729,0.39
39,17730,0.39
39,17731,0.39
39,17732,0.39
39,17733,0.39
39,17734,0.39
39,17735,0.39
39,17736,0.39
39,17737,0.39
39,17738,0.39
39,17739,0.39
39,17740,0.39
39,17741,0.0
39,17742,0.0
39,17743,0.0
39,17744,0.0
39,17745,0.0
39,17746,0.0
39,17747,0.0
39,17748,0.0
39,17801,0.0
39,17802,0.0
39,17803,0.0
39,17804,0.0
39,17805,0.0
39,17806,0.0
39,17807,0.0
39,17808,0.0
39,17809,0.0
39,17810,0.0
39,17811,0.0
39,17812,0.0
39,17813,0.0
39,17814,0.0
39,17815,0.0
39,17816,0.0
39,17817,0.39
39,17818,0.39
39,17819,0.39
39,17820,0.39
39,17821,0.39
39,17822,0.39
39,17823,0.39
39,17824,0.39
39,17825,0.39
39,17826,0.39
39,17827,0.39
39,17828,0.39
39,17829,0.39
39,17830,0.39
39,17831,0.39
39,17832,0.39
39,17833,0.39
39,17834,0.39
39,17835,0.39
39,17836,0.39
39,17837,0.39
39,17838,0.39
39,17839,0.39
39,17840,0.39
39,17841,0.0
39,17842,0.0
39,17843,0.0
39,17844,0.0
39,17845,0.0
39,17846,0.0
39,17847,0.0
39,17848,0.0
39,17901,0.0
39,17902,0.0
39,17903,0.0
39,17904,0.0
39,17905,0.0
39,17906,0.0
39,17907,0.0
39,17908,0.0
39,17909,0.0
39,17910,0.0
39,17911,0.0
39,17912,0.0
39,17913,0.0
39,17914,0.0
39,17915,0.0
39,17916,0.0
39,17917,0.39
39,17918,0.39
39,17919,0.39
39,17920,0.39
39,17921,0.39
39,17922,0.39
39,17923,0.39
39,17924,0.39
39,17925,0.39
39,17926,0.39
39,17927,0.39
39,17928,0.39
39,17929,0.39
39,17930,0.39
39,17931,0.39
39,17932,0.39
39,17933,0.39
39,17934,0.39
39,17935,0.39
39,17936,0.39
39,17937,0.39
39,17938,0.39
39,17939,0.39
39,17940,0.39
39,17941,0.0
39,17942,0.0
39,17943,0.0
39,17944,0.0
39,17945,0.0
39,17946,0.0
39,17947,0.0
39,17948,0.0
39,18001,0.0
39,18002,0.0
39,18003,0.0
39,18004,0.0
39,18005,0.0
39,18006,0.0
39,18007,0.0
39,18008,0.0
39,18009,0.0
39,18010,0.0
39,18011,0.0
39,18012,0.0
39,18013,0.0
39,18014,0.0
39,18015,0.0
39,18016,0.0
39,18017,0.39
39,18018,0.39
39,18019,0.39
39,18020,0.39
39,18021,0.39
39,18022,0.39
39,18023,0.39
39,18024,0.39
39,18025,0.39
39,18026,0.39
39,18027,0.39
39,18028,0.39
39,18029,0.39
39,18030,0.39
39,18031,0.39
39,18032,0.39
39,18033,0.39
39,18034,0.39
39,18035,0.39
39,18036,0.39
39,18037,0.39
39,18038,0.39
39,18039,0.39
39,18040,0.39
39,18041,0.0
39,18042,0.0
39,18043,0.0
39,18044,0.0
39,18045,0.0
39,18046,0.0
39,18047,0.0
39,18048,0.0
39,18101,0.0
39,18102,0.0
39,18103,0.0
39,18104,0.0
39,18105,0.0
39,18106,0.0
39,18107,0.0
39,18108,0.0
39,18109,0.0
39,18110,0.0
39,18111,0.0
39,18112,0.0
39,18113,0.0
39,18114,0.0
39,18115,0.0
39,18116,0.0
39,18117,0.41
39,18118,0.41
39,18119,0.41
39,18120,0.41
39,18121,0.41
39,18122,0.41
39,18123,0.41
39,18124,0.41
39,18125,0.41
39,18126,0.41
39,18127,0.41
39,18128,0.41
39,18129,0.41
39,18130,0.41
39,18131,0.41
39,18132,0.41
39,18133,0.41
39,18134,0.41
39,18135,0.41
39,18136,0.41
39,18137,0.41
39,18138,0.41
39,18139,0.41
39,18140,0.41
39,18141,0.0
39,18142,0.0
39,18143,0.0
39,18144,0.0
39,18145,0.0
39,18146,0.0
39,18147,0.0
39,18148,0.0
39,18201,0.0
39,18202,0.0
39,18203,0.0
39,18204,0.0
39,18205,0.0
39,18206,0.0
39,18207,0.0
39,18208,0.0
39,18209,0.0
39,18210,0.0
39,18211,0.0
39,18212,0.0
39,18213,0.0
39,18214,0.0
39,18215,0.0
39,18216,0.0
39,18217,0.41
39,18218,0.41
39,18219,0.41
39,18220,0.41
39,18221,0.41
39,18222,0.41
39,18223,0.41
39,18224,0.41
39,18225,0.41
39,18226,0.41
39,18227,0.41
39,18228,0.41
39,18229,0.41
39,18230,0.41
39,18231,0.41
39,18232,0.41
39,18233,0.41
39,18234,0.41
39,18235,0.41
39,18236,0.41
39,18237,0.41
39,18238,0.41
39,18239,0.41
39,18240,0.41
39,18241,0.0
39,18242,0.0
39,18243,0.0
39,18244,0.0
39,18245,0.0
39,18246,0.0
39,18247,0.0
39,18248,0.0
39,18301,0.0
39,18302,0.0
39,18303,0.0
39,18304,0.0
39,18305,0.0
39,18306,0.0
39,18307,0.0
39,18308,0.0
39,18309,0.0
39,18310,0.0
39,18311,0.0
39,18312,0.0
39,18313,0.0
39,18314,0.0
39,18315,0.0
39,18316,0.0
39,18317,0.41
39,18318,0.41
39,18319,0.41
39,18320,0.41
39,18321,0.41
39,18322,0.41
39,18323,0.41
39,18324,0.41
39,18325,0.41
39,18326,0.41
39,18327,0.41
39,18328,0.41
39,18329,0.41
39,18330,0.41
39,18331,0.41
39,18332,0.41
39,18333,0.41
39,18334,0.41
39,18335,0.41
39,18336,0.41
39,18337,0.41
39,18338,0.41
39,18339,0.41
39,18340,0.41
39,18341,0.0
39,18342,0.0
39,18343,0.0
39,18344,0.0
39,18345,0.0
39,18346,0.0
39,18347,0.0
39,18348,0.0
39,18401,0.0
39,18402,0.0
39,18403,0.0
39,18404,0.0
39,18405,0.0
39,18406,0.0
39,18407,0.0
39,18408,0.0
39,18409,0.0
39,18410,0.0
39,18411,0.0
39,18412,0.0
39,18413,0.0
39,18414,0.0
39,18415,0.0
39,18416,0.0
39,18417,0.41
39,18418,0.41
39,18419,0.41
39,18420,0.41
39,18421,0.41
39,18422,0.41
39,18423,0.41
39,18424,0.41
39,18425,0.41
39,18426,0.41
39,18427,0.41
39,18428,0.41
39,18429,0.41
39,18430,0.41
39,18431,0.41
39,18432,0.41
39,18433,0.41
39,18434,0.41
39,18435,0.41
39,18436,0.41
39,18437,0.41
39,18438,0.41
39,18439,0.41
39,18440,0.41
39,18441,0.0
39,18442,0.0
39,18443,0.0
39,18444,0.0
39,18445,0.0
39,18446,0.0
39,18447,0.0
39,18448,0.0
39,18501,0.0
39,18502,0.0
39,18503,0.0
39,18504,0.0
39,18505,0.0
39,18506,0.0
39,18507,0.0
39,18508,0.0
39,18509,0.0
39,18510,0.0
39,18511,0.0
39,18512,0.0
39,18513,0.0
39,18514,0.0
39,18515,0.0
39,18516,0.0
39,18517,0.41
39,18518,0.41
39,18519,0.41
39,18520,0.41
39,18521,0.41
39,18522,0.41
39,18523,0.41
39,18524,0.41
39,18525,0.41
39,18526,0.41
39,18527,0.41
39,18528,0.41
39,18529,0.41
39,18530,0.41
39,18531,0.41
39,18532,0.41
39,18533,0.41
39,18534,0.41
39,18535,0.41
39,18536,0.41
39,18537,0.41
39,18538,0.41
39,18539,0.41
39,18540,0.41
39,18541,0.0
39,18542,0.0
39,18543,0.0
39,18544,0.0
39,18545,0.0
39,18546,0.0
39,18547,0.0
39,18548,0.0
39,18601,0.0
39,18602,0.0
39,18603,0.0
39,18604,0.0
39,18605,0.0
39,18606,0.0
39,18607,0.0
39,18608,0.0
39,18609,0.0
39,18610,0.0
39,18611,0.0
39,18612,0.0
39,18613,0.0
39,18614,0.0
39,18615,0.0
39,18616,0.0
39,18617,0.41
39,18618,0.41
39,18619,0.41
39,18620,0.41
39,18621,0.41
39,18622,0.41
39,18623,0.41
39,18624,0.41
39,18625,0.41
39,18626,0.41
39,18627,0.41
39,18628,0.41
39,18629,0.41
39,18630,0.41
39,18631,0.41
39,18632,0.41
39,18633,0.41
39,18634,0.41
39,18635,0.41
39,18636,0.41
39,18637,0.41
39,18638,0.41
39,18639,0.41
39,18640,0.41
39,18641,0.0
39,18642,0.0
39,18643,0.0
39,18644,0.0
39,18645,0.0
39,18646,0.0
39,18647,0.0
39,18648,0.0
39,18701,0.0
39,18702,0.0
39,18703,0.0
39,18704,0.0
39,18705,0.0
39,18706,0.0
39,18707,0.0
39,18708,0.0
39,18709,0.0
39,18710,0.0
39,18711,0.0
39,18712,0.0
39,18713,0.0
39,18714,0.0
39,18715,0.0
39,18716,0.0
39,18717,0.41
39,18718,0.41
39,18719,0.41
39,18720,0.41
39,18721,0.41
39,18722,0.41
39,18723,0.41
39,18724,0.41
39,18725,0.41
39,18726,0.41
39,18727,0.41
39,18728,0.41
39,18729,0.41
39,18730,0.41
39,18731,0.41
39,18732,0.41
39,18733,0.41
39,18734,0.41
39,18735,0.41
39,18736,0.41
39,18737,0.41
39,18738,0.41
39,18739,0.41
39,18740,0.41
39,18741,0.0
39,18742,0.0
39,18743,0.0
39,18744,0.0
39,18745,0.0
39,18746,0.0
39,18747,0.0
39,18748,0.0
39,18801,0.0
39,18802,0.0
39,18803,0.0
39,18804,0.0
39,18805,0.0
39,18806,0.0
39,18807,0.0
39,18808,0.0
39,18809,0.0
39,18810,0.0
39,18811,0.0
39,18812,0.0
39,18813,0.0
39,18814,0.0
39,18815,0.0
39,18816,0.0
39,18817,0.40099999999999997
39,18818,0.40099999999999997
39,18819,0.40099999999999997
39,18820,0.40099999999999997
39,18821,0.40099999999999997
39,18822,0.40099999999999997
39,18823,0.40099999999999997
39,18824,0.40099999999999997
39,18825,0.40099999999999997
39,18826,0.40099999999999997
39,18827,0.40099999999999997
39,18828,0.40099999999999997
39,18829,0.40099999999999997
39,18830,0.40099999999999997
39,18831,0.40099999999999997
39,18832,0.40099999999999997
39,18833,0.40099999999999997
39,18834,0.40099999999999997
39,18835,0.40099999999999997
39,18836,0.40099999999999997
39,18837,0.40099999999999997
39,18838,0.40099999999999997
39,18839,0.40099999999999997
39,18840,0.40099999999999997
39,18841,0.0
39,18842,0.0
39,18843,0.0
39,18844,0.0
39,18845,0.0
39,18846,0.0
39,18847,0.0
39,18848,0.0
39,18901,0.0
39,18902,0.0
39,18903,0.0
39,18904,0.0
39,18905,0.0
39,18906,0.0
39,18907,0.0
39,18908,0.0
39,18909,0.0
39,18910,0.0
39,18911,0.0
39,18912,0.0
39,18913,0.0
39,18914,0.0
39,18915,0.0
39,18916,0.0
39,18917,0.40099999999999997
39,18918,0.40099999999999997
39,18919,0.40099999999999997
39,18920,0.40099999999999997
39,18921,0.40099999999999997
39,18922,0.40099999999999997
39,18923,0.40099999999999997
39,18924,0.40099999999999997
39,18925,0.40099999999999997
39,18926,0.40099999999999997
39,18927,0.40099999999999997
39,18928,0.40099999999999997
39,18929,0.40099999999999997
39,18930,0.40099999999999997
39,18931,0.40099999999999997
39,18932,0.40099999999999997
39,18933,0.40099999999999997
39,18934,0.40099999999999997
39,18935,0.40099999999999997
39,18936,0.40099999999999997
39,18937,0.40099999999999997
39,18938,0.40099999999999997
39,18939,0.40099999999999997
39,18940,0.40099999999999997
39,18941,0.0
39,18942,0.0
39,18943,0.0
39,18944,0.0
39,18945,0.0
39,18946,0.0
39,18947,0.0
39,18948,0.0
39,19001,0.0
39,19002,0.0
39,19003,0.0
39,19004,0.0
39,19005,0.0
39,19006,0.0
39,19007,0.0
39,19008,0.0
39,19009,0.0
39,19010,0.0
39,19011,0.0
39,19012,0.0
39,19013,0.0
39,19014,0.0
39,19015,0.0
39,19016,0.0
39,19017,0.40099999999999997
39,19018,0.40099999999999997
39,19019,0.40099999999999997
39,19020,0.40099999999999997
39,19021,0.40099999999999997
39,19022,0.40099999999999997
39,19023,0.40099999999999997
39,19024,0.40099999999999997
39,19025,0.40099999999999997
39,19026,0.40099999999999997
39,19027,0.40099999999999997
39,19028,0.40099999999999997
39,19029,0.40099999999999997
39,19030,0.40099999999999997
39,19031,0.40099999999999997
39,19032,0.40099999999999997
39,19033,0.40099999999999997
39,19034,0.40099999999999997
39,19035,0.40099999999999997
39,19036,0.40099999999999997
39,19037,0.40099999999999997
39,19038,0.40099999999999997
39,19039,0.40099999999999997
39,19040,0.40099999999999997
39,19041,0.0
39,19042,0.0
39,19043,0.0
39,19044,0.0
39,19045,0.0
39,19046,0.0
39,19047,0.0
39,19048,0.0
39,19101,0.0
39,19102,0.0
39,19103,0.0
39,19104,0.0
39,19105,0.0
39,19106,0.0
39,19107,0.0
39,19108,0.0
39,19109,0.0
39,19110,0.0
39,19111,0.0
39,19112,0.0
39,19113,0.0
39,19114,0.0
39,19115,0.0
39,19116,0.0
39,19117,0.40099999999999997
39,19118,0.40099999999999997
39,19119,0.40099999999999997
39,19120,0.40099999999999997
39,19121,0.40099999999999997
39,19122,0.40099999999999997
39,19123,0.40099999999999997
39,19124,0.40099999999999997
39,19125,0.40099999999999997
39,19126,0.40099999999999997
39,19127,0.40099999999999997
39,19128,0.40099999999999997
39,19129,0.40099999999999997
39,19130,0.40099999999999997
39,19131,0.40099999999999997
39,19132,0.40099999999999997
39,19133,0.40099999999999997
39,19134,0.40099999999999997
39,19135,0.40099999999999997
39,19136,0.40099999999999997
39,19137,0.40099999999999997
39,19138,0.40099999999999997
39,19139,0.40099999999999997
39,19140,0.40099999999999997
39,19141,0.0
39,19142,0.0
39,19143,0.0
39,19144,0.0
39,19145,0.0
39,19146,0.0
39,19147,0.0
39,19148,0.0
39,19201,0.0
39,19202,0.0
39,19203,0.0
39,19204,0.0
39,19205,0.0
39,19206,0.0
39,19207,0.0
39,19208,0.0
39,19209,0.0
39,19210,0.0
39,19211,0.0
39,19212,0.0
39,19213,0.0
39,19214,0.0
39,19215,0.0
39,19216,0.0
39,19217,0.40099999999999997
39,19218,0.40099999999999997
39,19219,0.40099999999999997
39,19220,0.40099999999999997
39,19221,0.40099999999999997
39,19222,0.40099999999999997
39,19223,0.40099999999999997
39,19224,0.40099999999999997
39,19225,0.40099999999999997
39,19226,0.40099999999999997
39,19227,0.40099999999999997
39,19228,0.40099999999999997
39,19229,0.40099999999999997
39,19230,0.40099999999999997
39,19231,0.40099999999999997
39,19232,0.40099999999999997
39,19233,0.40099999999999997
39,19234,0.40099999999999997
39,19235,0.40099999999999997
39,19236,0.40099999999999997
39,19237,0.40099999999999997
39,19238,0.40099999999999997
39,19239,0.40099999999999997
39,19240,0.40099999999999997
39,19241,0.0
39,19242,0.0
39,19243,0.0
39,19244,0.0
39,19245,0.0
39,19246,0.0
39,19247,0.0
39,19248,0.0
39,19301,0.0
39,19302,0.0
39,19303,0.0
39,19304,0.0
39,19305,0.0
39,19306,0.0
39,19307,0.0
39,19308,0.0
39,19309,0.0
39,19310,0.0
39,19311,0.0
39,19312,0.0
39,19313,0.0
39,19314,0.0
39,19315,0.0
39,19316,0.0
39,19317,0.40099999999999997
39,19318,0.40099999999999997
39,19319,0.40099999999999997
39,19320,0.40099999999999997
39,19321,0.40099999999999997
39,19322,0.40099999999999997
39,19323,0.40099999999999997
39,19324,0.40099999999999997
39,19325,0.40099999999999997
39,19326,0.40099999999999997
39,19327,0.40099999999999997
39,19328,0.40099999999999997
39,19329,0.40099999999999997
39,19330,0.40099999999999997
39,19331,0.40099999999999997
39,19332,0.40099999999999997
39,19333,0.40099999999999997
39,19334,0.40099999999999997
39,19335,0.40099999999999997
39,19336,0.40099999999999997
39,19337,0.40099999999999997
39,19338,0.40099999999999997
39,19339,0.40099999999999997
39,19340,0.40099999999999997
39,19341,0.0
39,19342,0.0
39,19343,0.0
39,19344,0.0
39,19345,0.0
39,19346,0.0
39,19347,0.0
39,19348,0.0
39,19401,0.0
39,19402,0.0
39,19403,0.0
39,19404,0.0
39,19405,0.0
39,19406,0.0
39,19407,0.0
39,19408,0.0
39,19409,0.0
39,19410,0.0
39,19411,0.0
39,19412,0.0
39,19413,0.0
39,19414,0.0
39,19415,0.0
39,19416,0.0
39,19417,0.40099999999999997
39,19418,0.40099999999999997
39,19419,0.40099999999999997
39,19420,0.40099999999999997
39,19421,0.40099999999999997
39,19422,0.40099999999999997
39,19423,0.40099999999999997
39,19424,0.40099999999999997
39,19425,0.40099999999999997
39,19426,0.40099999999999997
39,19427,0.40099999999999997
39,19428,0.40099999999999997
39,19429,0.40099999999999997
39,19430,0.40099999999999997
39,19431,0.40099999999999997
39,19432,0.40099999999999997
39,19433,0.40099999999999997
39,19434,0.40099999999999997
39,19435,0.40099999999999997
39,19436,0.40099999999999997
39,19437,0.40099999999999997
39,19438,0.40099999999999997
39,19439,0.40099999999999997
39,19440,0.0
39,19441,0.0
39,19442,0.0
39,19443,0.0
39,19444,0.0
39,19445,0.0
39,19446,0.0
39,19447,0.0
39,19448,0.0
39,19501,0.0
39,19502,0.0
39,19503,0.0
39,19504,0.0
39,19505,0.0
39,19506,0.0
39,19507,0.0
39,19508,0.0
39,19509,0.0
39,19510,0.0
39,19511,0.0
39,19512,0.0
39,19513,0.0
39,19514,0.0
39,19515,0.0
39,19516,0.0
39,19517,0.34
39,19518,0.34
39,19519,0.34
39,19520,0.34
39,19521,0.34
39,19522,0.34
39,19523,0.34
39,19524,0.34
39,19525,0.34
39,19526,0.34
39,19527,0.34
39,19528,0.34
39,19529,0.34
39,19530,0.34
39,19531,0.34
39,19532,0.34
39,19533,0.34
39,19534,0.34
39,19535,0.34
39,19536,0.34
39,19537,0.34
39,19538,0.34
39,19539,0.34
39,19540,0.0
39,19541,0.0
39,19542,0.0
39,19543,0.0
39,19544,0.0
39,19545,0.0
39,19546,0.0
39,19547,0.0
39,19548,0.0
39,19601,0.0
39,19602,0.0
39,19603,0.0
39,19604,0.0
39,19605,0.0
39,19606,0.0
39,19607,0.0
39,19608,0.0
39,19609,0.0
39,19610,0.0
39,19611,0.0
39,19612,0.0
39,19613,0.0
39,19614,0.0
39,19615,0.0
39,19616,0.0
39,19617,0.0
39,19618,0.34
39,19619,0.34
39,19620,0.34
39,19621,0.34
39,19622,0.34
39,19623,0.34
39,19624,0.34
39,19625,0.34
39,19626,0.34
39,19627,0.34
39,19628,0.34
39,19629,0.34
39,19630,0.34
39,19631,0.34
39,19632,0.34
39,19633,0.34
39,19634,0.34
39,19635,0.34
39,19636,0.34
39,19637,0.34
39,19638,0.34
39,19639,0.34
39,19640,0.0
39,19641,0.0
39,19642,0.0
39,19643,0.0
39,19644,0.0
39,19645,0.0
39,19646,0.0
39,19647,0.0
39,19648,0.0
39,19701,0.0
39,19702,0.0
39,19703,0.0
39,19704,0.0
39,19705,0.0
39,19706,0.0
39,19707,0.0
39,19708,0.0
39,19709,0.0
39,19710,0.0
39,19711,0.0
39,19712,0.0
39,19713,0.0
39,19714,0.0
39,19715,0.0
39,19716,0.0
39,19717,0.0
39,19718,0.34
39,19719,0.34
39,19720,0.34
39,19721,0.34
39,19722,0.34
39,19723,0.34
39,19724,0.34
39,19725,0.34
39,19726,0.34
39,19727,0.34
39,19728,0.34
39,19729,0.34
39,19730,0.34
39,19731,0.34
39,19732,0.34
39,19733,0.34
39,19734,0.34
39,19735,0.34
39,19736,0.34
39,19737,0.34
39,19738,0.34
39,19739,0.34
39,19740,0.0
39,19741,0.0
39,19742,0.0
39,19743,0.0
39,19744,0.0
39,19745,0.0
39,19746,0.0
39,19747,0.0
39,19748,0.0
39,19801,0.0
39,19802,0.0
39,19803,0.0
39,19804,0.0
39,19805,0.0
39,19806,0.0
39,19807,0.0
39,19808,0.0
39,19809,0.0
39,19810,0.0
39,19811,0.0
39,19812,0.0
39,19813,0.0
39,19814,0.0
39,19815,0.0
39,19816,0.0
39,19817,0.0
39,19818,0.34
39,19819,0.34
39,19820,0.34
39,19821,0.34
39,19822,0.34
39,19823,0.34
39,19824,0.34
39,19825,0.34
39,19826,0.34
39,19827,0.34
39,19828,0.34
39,19829,0.34
39,19830,0.34
39,19831,0.34
39,19832,0.34
39,19833,0.34
39,19834,0.34
39,19835,0.34
39,19836,0.34
39,19837,0.34
39,19838,0.34
39,19839,0.34
39,19840,0.0
39,19841,0.0
39,19842,0.0
39,19843,0.0
39,19844,0.0
39,19845,0.0
39,19846,0.0
39,19847,0.0
39,19848,0.0
39,19901,0.0
39,19902,0.0
39,19903,0.0
39,19904,0.0
39,19905,0.0
39,19906,0.0
39,19907,0.0
39,19908,0.0
39,19909,0.0
39,19910,0.0
39,19911,0.0
39,19912,0.0
39,19913,0.0
39,19914,0.0
39,19915,0.0
39,19916,0.0
39,19917,0.0
39,19918,0.34
39,19919,0.34
39,19920,0.34
39,19921,0.34
39,19922,0.34
39,19923,0.34
39,19924,0.34
39,19925,0.34
39,19926,0.34
39,19927,0.34
39,19928,0.34
39,19929,0.34
39,19930,0.34
39,19931,0.34
39,19932,0.34
39,19933,0.34
39,19934,0.34
39,19935,0.34
39,19936,0.34
39,19937,0.34
39,19938,0.34
39,19939,0.34
39,19940,0.0
39,19941,0.0
39,19942,0.0
39,19943,0.0
39,19944,0.0
39,19945,0.0
39,19946,0.0
39,19947,0.0
39,19948,0.0
39,20001,0.0
39,20002,0.0
39,20003,0.0
39,20004,0.0
39,20005,0.0
39,20006,0.0
39,20007,0.0
39,20008,0.0
39,20009,0.0
39,20010,0.0
39,20011,0.0
39,20012,0.0
39,20013,0.0
39,20014,0.0
39,20015,0.0
39,20016,0.0
39,20017,0.0
39,20018,0.34
39,20019,0.34
39,20020,0.34
39,20021,0.34
39,20022,0.34
39,20023,0.34
39,20024,0.34
39,20025,0.34
39,20026,0.34
39,20027,0.34
39,20028,0.34
39,20029,0.34
39,20030,0.34
39,20031,0.34
39,20032,0.34
39,20033,0.34
39,20034,0.34
39,20035,0.34
39,20036,0.34
39,20037,0.34
39,20038,0.34
39,20039,0.34
39,20040,0.0
39,20041,0.0
39,20042,0.0
39,20043,0.0
39,20044,0.0
39,20045,0.0
39,20046,0.0
39,20047,0.0
39,20048,0.0
39,20101,0.0
39,20102,0.0
39,20103,0.0
39,20104,0.0
39,20105,0.0
39,20106,0.0
39,20107,0.0
39,20108,0.0
39,20109,0.0
39,20110,0.0
39,20111,0.0
39,20112,0.0
39,20113,0.0
39,20114,0.0
39,20115,0.0
39,20116,0.0
39,20117,0.0
39,20118,0.34
39,20119,0.34
39,20120,0.34
39,20121,0.34
39,20122,0.34
39,20123,0.34
39,20124,0.34
39,20125,0.34
39,20126,0.34
39,20127,0.34
39,20128,0.34
39,20129,0.34
39,20130,0.34
39,20131,0.34
39,20132,0.34
39,20133,0.34
39,20134,0.34
39,20135,0.34
39,20136,0.34
39,20137,0.34
39,20138,0.34
39,20139,0.34
39,20140,0.0
39,20141,0.0
39,20142,0.0
39,20143,0.0
39,20144,0.0
39,20145,0.0
39,20146,0.0
39,20147,0.0
39,20148,0.0
39,20201,0.0
39,20202,0.0
39,20203,0.0
39,20204,0.0
39,20205,0.0
39,20206,0.0
39,20207,0.0
39,20208,0.0
39,20209,0.0
39,20210,0.0
39,20211,0.0
39,20212,0.0
39,20213,0.0
39,20214,0.0
39,20215,0.0
39,20216,0.0
39,20217,0.0
39,20218,0.41
39,20219,0.41
39,20220,0.41
39,20221,0.41
39,20222,0.41
39,20223,0.41
39,20224,0.41
39,20225,0.41
39,20226,0.41
39,20227,0.41
39,20228,0.41
39,20229,0.41
39,20230,0.41
39,20231,0.41
39,20232,0.41
39,20233,0.41
39,20234,0.41
39,20235,0.41
39,20236,0.41
39,20237,0.41
39,20238,0.41
39,20239,0.41
39,20240,0.0
39,20241,0.0
39,20242,0.0
39,20243,0.0
39,20244,0.0
39,20245,0.0
39,20246,0.0
39,20247,0.0
39,20248,0.0
39,20301,0.0
39,20302,0.0
39,20303,0.0
39,20304,0.0
39,20305,0.0
39,20306,0.0
39,20307,0.0
39,20308,0.0
39,20309,0.0
39,20310,0.0
39,20311,0.0
39,20312,0.0
39,20313,0.0
39,20314,0.0
39,20315,0.0
39,20316,0.0
39,20317,0.0
39,20318,0.41
39,20319,0.41
39,20320,0.41
39,20321,0.41
39,20322,0.41
39,20323,0.41
39,20324,0.41
39,20325,0.41
39,20326,0.41
39,20327,0.41
39,20328,0.41
39,20329,0.41
39,20330,0.41
39,20331,0.41
39,20332,0.41
39,20333,0.41
39,20334,0.41
39,20335,0.41
39,20336,0.41
39,20337,0.41
39,20338,0.41
39,20339,0.41
39,20340,0.0
39,20341,0.0
39,20342,0.0
39,20343,0.0
39,20344,0.0
39,20345,0.0
39,20346,0.0
39,20347,0.0
39,20348,0.0
39,20401,0.0
39,20402,0.0
39,20403,0.0
39,20404,0.0
39,20405,0.0
39,20406,0.0
39,20407,0.0
39,20408,0.0
39,20409,0.0
39,20410,0.0
39,20411,0.0
39,20412,0.0
39,20413,0.0
39,20414,0.0
39,20415,0.0
39,20416,0.0
39,20417,0.0
39,20418,0.41
39,20419,0.41
39,20420,0.41
39,20421,0.41
39,20422,0.41
39,20423,0.41
39,20424,0.41
39,20425,0.41
39,20426,0.41
39,20427,0.41
39,20428,0.41
39,20429,0.41
39,20430,0.41
39,20431,0.41
39,20432,0.41
39,20433,0.41
39,20434,0.41
39,20435,0.41
39,20436,0.41
39,20437,0.41
39,20438,0.41
39,20439,0.41
39,20440,0.0
39,20441,0.0
39,20442,0.0
39,20443,0.0
39,20444,0.0
39,20445,0.0
39,20446,0.0
39,20447,0.0
39,20448,0.0
39,20501,0.0
39,20502,0.0
39,20503,0.0
39,20504,0.0
39,20505,0.0
39,20506,0.0
39,20507,0.0
39,20508,0.0
39,20509,0.0
39,20510,0.0
39,20511,0.0
39,20512,0.0
39,20513,0.0
39,20514,0.0
39,20515,0.0
39,20516,0.0
39,20517,0.0
39,20518,0.41
39,20519,0.41
39,20520,0.41
39,20521,0.41
39,20522,0.41
39,20523,0.41
39,20524,0.41
39,20525,0.41
39,20526,0.41
39,20527,0.41
39,20528,0.41
39,20529,0.41
39,20530,0.41
39,20531,0.41
39,20532,0.41
39,20533,0.41
39,20534,0.41
39,20535,0.41
39,20536,0.41
39,20537,0.41
39,20538,0.41
39,20539,0.41
39,20540,0.0
39,20541,0.0
39,20542,0.0
39,20543,0.0
39,20544,0.0
39,20545,0.0
39,20546,0.0
39,20547,0.0
39,20548,0.0
39,20601,0.0
39,20602,0.0
39,20603,0.0
39,20604,0.0
39,20605,0.0
39,20606,0.0
39,20607,0.0
39,20608,0.0
39,20609,0.0
39,20610,0.0
39,20611,0.0
39,20612,0.0
39,20613,0.0
39,20614,0.0
39,20615,0.0
39,20616,0.0
39,20617,0.0
39,20618,0.41
39,20619,0.41
39,20620,0.41
39,20621,0.41
39,20622,0.41
39,20623,0.41
39,20624,0.41
39,20625,0.41
39,20626,0.41
39,20627,0.41
39,20628,0.41
39,20629,0.41
39,20630,0.41
39,20631,0.41
39,20632,0.41
39,20633,0.41
39,20634,0.41
39,20635,0.41
39,20636,0.41
39,20637,0.41
39,20638,0.41
39,20639,0.41
39,20640,0.0
39,20641,0.0
39,20642,0.0
39,20643,0.0
39,20644,0.0
39,20645,0.0
39,20646,0.0
39,20647,0.0
39,20648,0.0
39,20701,0.0
39,20702,0.0
39,20703,0.0
39,20704,0.0
39,20705,0.0
39,20706,0.0
39,20707,0.0
39,20708,0.0
39,20709,0.0
39,20710,0.0
39,20711,0.0
39,20712,0.0
39,20713,0.0
39,20714,0.0
39,20715,0.0
39,20716,0.0
39,20717,0.0
39,20718,0.41
39,20719,0.41
39,20720,0.41
39,20721,0.41
39,20722,0.41
39,20723,0.41
39,20724,0.41
39,20725,0.41
39,20726,0.41
39,20727,0.41
39,20728,0.41
39,20729,0.41
39,20730,0.41
39,20731,0.41
39,20732,0.41
39,20733,0.41
39,20734,0.41
39,20735,0.41
39,20736,0.41
39,20737,0.41
39,20738,0.41
39,20739,0.41
39,20740,0.0
39,20741,0.0
39,20742,0.0
39,20743,0.0
39,20744,0.0
39,20745,0.0
39,20746,0.0
39,20747,0.0
39,20748,0.0
39,20801,0.0
39,20802,0.0
39,20803,0.0
39,20804,0.0
39,20805,0.0
39,20806,0.0
39,20807,0.0
39,20808,0.0
39,20809,0.0
39,20810,0.0
39,20811,0.0
39,20812,0.0
39,20813,0.0
39,20814,0.0
39,20815,0.0
39,20816,0.0
39,20817,0.0
39,20818,0.41
39,20819,0.41
39,20820,0.41
39,20821,0.41
39,20822,0.41
39,20823,0.41
39,20824,0.41
39,20825,0.41
39,20826,0.41
39,20827,0.41
39,20828,0.41
39,20829,0.41
39,20830,0.41
39,20831,0.41
39,20832,0.41
39,20833,0.41
39,20834,0.41
39,20835,0.41
39,20836,0.41
39,20837,0.41
39,20838,0.41
39,20839,0.41
39,20840,0.0
39,20841,0.0
39,20842,0.0
39,20843,0.0
39,20844,0.0
39,20845,0.0
39,20846,0.0
39,20847,0.0
39,20848,0.0
39,20901,0.0
39,20902,0.0
39,20903,0.0
39,20904,0.0
39,20905,0.0
39,20906,0.0
39,20907,0.0
39,20908,0.0
39,20909,0.0
39,20910,0.0
39,20911,0.0
39,20912,0.0
39,20913,0.0
39,20914,0.0
39,20915,0.0
39,20916,0.0
39,20917,0.0
39,20918,0.42
39,20919,0.42
39,20920,0.42
39,20921,0.42
39,20922,0.42
39,20923,0.42
39,20924,0.42
39,20925,0.42
39,20926,0.42
39,20927,0.42
39,20928,0.42
39,20929,0.42
39,20930,0.42
39,20931,0.42
39,20932,0.42
39,20933,0.42
39,20934,0.42
39,20935,0.42
39,20936,0.42
39,20937,0.42
39,20938,0.42
39,20939,0.42
39,20940,0.0
39,20941,0.0
39,20942,0.0
39,20943,0.0
39,20944,0.0
39,20945,0.0
39,20946,0.0
39,20947,0.0
39,20948,0.0
39,21001,0.0
39,21002,0.0
39,21003,0.0
39,21004,0.0
39,21005,0.0
39,21006,0.0
39,21007,0.0
39,21008,0.0
39,21009,0.0
39,21010,0.0
39,21011,0.0
39,21012,0.0
39,21013,0.0
39,21014,0.0
39,21015,0.0
39,21016,0.0
39,21017,0.0
39,21018,0.42
39,21019,0.42
39,21020,0.42
39,21021,0.42
39,21022,0.42
39,21023,0.42
39,21024,0.42
39,21025,0.42
39,21026,0.42
39,21027,0.42
39,21028,0.42
39,21029,0.42
39,21030,0.42
39,21031,0.42
39,21032,0.42
39,21033,0.42
39,21034,0.42
39,21035,0.42
39,21036,0.42
39,21037,0.42
39,21038,0.42
39,21039,0.42
39,21040,0.0
39,21041,0.0
39,21042,0.0
39,21043,0.0
39,21044,0.0
39,21045,0.0
39,21046,0.0
39,21047,0.0
39,21048,0.0
39,21101,0.0
39,21102,0.0
39,21103,0.0
39,21104,0.0
39,21105,0.0
39,21106,0.0
39,21107,0.0
39,21108,0.0
39,21109,0.0
39,21110,0.0
39,21111,0.0
39,21112,0.0
39,21113,0.0
39,21114,0.0
39,21115,0.0
39,21116,0.0
39,21117,0.0
39,21118,0.42
39,21119,0.42
39,21120,0.42
39,21121,0.42
39,21122,0.42
39,21123,0.42
39,21124,0.42
39,21125,0.42
39,21126,0.42
39,21127,0.42
39,21128,0.42
39,21129,0.42
39,21130,0.42
39,21131,0.42
39,21132,0.42
39,21133,0.42
39,21134,0.42
39,21135,0.42
39,21136,0.42
39,21137,0.42
39,21138,0.42
39,21139,0.42
39,21140,0.0
39,21141,0.0
39,21142,0.0
39,21143,0.0
39,21144,0.0
39,21145,0.0
39,21146,0.0
39,21147,0.0
39,21148,0.0
39,21201,0.0
39,21202,0.0
39,21203,0.0
39,21204,0.0
39,21205,0.0
39,21206,0.0
39,21207,0.0
39,21208,0.0
39,21209,0.0
39,21210,0.0
39,21211,0.0
39,21212,0.0
39,21213,0.0
39,21214,0.0
39,21215,0.0
39,21216,0.0
39,21217,0.0
39,21218,0.42
39,21219,0.42
39,21220,0.42
39,21221,0.42
39,21222,0.42
39,21223,0.42
39,21224,0.42
39,21225,0.42
39,21226,0.42
39,21227,0.42
39,21228,0.42
39,21229,0.42
39,21230,0.42
39,21231,0.42
39,21232,0.42
39,21233,0.42
39,21234,0.42
39,21235,0.42
39,21236,0.42
39,21237,0.42
39,21238,0.42
39,21239,0.42
39,21240,0.0
39,21241,0.0
39,21242,0.0
39,21243,0.0
39,21244,0.0
39,21245,0.0
39,21246,0.0
39,21247,0.0
39,21248,0.0
39,21301,0.0
39,21302,0.0
39,21303,0.0
39,21304,0.0
39,21305,0.0
39,21306,0.0
39,21307,0.0
39,21308,0.0
39,21309,0.0
39,21310,0.0
39,21311,0.0
39,21312,0.0
39,21313,0.0
39,21314,0.0
39,21315,0.0
39,21316,0.0
39,21317,0.0
39,21318,0.42
39,21319,0.42
39,21320,0.42
39,21321,0.42
39,21322,0.42
39,21323,0.42
39,21324,0.42
39,21325,0.42
39,21326,0.42
39,21327,0.42
39,21328,0.42
39,21329,0.42
39,21330,0.42
39,21331,0.42
39,21332,0.42
39,21333,0.42
39,21334,0.42
39,21335,0.42
39,21336,0.42
39,21337,0.42
39,21338,0.42
39,21339,0.42
39,21340,0.0
39,21341,0.0
39,21342,0.0
39,21343,0.0
39,21344,0.0
39,21345,0.0
39,21346,0.0
39,21347,0.0
39,21348,0.0
39,21401,0.0
39,21402,0.0
39,21403,0.0
39,21404,0.0
39,21405,0.0
39,21406,0.0
39,21407,0.0
39,21408,0.0
39,21409,0.0
39,21410,0.0
39,21411,0.0
39,21412,0.0
39,21413,0.0
39,21414,0.0
39,21415,0.0
39,21416,0.0
39,21417,0.0
39,21418,0.42
39,21419,0.42
39,21420,0.42
39,21421,0.42
39,21422,0.42
39,21423,0.42
39,21424,0.42
39,21425,0.42
39,21426,0.42
39,21427,0.42
39,21428,0.42
39,21429,0.42
39,21430,0.42
39,21431,0.42
39,21432,0.42
39,21433,0.42
39,21434,0.42
39,21435,0.42
39,21436,0.42
39,21437,0.42
39,21438,0.42
39,21439,0.42
39,21440,0.0
39,21441,0.0
39,21442,0.0
39,21443,0.0
39,21444,0.0
39,21445,0.0
39,21446,0.0
39,21447,0.0
39,21448,0.0
39,21501,0.0
39,21502,0.0
39,21503,0.0
39,21504,0.0
39,21505,0.0
39,21506,0.0
39,21507,0.0
39,21508,0.0
39,21509,0.0
39,21510,0.0
39,21511,0.0
39,21512,0.0
39,21513,0.0
39,21514,0.0
39,21515,0.0
39,21516,0.0
39,21517,0.0
39,21518,0.42
39,21519,0.42
39,21520,0.42
39,21521,0.42
39,21522,0.42
39,21523,0.42
39,21524,0.42
39,21525,0.42
39,21526,0.42
39,21527,0.42
39,21528,0.42
39,21529,0.42
39,21530,0.42
39,21531,0.42
39,21532,0.42
39,21533,0.42
39,21534,0.42
39,21535,0.42
39,21536,0.42
39,21537,0.42
39,21538,0.42
39,21539,0.42
39,21540,0.0
39,21541,0.0
39,21542,0.0
39,21543,0.0
39,21544,0.0
39,21545,0.0
39,21546,0.0
39,21547,0.0
39,21548,0.0
39,21601,0.0
39,21602,0.0
39,21603,0.0
39,21604,0.0
39,21605,0.0
39,21606,0.0
39,21607,0.0
39,21608,0.0
39,21609,0.0
39,21610,0.0
39,21611,0.0
39,21612,0.0
39,21613,0.0
39,21614,0.0
39,21615,0.0
39,21616,0.0
39,21617,0.0
39,21618,0.41
39,21619,0.41
39,21620,0.41
39,21621,0.41
39,21622,0.41
39,21623,0.41
39,21624,0.41
39,21625,0.41
39,21626,0.41
39,21627,0.41
39,21628,0.41
39,21629,0.41
39,21630,0.41
39,21631,0.41
39,21632,0.41
39,21633,0.41
39,21634,0.41
39,21635,0.41
39,21636,0.41
39,21637,0.41
39,21638,0.41
39,21639,0.41
39,21640,0.0
39,21641,0.0
39,21642,0.0
39,21643,0.0
39,21644,0.0
39,21645,0.0
39,21646,0.0
39,21647,0.0
39,21648,0.0
39,21701,0.0
39,21702,0.0
39,21703,0.0
39,21704,0.0
39,21705,0.0
39,21706,0.0
39,21707,0.0
39,21708,0.0
39,21709,0.0
39,21710,0.0
39,21711,0.0
39,21712,0.0
39,21713,0.0
39,21714,0.0
39,21715,0.0
39,21716,0.0
39,21717,0.0
39,21718,0.41
39,21719,0.41
39,21720,0.41
39,21721,0.41
39,21722,0.41
39,21723,0.41
39,21724,0.41
39,21725,0.41
39,21726,0.41
39,21727,0.41
39,21728,0.41
39,21729,0.41
39,21730,0.41
39,21731,0.41
39,21732,0.41
39,21733,0.41
39,21734,0.41
39,21735,0.41
39,21736,0.41
39,21737,0.41
39,21738,0.41
39,21739,0.41
39,21740,0.0
39,21741,0.0
39,21742,0.0
39,21743,0.0
39,21744,0.0
39,21745,0.0
39,21746,0.0
39,21747,0.0
39,21748,0.0
39,21801,0.0
39,21802,0.0
39,21803,0.0
39,21804,0.0
39,21805,0.0
39,21806,0.0
39,21807,0.0
39,21808,0.0
39,21809,0.0
39,21810,0.0
39,21811,0.0
39,21812,0.0
39,21813,0.0
39,21814,0.0
39,21815,0.0
39,21816,0.0
39,21817,0.0
39,21818,0.41
39,21819,0.41
39,21820,0.41
39,21821,0.41
39,21822,0.41
39,21823,0.41
39,21824,0.41
39,21825,0.41
39,21826,0.41
39,21827,0.41
39,21828,0.41
39,21829,0.41
39,21830,0.41
39,21831,0.41
39,21832,0.41
39,21833,0.41
39,21834,0.41
39,21835,0.41
39,21836,0.41
39,21837,0.41
39,21838,0.41
39,21839,0.41
39,21840,0.0
39,21841,0.0
39,21842,0.0
39,21843,0.0
39,21844,0.0
39,21845,0.0
39,21846,0.0
39,21847,0.0
39,21848,0.0
39,21901,0.0
39,21902,0.0
39,21903,0.0
39,21904,0.0
39,21905,0.0
39,21906,0.0
39,21907,0.0
39,21908,0.0
39,21909,0.0
39,21910,0.0
39,21911,0.0
39,21912,0.0
39,21913,0.0
39,21914,0.0
39,21915,0.0
39,21916,0.0
39,21917,0.0
39,21918,0.41
39,21919,0.41
39,21920,0.41
39,21921,0.41
39,21922,0.41
39,21923,0.41
39,21924,0.41
39,21925,0.41
39,21926,0.41
39,21927,0.41
39,21928,0.41
39,21929,0.41
39,21930,0.41
39,21931,0.41
39,21932,0.41
39,21933,0.41
39,21934,0.41
39,21935,0.41
39,21936,0.41
39,21937,0.41
39,21938,0.41
39,21939,0.0
39,21940,0.0
39,21941,0.0
39,21942,0.0
39,21943,0.0
39,21944,0.0
39,21945,0.0
39,21946,0.0
39,21947,0.0
39,21948,0.0
39,22001,0.0
39,22002,0.0
39,22003,0.0
39,22004,0.0
39,22005,0.0
39,22006,0.0
39,22007,0.0
39,22008,0.0
39,22009,0.0
39,22010,0.0
39,22011,0.0
39,22012,0.0
39,22013,0.0
39,22014,0.0
39,22015,0.0
39,22016,0.0
39,22017,0.0
39,22018,0.41
39,22019,0.41
39,22020,0.41
39,22021,0.41
39,22022,0.41
39,22023,0.41
39,22024,0.41
39,22025,0.41
39,22026,0.41
39,22027,0.41
39,22028,0.41
39,22029,0.41
39,22030,0.41
39,22031,0.41
39,22032,0.41
39,22033,0.41
39,22034,0.41
39,22035,0.41
39,22036,0.41
39,22037,0.41
39,22038,0.41
39,22039,0.0
39,22040,0.0
39,22041,0.0
39,22042,0.0
39,22043,0.0
39,22044,0.0
39,22045,0.0
39,22046,0.0
39,22047,0.0
39,22048,0.0
39,22101,0.0
39,22102,0.0
39,22103,0.0
39,22104,0.0
39,22105,0.0
39,22106,0.0
39,22107,0.0
39,22108,0.0
39,22109,0.0
39,22110,0.0
39,22111,0.0
39,22112,0.0
39,22113,0.0
39,22114,0.0
39,22115,0.0
39,22116,0.0
39,22117,0.0
39,22118,0.41
39,22119,0.41
39,22120,0.41
39,22121,0.41
39,22122,0.41
39,22123,0.41
39,22124,0.41
39,22125,0.41
39,22126,0.41
39,22127,0.41
39,22128,0.41
39,22129,0.41
39,22130,0.41
39,22131,0.41
39,22132,0.41
39,22133,0.41
39,22134,0.41
39,22135,0.41
39,22136,0.41
39,22137,0.41
39,22138,0.41
39,22139,0.0
39,22140,0.0
39,22141,0.0
39,22142,0.0
39,22143,0.0
39,22144,0.0
39,22145,0.0
39,22146,0.0
39,22147,0.0
39,22148,0.0
39,22201,0.0
39,22202,0.0
39,22203,0.0
39,22204,0.0
39,22205,0.0
39,22206,0.0
39,22207,0.0
39,22208,0.0
39,22209,0.0
39,22210,0.0
39,22211,0.0
39,22212,0.0
39,22213,0.0
39,22214,0.0
39,22215,0.0
39,22216,0.0
39,22217,0.0
39,22218,0.41
39,22219,0.41
39,22220,0.41
39,22221,0.41
39,22222,0.41
39,22223,0.41
39,22224,0.41
39,22225,0.41
39,22226,0.41
39,22227,0.41
39,22228,0.41
39,22229,0.41
39,22230,0.41
39,22231,0.41
39,22232,0.41
39,22233,0.41
39,22234,0.41
39,22235,0.41
39,22236,0.41
39,22237,0.41
39,22238,0.41
39,22239,0.0
39,22240,0.0
39,22241,0.0
39,22242,0.0
39,22243,0.0
39,22244,0.0
39,22245,0.0
39,22246,0.0
39,22247,0.0
39,22248,0.0
39,22301,0.0
39,22302,0.0
39,22303,0.0
39,22304,0.0
39,22305,0.0
39,22306,0.0
39,22307,0.0
39,22308,0.0
39,22309,0.0
39,22310,0.0
39,22311,0.0
39,22312,0.0
39,22313,0.0
39,22314,0.0
39,22315,0.0
39,22316,0.0
39,22317,0.0
39,22318,0.37
39,22319,0.37
39,22320,0.37
39,22321,0.37
39,22322,0.37
39,22323,0.37
39,22324,0.37
39,22325,0.37
39,22326,0.37
39,22327,0.37
39,22328,0.37
39,22329,0.37
39,22330,0.37
39,22331,0.37
39,22332,0.37
39,22333,0.37
39,22334,0.37
39,22335,0.37
39,22336,0.37
39,22337,0.37
39,22338,0.37
39,22339,0.0
39,22340,0.0
39,22341,0.0
39,22342,0.0
39,22343,0.0
39,22344,0.0
39,22345,0.0
39,22346,0.0
39,22347,0.0
39,22348,0.0
39,22401,0.0
39,22402,0.0
39,22403,0.0
39,22404,0.0
39,22405,0.0
39,22406,0.0
39,22407,0.0
39,22408,0.0
39,22409,0.0
39,22410,0.0
39,22411,0.0
39,22412,0.0
39,22413,0.0
39,22414,0.0
39,22415,0.0
39,22416,0.0
39,22417,0.0
39,22418,0.37
39,22419,0.37
39,22420,0.37
39,22421,0.37
39,22422,0.37
39,22423,0.37
39,22424,0.37
39,22425,0.37
39,22426,0.37
39,22427,0.37
39,22428,0.37
39,22429,0.37
39,22430,0.37
39,22431,0.37
39,22432,0.37
39,22433,0.37
39,22434,0.37
39,22435,0.37
39,22436,0.37
39,22437,0.37
39,22438,0.37
39,22439,0.0
39,22440,0.0
39,22441,0.0
39,22442,0.0
39,22443,0.0
39,22444,0.0
39,22445,0.0
39,22446,0.0
39,22447,0.0
39,22448,0.0
39,22501,0.0
39,22502,0.0
39,22503,0.0
39,22504,0.0
39,22505,0.0
39,22506,0.0
39,22507,0.0
39,22508,0.0
39,22509,0.0
39,22510,0.0
39,22511,0.0
39,22512,0.0
39,22513,0.0
39,22514,0.0
39,22515,0.0
39,22516,0.0
39,22517,0.0
39,22518,0.37
39,22519,0.37
39,22520,0.37
39,22521,0.37
39,22522,0.37
39,22523,0.37
39,22524,0.37
39,22525,0.37
39,22526,0.37
39,22527,0.37
39,22528,0.37
39,22529,0.37
39,22530,0.37
39,22531,0.37
39,22532,0.37
39,22533,0.37
39,22534,0.37
39,22535,0.37
39,22536,0.37
39,22537,0.37
39,22538,0.37
39,22539,0.0
39,22540,0.0
39,22541,0.0
39,22542,0.0
39,22543,0.0
39,22544,0.0
39,22545,0.0
39,22546,0.0
39,22547,0.0
39,22548,0.0
39,22601,0.0
39,22602,0.0
39,22603,0.0
39,22604,0.0
39,22605,0.0
39,22606,0.0
39,22607,0.0
39,22608,0.0
39,22609,0.0
39,22610,0.0
39,22611,0.0
39,22612,0.0
39,22613,0.0
39,22614,0.0
39,22615,0.0
39,22616,0.0
39,22617,0.0
39,22618,0.37
39,22619,0.37
39,22620,0.37
39,22621,0.37
39,22622,0.37
39,22623,0.37
39,22624,0.37
39,22625,0.37
39,22626,0.37
39,22627,0.37
39,22628,0.37
39,22629,0.37
39,22630,0.37
39,22631,0.37
39,22632,0.37
39,22633,0.37
39,22634,0.37
39,22635,0.37
39,22636,0.37
39,22637,0.37
39,22638,0.37
39,22639,0.0
39,22640,0.0
39,22641,0.0
39,22642,0.0
39,22643,0.0
39,22644,0.0
39,22645,0.0
39,22646,0.0
39,22647,0.0
39,22648,0.0
39,22701,0.0
39,22702,0.0
39,22703,0.0
39,22704,0.0
39,22705,0.0
39,22706,0.0
39,22707,0.0
39,22708,0.0
39,22709,0.0
39,22710,0.0
39,22711,0.0
39,22712,0.0
39,22713,0.0
39,22714,0.0
39,22715,0.0
39,22716,0.0
39,22717,0.0
39,22718,0.37
39,22719,0.37
39,22720,0.37
39,22721,0.37
39,22722,0.37
39,22723,0.37
39,22724,0.37
39,22725,0.37
39,22726,0.37
39,22727,0.37
39,22728,0.37
39,22729,0.37
39,22730,0.37
39,22731,0.37
39,22732,0.37
39,22733,0.37
39,22734,0.37
39,22735,0.37
39,22736,0.37
39,22737,0.37
39,22738,0.37
39,22739,0.0
39,22740,0.0
39,22741,0.0
39,22742,0.0
39,22743,0.0
39,22744,0.0
39,22745,0.0
39,22746,0.0
39,22747,0.0
39,22748,0.0
39,22801,0.0
39,22802,0.0
39,22803,0.0
39,22804,0.0
39,22805,0.0
39,22806,0.0
39,22807,0.0
39,22808,0.0
39,22809,0.0
39,22810,0.0
39,22811,0.0
39,22812,0.0
39,22813,0.0
39,22814,0.0
39,22815,0.0
39,22816,0.0
39,22817,0.0
39,22818,0.37
39,22819,0.37
39,22820,0.37
39,22821,0.37
39,22822,0.37
39,22823,0.37
39,22824,0.37
39,22825,0.37
39,22826,0.37
39,22827,0.37
39,22828,0.37
39,22829,0.37
39,22830,0.37
39,22831,0.37
39,22832,0.37
39,22833,0.37
39,22834,0.37
39,22835,0.37
39,22836,0.37
39,22837,0.37
39,22838,0.37
39,22839,0.0
39,22840,0.0
39,22841,0.0
39,22842,0.0
39,22843,0.0
39,22844,0.0
39,22845,0.0
39,22846,0.0
39,22847,0.0
39,22848,0.0
39,22901,0.0
39,22902,0.0
39,22903,0.0
39,22904,0.0
39,22905,0.0
39,22906,0.0
39,22907,0.0
39,22908,0.0
39,22909,0.0
39,22910,0.0
39,22911,0.0
39,22912,0.0
39,22913,0.0
39,22914,0.0
39,22915,0.0
39,22916,0.0
39,22917,0.0
39,22918,0.37
39,22919,0.37
39,22920,0.37
39,22921,0.37
39,22922,0.37
39,22923,0.37
39,22924,0.37
39,22925,0.37
39,22926,0.37
39,22927,0.37
39,22928,0.37
39,22929,0.37
39,22930,0.37
39,22931,0.37
39,22932,0.37
39,22933,0.37
39,22934,0.37
39,22935,0.37
39,22936,0.37
39,22937,0.37
39,22938,0.37
39,22939,0.0
39,22940,0.0
39,22941,0.0
39,22942,0.0
39,22943,0.0
39,22944,0.0
39,22945,0.0
39,22946,0.0
39,22947,0.0
39,22948,0.0
39,23001,0.0
39,23002,0.0
39,23003,0.0
39,23004,0.0
39,23005,0.0
39,23006,0.0
39,23007,0.0
39,23008,0.0
39,23009,0.0
39,23010,0.0
39,23011,0.0
39,23012,0.0
39,23013,0.0
39,23014,0.0
39,23015,0.0
39,23016,0.0
39,23017,0.0
39,23018,0.41
39,23019,0.41
39,23020,0.41
39,23021,0.41
39,23022,0.41
39,23023,0.41
39,23024,0.41
39,23025,0.41
39,23026,0.41
39,23027,0.41
39,23028,0.41
39,23029,0.41
39,23030,0.41
39,23031,0.41
39,23032,0.41
39,23033,0.41
39,23034,0.41
39,23035,0.41
39,23036,0.41
39,23037,0.41
39,23038,0.41
39,23039,0.0
39,23040,0.0
39,23041,0.0
39,23042,0.0
39,23043,0.0
39,23044,0.0
39,23045,0.0
39,23046,0.0
39,23047,0.0
39,23048,0.0
39,23101,0.0
39,23102,0.0
39,23103,0.0
39,23104,0.0
39,23105,0.0
39,23106,0.0
39,23107,0.0
39,23108,0.0
39,23109,0.0
39,23110,0.0
39,23111,0.0
39,23112,0.0
39,23113,0.0
39,23114,0.0
39,23115,0.0
39,23116,0.0
39,23117,0.0
39,23118,0.41
39,23119,0.41
39,23120,0.41
39,23121,0.41
39,23122,0.41
39,23123,0.41
39,23124,0.41
39,23125,0.41
39,23126,0.41
39,23127,0.41
39,23128,0.41
39,23129,0.41
39,23130,0.41
39,23131,0.41
39,23132,0.41
39,23133,0.41
39,23134,0.41
39,23135,0.41
39,23136,0.41
39,23137,0.41
39,23138,0.41
39,23139,0.0
39,23140,0.0
39,23141,0.0
39,23142,0.0
39,23143,0.0
39,23144,0.0
39,23145,0.0
39,23146,0.0
39,23147,0.0
39,23148,0.0
39,23201,0.0
39,23202,0.0
39,23203,0.0
39,23204,0.0
39,23205,0.0
39,23206,0.0
39,23207,0.0
39,23208,0.0
39,23209,0.0
39,23210,0.0
39,23211,0.0
39,23212,0.0
39,23213,0.0
39,23214,0.0
39,23215,0.0
39,23216,0.0
39,23217,0.0
39,23218,0.41
39,23219,0.41
39,23220,0.41
39,23221,0.41
39,23222,0.41
39,23223,0.41
39,23224,0.41
39,23225,0.41
39,23226,0.41
39,23227,0.41
39,23228,0.41
39,23229,0.41
39,23230,0.41
39,23231,0.41
39,23232,0.41
39,23233,0.41
39,23234,0.41
39,23235,0.41
39,23236,0.41
39,23237,0.41
39,23238,0.41
39,23239,0.0
39,23240,0.0
39,23241,0.0
39,23242,0.0
39,23243,0.0
39,23244,0.0
39,23245,0.0
39,23246,0.0
39,23247,0.0
39,23248,0.0
39,23301,0.0
39,23302,0.0
39,23303,0.0
39,23304,0.0
39,23305,0.0
39,23306,0.0
39,23307,0.0
39,23308,0.0
39,23309,0.0
39,23310,0.0
39,23311,0.0
39,23312,0.0
39,23313,0.0
39,23314,0.0
39,23315,0.0
39,23316,0.0
39,23317,0.0
39,23318,0.0
39,23319,0.41
39,23320,0.41
39,23321,0.41
39,23322,0.41
39,23323,0.41
39,23324,0.41
39,23325,0.41
39,23326,0.41
39,23327,0.41
39,23328,0.41
39,23329,0.41
39,23330,0.41
39,23331,0.41
39,23332,0.41
39,23333,0.41
39,23334,0.41
39,23335,0.41
39,23336,0.41
39,23337,0.41
39,23338,0.41
39,23339,0.0
39,23340,0.0
39,23341,0.0
39,23342,0.0
39,23343,0.0
39,23344,0.0
39,23345,0.0
39,23346,0.0
39,23347,0.0
39,23348,0.0
39,23401,0.0
39,23402,0.0
39,23403,0.0
39,23404,0.0
39,23405,0.0
39,23406,0.0
39,23407,0.0
39,23408,0.0
39,23409,0.0
39,23410,0.0
39,23411,0.0
39,23412,0.0
39,23413,0.0
39,23414,0.0
39,23415,0.0
39,23416,0.0
39,23417,0.0
39,23418,0.0
39,23419,0.41
39,23420,0.41
39,23421,0.41
39,23422,0.41
39,23423,0.41
39,23424,0.41
39,23425,0.41
39,23426,0.41
39,23427,0.41
39,23428,0.41
39,23429,0.41
39,23430,0.41
39,23431,0.41
39,23432,0.41
39,23433,0.41
39,23434,0.41
39,23435,0.41
39,23436,0.41
39,23437,0.41
39,23438,0.41
39,23439,0.0
39,23440,0.0
39,23441,0.0
39,23442,0.0
39,23443,0.0
39,23444,0.0
39,23445,0.0
39,23446,0.0
39,23447,0.0
39,23448,0.0
39,23501,0.0
39,23502,0.0
39,23503,0.0
39,23504,0.0
39,23505,0.0
39,23506,0.0
39,23507,0.0
39,23508,0.0
39,23509,0.0
39,23510,0.0
39,23511,0.0
39,23512,0.0
39,23513,0.0
39,23514,0.0
39,23515,0.0
39,23516,0.0
39,23517,0.0
39,23518,0.0
39,23519,0.41
39,23520,0.41
39,23521,0.41
39,23522,0.41
39,23523,0.41
39,23524,0.41
39,23525,0.41
39,23526,0.41
39,23527,0.41
39,23528,0.41
39,23529,0.41
39,23530,0.41
39,23531,0.41
39,23532,0.41
39,23533,0.41
39,23534,0.41
39,23535,0.41
39,23536,0.41
39,23537,0.41
39,23538,0.41
39,23539,0.0
39,23540,0.0
39,23541,0.0
39,23542,0.0
39,23543,0.0
39,23544,0.0
39,23545,0.0
39,23546,0.0
39,23547,0.0
39,23548,0.0
39,23601,0.0
39,23602,0.0
39,23603,0.0
39,23604,0.0
39,23605,0.0
39,23606,0.0
39,23607,0.0
39,23608,0.0
39,23609,0.0
39,23610,0.0
39,23611,0.0
39,23612,0.0
39,23613,0.0
39,23614,0.0
39,23615,0.0
39,23616,0.0
39,23617,0.0
39,23618,0.0
39,23619,0.41
39,23620,0.41
39,23621,0.41
39,23622,0.41
39,23623,0.41
39,23624,0.41
39,23625,0.41
39,23626,0.41
39,23627,0.41
39,23628,0.41
39,23629,0.41
39,23630,0.41
39,23631,0.41
39,23632,0.41
39,23633,0.41
39,23634,0.41
39,23635,0.41
39,23636,0.41
39,23637,0.41
39,23638,0.41
39,23639,0.0
39,23640,0.0
39,23641,0.0
39,23642,0.0
39,23643,0.0
39,23644,0.0
39,23645,0.0
39,23646,0.0
39,23647,0.0
39,23648,0.0
39,23701,0.0
39,23702,0.0
39,23703,0.0
39,23704,0.0
39,23705,0.0
39,23706,0.0
39,23707,0.0
39,23708,0.0
39,23709,0.0
39,23710,0.0
39,23711,0.0
39,23712,0.0
39,23713,0.0
39,23714,0.0
39,23715,0.0
39,23716,0.0
39,23717,0.0
39,23718,0.0
39,23719,0.41
39,23720,0.41
39,23721,0.41
39,23722,0.41
39,23723,0.41
39,23724,0.41
39,23725,0.41
39,23726,0.41
39,23727,0.41
39,23728,0.41
39,23729,0.41
39,23730,0.41
39,23731,0.41
39,23732,0.41
39,23733,0.41
39,23734,0.41
39,23735,0.41
39,23736,0.41
39,23737,0.41
39,23738,0.41
39,23739,0.0
39,23740,0.0
39,23741,0.0
39,23742,0.0
39,23743,0.0
39,23744,0.0
39,23745,0.0
39,23746,0.0
39,23747,0.0
39,23748,0.0
39,23801,0.0
39,23802,0.0
39,23803,0.0
39,23804,0.0
39,23805,0.0
39,23806,0.0
39,23807,0.0
39,23808,0.0
39,23809,0.0
39,23810,0.0
39,23811,0.0
39,23812,0.0
39,23813,0.0
39,23814,0.0
39,23815,0.0
39,23816,0.0
39,23817,0.0
39,23818,0.0
39,23819,0.41
39,23820,0.41
39,23821,0.41
39,23822,0.41
39,23823,0.41
39,23824,0.41
39,23825,0.41
39,23826,0.41
39,23827,0.41
39,23828,0.41
39,23829,0.41
39,23830,0.41
39,23831,0.41
39,23832,0.41
39,23833,0.41
39,23834,0.41
39,23835,0.41
39,23836,0.41
39,23837,0.41
39,23838,0.41
39,23839,0.0
39,23840,0.0
39,23841,0.0
39,23842,0.0
39,23843,0.0
39,23844,0.0
39,23845,0.0
39,23846,0.0
39,23847,0.0
39,23848,0.0
39,23901,0.0
39,23902,0.0
39,23903,0.0
39,23904,0.0
39,23905,0.0
39,23906,0.0
39,23907,0.0
39,23908,0.0
39,23909,0.0
39,23910,0.0
39,23911,0.0
39,23912,0.0
39,23913,0.0
39,23914,0.0
39,23915,0.0
39,23916,0.0
39,23917,0.0
39,23918,0.0
39,23919,0.41
39,23920,0.41
39,23921,0.41
39,23922,0.41
39,23923,0.41
39,23924,0.41
39,23925,0.41
39,23926,0.41
39,23927,0.41
39,23928,0.41
39,23929,0.41
39,23930,0.41
39,23931,0.41
39,23932,0.41
39,23933,0.41
39,23934,0.41
39,23935,0.41
39,23936,0.41
39,23937,0.41
39,23938,0.41
39,23939,0.0
39,23940,0.0
39,23941,0.0
39,23942,0.0
39,23943,0.0
39,23944,0.0
39,23945,0.0
39,23946,0.0
39,23947,0.0
39,23948,0.0
39,24001,0.0
39,24002,0.0
39,24003,0.0
39,24004,0.0
39,24005,0.0
39,24006,0.0
39,24007,0.0
39,24008,0.0
39,24009,0.0
39,24010,0.0
39,24011,0.0
39,24012,0.0
39,24013,0.0
39,24014,0.0
39,24015,0.0
39,24016,0.0
39,24017,0.0
39,24018,0.0
39,24019,0.41
39,24020,0.41
39,24021,0.41
39,24022,0.41
39,24023,0.41
39,24024,0.41
39,24025,0.41
39,24026,0.41
39,24027,0.41
39,24028,0.41
39,24029,0.41
39,24030,0.41
39,24031,0.41
39,24032,0.41
39,24033,0.41
39,24034,0.41
39,24035,0.41
39,24036,0.41
39,24037,0.41
39,24038,0.41
39,24039,0.0
39,24040,0.0
39,24041,0.0
39,24042,0.0
39,24043,0.0
39,24044,0.0
39,24045,0.0
39,24046,0.0
39,24047,0.0
39,24048,0.0
39,24101,0.0
39,24102,0.0
39,24103,0.0
39,24104,0.0
39,24105,0.0
39,24106,0.0
39,24107,0.0
39,24108,0.0
39,24109,0.0
39,24110,0.0
39,24111,0.0
39,24112,0.0
39,24113,0.0
39,24114,0.0
39,24115,0.0
39,24116,0.0
39,24117,0.0
39,24118,0.0
39,24119,0.41
39,24120,0.41
39,24121,0.41
39,24122,0.41
39,24123,0.41
39,24124,0.41
39,24125,0.41
39,24126,0.41
39,24127,0.41
39,24128,0.41
39,24129,0.41
39,24130,0.41
39,24131,0.41
39,24132,0.41
39,24133,0.41
39,24134,0.41
39,24135,0.41
39,24136,0.41
39,24137,0.41
39,24138,0.41
39,24139,0.0
39,24140,0.0
39,24141,0.0
39,24142,0.0
39,24143,0.0
39,24144,0.0
39,24145,0.0
39,24146,0.0
39,24147,0.0
39,24148,0.0
39,24201,0.0
39,24202,0.0
39,24203,0.0
39,24204,0.0
39,24205,0.0
39,24206,0.0
39,24207,0.0
39,24208,0.0
39,24209,0.0
39,24210,0.0
39,24211,0.0
39,24212,0.0
39,24213,0.0
39,24214,0.0
39,24215,0.0
39,24216,0.0
39,24217,0.0
39,24218,0.0
39,24219,0.41
39,24220,0.41
39,24221,0.41
39,24222,0.41
39,24223,0.41
39,24224,0.41
39,24225,0.41
39,24226,0.41
39,24227,0.41
39,24228,0.41
39,24229,0.41
39,24230,0.41
39,24231,0.41
39,24232,0.41
39,24233,0.41
39,24234,0.41
39,24235,0.41
39,24236,0.41
39,24237,0.41
39,24238,0.41
39,24239,0.0
39,24240,0.0
39,24241,0.0
39,24242,0.0
39,24243,0.0
39,24244,0.0
39,24245,0.0
39,24246,0.0
39,24247,0.0
39,24248,0.0
39,24301,0.0
39,24302,0.0
39,24303,0.0
39,24304,0.0
39,24305,0.0
39,24306,0.0
39,24307,0.0
39,24308,0.0
39,24309,0.0
39,24310,0.0
39,24311,0.0
39,24312,0.0
39,24313,0.0
39,24314,0.0
39,24315,0.0
39,24316,0.0
39,24317,0.0
39,24318,0.0
39,24319,0.41
39,24320,0.41
39,24321,0.41
39,24322,0.41
39,24323,0.41
39,24324,0.41
39,24325,0.41
39,24326,0.41
39,24327,0.41
39,24328,0.41
39,24329,0.41
39,24330,0.41
39,24331,0.41
39,24332,0.41
39,24333,0.41
39,24334,0.41
39,24335,0.41
39,24336,0.41
39,24337,0.41
39,24338,0.41
39,24339,0.0
39,24340,0.0
39,24341,0.0
39,24342,0.0
39,24343,0.0
39,24344,0.0
39,24345,0.0
39,24346,0.0
39,24347,0.0
39,24348,0.0
39,24401,0.0
39,24402,0.0
39,24403,0.0
39,24404,0.0
39,24405,0.0
39,24406,0.0
39,24407,0.0
39,24408,0.0
39,24409,0.0
39,24410,0.0
39,24411,0.0
39,24412,0.0
39,24413,0.0
39,24414,0.0
39,24415,0.0
39,24416,0.0
39,24417,0.0
39,24418,0.0
39,24419,0.43
39,24420,0.43
39,24421,0.43
39,24422,0.43
39,24423,0.43
39,24424,0.43
39,24425,0.43
39,24426,0.43
39,24427,0.43
39,24428,0.43
39,24429,0.43
39,24430,0.43
39,24431,0.43
39,24432,0.43
39,24433,0.43
39,24434,0.43
39,24435,0.43
39,24436,0.43
39,24437,0.43
39,24438,0.43
39,24439,0.0
39,24440,0.0
39,24441,0.0
39,24442,0.0
39,24443,0.0
39,24444,0.0
39,24445,0.0
39,24446,0.0
39,24447,0.0
39,24448,0.0
39,24501,0.0
39,24502,0.0
39,24503,0.0
39,24504,0.0
39,24505,0.0
39,24506,0.0
39,24507,0.0
39,24508,0.0
39,24509,0.0
39,24510,0.0
39,24511,0.0
39,24512,0.0
39,24513,0.0
39,24514,0.0
39,24515,0.0
39,24516,0.0
39,24517,0.0
39,24518,0.0
39,24519,0.43
39,24520,0.43
39,24521,0.43
39,24522,0.43
39,24523,0.43
39,24524,0.43
39,24525,0.43
39,24526,0.43
39,24527,0.43
39,24528,0.43
39,24529,0.43
39,24530,0.43
39,24531,0.43
39,24532,0.43
39,24533,0.43
39,24534,0.43
39,24535,0.43
39,24536,0.43
39,24537,0.43
39,24538,0.43
39,24539,0.0
39,24540,0.0
39,24541,0.0
39,24542,0.0
39,24543,0.0
39,24544,0.0
39,24545,0.0
39,24546,0.0
39,24547,0.0
39,24548,0.0
39,24601,0.0
39,24602,0.0
39,24603,0.0
39,24604,0.0
39,24605,0.0
39,24606,0.0
39,24607,0.0
39,24608,0.0
39,24609,0.0
39,24610,0.0
39,24611,0.0
39,24612,0.0
39,24613,0.0
39,24614,0.0
39,24615,0.0
39,24616,0.0
39,24617,0.0
39,24618,0.0
39,24619,0.43
39,24620,0.43
39,24621,0.43
39,24622,0.43
39,24623,0.43
39,24624,0.43
39,24625,0.43
39,24626,0.43
39,24627,0.43
39,24628,0.43
39,24629,0.43
39,24630,0.43
39,24631,0.43
39,24632,0.43
39,24633,0.43
39,24634,0.43
39,24635,0.43
39,24636,0.43
39,24637,0.43
39,24638,0.43
39,24639,0.0
39,24640,0.0
39,24641,0.0
39,24642,0.0
39,24643,0.0
39,24644,0.0
39,24645,0.0
39,24646,0.0
39,24647,0.0
39,24648,0.0
39,24701,0.0
39,24702,0.0
39,24703,0.0
39,24704,0.0
39,24705,0.0
39,24706,0.0
39,24707,0.0
39,24708,0.0
39,24709,0.0
39,24710,0.0
39,24711,0.0
39,24712,0.0
39,24713,0.0
39,24714,0.0
39,24715,0.0
39,24716,0.0
39,24717,0.0
39,24718,0.0
39,24719,0.43
39,24720,0.43
39,24721,0.43
39,24722,0.43
39,24723,0.43
39,24724,0.43
39,24725,0.43
39,24726,0.43
39,24727,0.43
39,24728,0.43
39,24729,0.43
39,24730,0.43
39,24731,0.43
39,24732,0.43
39,24733,0.43
39,24734,0.43
39,24735,0.43
39,24736,0.43
39,24737,0.43
39,24738,0.43
39,24739,0.0
39,24740,0.0
39,24741,0.0
39,24742,0.0
39,24743,0.0
39,24744,0.0
39,24745,0.0
39,24746,0.0
39,24747,0.0
39,24748,0.0
39,24801,0.0
39,24802,0.0
39,24803,0.0
39,24804,0.0
39,24805,0.0
39,24806,0.0
39,24807,0.0
39,24808,0.0
39,24809,0.0
39,24810,0.0
39,24811,0.0
39,24812,0.0
39,24813,0.0
39,24814,0.0
39,24815,0.0
39,24816,0.0
39,24817,0.0
39,24818,0.0
39,24819,0.43
39,24820,0.43
39,24821,0.43
39,24822,0.43
39,24823,0.43
39,24824,0.43
39,24825,0.43
39,24826,0.43
39,24827,0.43
39,24828,0.43
39,24829,0.43
39,24830,0.43
39,24831,0.43
39,24832,0.43
39,24833,0.43
39,24834,0.43
39,24835,0.43
39,24836,0.43
39,24837,0.43
39,24838,0.43
39,24839,0.0
39,24840,0.0
39,24841,0.0
39,24842,0.0
39,24843,0.0
39,24844,0.0
39,24845,0.0
39,24846,0.0
39,24847,0.0
39,24848,0.0
39,24901,0.0
39,24902,0.0
39,24903,0.0
39,24904,0.0
39,24905,0.0
39,24906,0.0
39,24907,0.0
39,24908,0.0
39,24909,0.0
39,24910,0.0
39,24911,0.0
39,24912,0.0
39,24913,0.0
39,24914,0.0
39,24915,0.0
39,24916,0.0
39,24917,0.0
39,24918,0.0
39,24919,0.43
39,24920,0.43
39,24921,0.43
39,24922,0.43
39,24923,0.43
39,24924,0.43
39,24925,0.43
39,24926,0.43
39,24927,0.43
39,24928,0.43
39,24929,0.43
39,24930,0.43
39,24931,0.43
39,24932,0.43
39,24933,0.43
39,24934,0.43
39,24935,0.43
39,24936,0.43
39,24937,0.43
39,24938,0.43
39,24939,0.0
39,24940,0.0
39,24941,0.0
39,24942,0.0
39,24943,0.0
39,24944,0.0
39,24945,0.0
39,24946,0.0
39,24947,0.0
39,24948,0.0
39,25001,0.0
39,25002,0.0
39,25003,0.0
39,25004,0.0
39,25005,0.0
39,25006,0.0
39,25007,0.0
39,25008,0.0
39,25009,0.0
39,25010,0.0
39,25011,0.0
39,25012,0.0
39,25013,0.0
39,25014,0.0
39,25015,0.0
39,25016,0.0
39,25017,0.0
39,25018,0.0
39,25019,0.43
39,25020,0.43
39,25021,0.43
39,25022,0.43
39,25023,0.43
39,25024,0.43
39,25025,0.43
39,25026,0.43
39,25027,0.43
39,25028,0.43
39,25029,0.43
39,25030,0.43
39,25031,0.43
39,25032,0.43
39,25033,0.43
39,25034,0.43
39,25035,0.43
39,25036,0.43
39,25037,0.43
39,25038,0.43
39,25039,0.0
39,25040,0.0
39,25041,0.0
39,25042,0.0
39,25043,0.0
39,25044,0.0
39,25045,0.0
39,25046,0.0
39,25047,0.0
39,25048,0.0
39,25101,0.0
39,25102,0.0
39,25103,0.0
39,25104,0.0
39,25105,0.0
39,25106,0.0
39,25107,0.0
39,25108,0.0
39,25109,0.0
39,25110,0.0
39,25111,0.0
39,25112,0.0
39,25113,0.0
39,25114,0.0
39,25115,0.0
39,25116,0.0
39,25117,0.0
39,25118,0.0
39,25119,0.35
39,25120,0.35
39,25121,0.35
39,25122,0.35
39,25123,0.35
39,25124,0.35
39,25125,0.35
39,25126,0.35
39,25127,0.35
39,25128,0.35
39,25129,0.35
39,25130,0.35
39,25131,0.35
39,25132,0.35
39,25133,0.35
39,25134,0.35
39,25135,0.35
39,25136,0.35
39,25137,0.35
39,25138,0.35
39,25139,0.0
39,25140,0.0
39,25141,0.0
39,25142,0.0
39,25143,0.0
39,25144,0.0
39,25145,0.0
39,25146,0.0
39,25147,0.0
39,25148,0.0
39,25201,0.0
39,25202,0.0
39,25203,0.0
39,25204,0.0
39,25205,0.0
39,25206,0.0
39,25207,0.0
39,25208,0.0
39,25209,0.0
39,25210,0.0
39,25211,0.0
39,25212,0.0
39,25213,0.0
39,25214,0.0
39,25215,0.0
39,25216,0.0
39,25217,0.0
39,25218,0.0
39,25219,0.35
39,25220,0.35
39,25221,0.35
39,25222,0.35
39,25223,0.35
39,25224,0.35
39,25225,0.35
39,25226,0.35
39,25227,0.35
39,25228,0.35
39,25229,0.35
39,25230,0.35
39,25231,0.35
39,25232,0.35
39,25233,0.35
39,25234,0.35
39,25235,0.35
39,25236,0.35
39,25237,0.35
39,25238,0.35
39,25239,0.0
39,25240,0.0
39,25241,0.0
39,25242,0.0
39,25243,0.0
39,25244,0.0
39,25245,0.0
39,25246,0.0
39,25247,0.0
39,25248,0.0
39,25301,0.0
39,25302,0.0
39,25303,0.0
39,25304,0.0
39,25305,0.0
39,25306,0.0
39,25307,0.0
39,25308,0.0
39,25309,0.0
39,25310,0.0
39,25311,0.0
39,25312,0.0
39,25313,0.0
39,25314,0.0
39,25315,0.0
39,25316,0.0
39,25317,0.0
39,25318,0.0
39,25319,0.35
39,25320,0.35
39,25321,0.35
39,25322,0.35
39,25323,0.35
39,25324,0.35
39,25325,0.35
39,25326,0.35
39,25327,0.35
39,25328,0.35
39,25329,0.35
39,25330,0.35
39,25331,0.35
39,25332,0.35
39,25333,0.35
39,25334,0.35
39,25335,0.35
39,25336,0.35
39,25337,0.35
39,25338,0.35
39,25339,0.0
39,25340,0.0
39,25341,0.0
39,25342,0.0
39,25343,0.0
39,25344,0.0
39,25345,0.0
39,25346,0.0
39,25347,0.0
39,25348,0.0
39,25401,0.0
39,25402,0.0
39,25403,0.0
39,25404,0.0
39,25405,0.0
39,25406,0.0
39,25407,0.0
39,25408,0.0
39,25409,0.0
39,25410,0.0
39,25411,0.0
39,25412,0.0
39,25413,0.0
39,25414,0.0
39,25415,0.0
39,25416,0.0
39,25417,0.0
39,25418,0.0
39,25419,0.35
39,25420,0.35
39,25421,0.35
39,25422,0.35
39,25423,0.35
39,25424,0.35
39,25425,0.35
39,25426,0.35
39,25427,0.35
39,25428,0.35
39,25429,0.35
39,25430,0.35
39,25431,0.35
39,25432,0.35
39,25433,0.35
39,25434,0.35
39,25435,0.35
39,25436,0.35
39,25437,0.35
39,25438,0.35
39,25439,0.0
39,25440,0.0
39,25441,0.0
39,25442,0.0
39,25443,0.0
39,25444,0.0
39,25445,0.0
39,25446,0.0
39,25447,0.0
39,25448,0.0
39,25501,0.0
39,25502,0.0
39,25503,0.0
39,25504,0.0
39,25505,0.0
39,25506,0.0
39,25507,0.0
39,25508,0.0
39,25509,0.0
39,25510,0.0
39,25511,0.0
39,25512,0.0
39,25513,0.0
39,25514,0.0
39,25515,0.0
39,25516,0.0
39,25517,0.0
39,25518,0.0
39,25519,0.35
39,25520,0.35
39,25521,0.35
39,25522,0.35
39,25523,0.35
39,25524,0.35
39,25525,0.35
39,25526,0.35
39,25527,0.35
39,25528,0.35
39,25529,0.35
39,25530,0.35
39,25531,0.35
39,25532,0.35
39,25533,0.35
39,25534,0.35
39,25535,0.35
39,25536,0.35
39,25537,0.35
39,25538,0.35
39,25539,0.0
39,25540,0.0
39,25541,0.0
39,25542,0.0
39,25543,0.0
39,25544,0.0
39,25545,0.0
39,25546,0.0
39,25547,0.0
39,25548,0.0
39,25601,0.0
39,25602,0.0
39,25603,0.0
39,25604,0.0
39,25605,0.0
39,25606,0.0
39,25607,0.0
39,25608,0.0
39,25609,0.0
39,25610,0.0
39,25611,0.0
39,25612,0.0
39,25613,0.0
39,25614,0.0
39,25615,0.0
39,25616,0.0
39,25617,0.0
39,25618,0.0
39,25619,0.35
39,25620,0.35
39,25621,0.35
39,25622,0.35
39,25623,0.35
39,25624,0.35
39,25625,0.35
39,25626,0.35
39,25627,0.35
39,25628,0.35
39,25629,0.35
39,25630,0.35
39,25631,0.35
39,25632,0.35
39,25633,0.35
39,25634,0.35
39,25635,0.35
39,25636,0.35
39,25637,0.35
39,25638,0.35
39,25639,0.0
39,25640,0.0
39,25641,0.0
39,25642,0.0
39,25643,0.0
39,25644,0.0
39,25645,0.0
39,25646,0.0
39,25647,0.0
39,25648,0.0
39,25701,0.0
39,25702,0.0
39,25703,0.0
39,25704,0.0
39,25705,0.0
39,25706,0.0
39,25707,0.0
39,25708,0.0
39,25709,0.0
39,25710,0.0
39,25711,0.0
39,25712,0.0
39,25713,0.0
39,25714,0.0
39,25715,0.0
39,25716,0.0
39,25717,0.0
39,25718,0.0
39,25719,0.35
39,25720,0.35
39,25721,0.35
39,25722,0.35
39,25723,0.35
39,25724,0.35
39,25725,0.35
39,25726,0.35
39,25727,0.35
39,25728,0.35
39,25729,0.35
39,25730,0.35
39,25731,0.35
39,25732,0.35
39,25733,0.35
39,25734,0.35
39,25735,0.35
39,25736,0.35
39,25737,0.35
39,25738,0.35
39,25739,0.0
39,25740,0.0
39,25741,0.0
39,25742,0.0
39,25743,0.0
39,25744,0.0
39,25745,0.0
39,25746,0.0
39,25747,0.0
39,25748,0.0
39,25801,0.0
39,25802,0.0
39,25803,0.0
39,25804,0.0
39,25805,0.0
39,25806,0.0
39,25807,0.0
39,25808,0.0
39,25809,0.0
39,25810,0.0
39,25811,0.0
39,25812,0.0
39,25813,0.0
39,25814,0.0
39,25815,0.0
39,25816,0.0
39,25817,0.0
39,25818,0.0
39,25819,0.41
39,25820,0.41
39,25821,0.41
39,25822,0.41
39,25823,0.41
39,25824,0.41
39,25825,0.41
39,25826,0.41
39,25827,0.41
39,25828,0.41
39,25829,0.41
39,25830,0.41
39,25831,0.41
39,25832,0.41
39,25833,0.41
39,25834,0.41
39,25835,0.41
39,25836,0.41
39,25837,0.41
39,25838,0.41
39,25839,0.0
39,25840,0.0
39,25841,0.0
39,25842,0.0
39,25843,0.0
39,25844,0.0
39,25845,0.0
39,25846,0.0
39,25847,0.0
39,25848,0.0
39,25901,0.0
39,25902,0.0
39,25903,0.0
39,25904,0.0
39,25905,0.0
39,25906,0.0
39,25907,0.0
39,25908,0.0
39,25909,0.0
39,25910,0.0
39,25911,0.0
39,25912,0.0
39,25913,0.0
39,25914,0.0
39,25915,0.0
39,25916,0.0
39,25917,0.0
39,25918,0.0
39,25919,0.41
39,25920,0.41
39,25921,0.41
39,25922,0.41
39,25923,0.41
39,25924,0.41
39,25925,0.41
39,25926,0.41
39,25927,0.41
39,25928,0.41
39,25929,0.41
39,25930,0.41
39,25931,0.41
39,25932,0.41
39,25933,0.41
39,25934,0.41
39,25935,0.41
39,25936,0.41
39,25937,0.41
39,25938,0.41
39,25939,0.0
39,25940,0.0
39,25941,0.0
39,25942,0.0
39,25943,0.0
39,25944,0.0
39,25945,0.0
39,25946,0.0
39,25947,0.0
39,25948,0.0
39,26001,0.0
39,26002,0.0
39,26003,0.0
39,26004,0.0
39,26005,0.0
39,26006,0.0
39,26007,0.0
39,26008,0.0
39,26009,0.0
39,26010,0.0
39,26011,0.0
39,26012,0.0
39,26013,0.0
39,26014,0.0
39,26015,0.0
39,26016,0.0
39,26017,0.0
39,26018,0.0
39,26019,0.41
39,26020,0.41
39,26021,0.41
39,26022,0.41
39,26023,0.41
39,26024,0.41
39,26025,0.41
39,26026,0.41
39,26027,0.41
39,26028,0.41
39,26029,0.41
39,26030,0.41
39,26031,0.41
39,26032,0.41
39,26033,0.41
39,26034,0.41
39,26035,0.41
39,26036,0.41
39,26037,0.41
39,26038,0.41
39,26039,0.0
39,26040,0.0
39,26041,0.0
39,26042,0.0
39,26043,0.0
39,26044,0.0
39,26045,0.0
39,26046,0.0
39,26047,0.0
39,26048,0.0
39,26101,0.0
39,26102,0.0
39,26103,0.0
39,26104,0.0
39,26105,0.0
39,26106,0.0
39,26107,0.0
39,26108,0.0
39,26109,0.0
39,26110,0.0
39,26111,0.0
39,26112,0.0
39,26113,0.0
39,26114,0.0
39,26115,0.0
39,26116,0.0
39,26117,0.0
39,26118,0.0
39,26119,0.41
39,26120,0.41
39,26121,0.41
39,26122,0.41
39,26123,0.41
39,26124,0.41
39,26125,0.41
39,26126,0.41
39,26127,0.41
39,26128,0.41
39,26129,0.41
39,26130,0.41
39,26131,0.41
39,26132,0.41
39,26133,0.41
39,26134,0.41
39,26135,0.41
39,26136,0.41
39,26137,0.41
39,26138,0.41
39,26139,0.0
39,26140,0.0
39,26141,0.0
39,26142,0.0
39,26143,0.0
39,26144,0.0
39,26145,0.0
39,26146,0.0
39,26147,0.0
39,26148,0.0
39,26201,0.0
39,26202,0.0
39,26203,0.0
39,26204,0.0
39,26205,0.0
39,26206,0.0
39,26207,0.0
39,26208,0.0
39,26209,0.0
39,26210,0.0
39,26211,0.0
39,26212,0.0
39,26213,0.0
39,26214,0.0
39,26215,0.0
39,26216,0.0
39,26217,0.0
39,26218,0.0
39,26219,0.41
39,26220,0.41
39,26221,0.41
39,26222,0.41
39,26223,0.41
39,26224,0.41
39,26225,0.41
39,26226,0.41
39,26227,0.41
39,26228,0.41
39,26229,0.41
39,26230,0.41
39,26231,0.41
39,26232,0.41
39,26233,0.41
39,26234,0.41
39,26235,0.41
39,26236,0.41
39,26237,0.41
39,26238,0.41
39,26239,0.0
39,26240,0.0
39,26241,0.0
39,26242,0.0
39,26243,0.0
39,26244,0.0
39,26245,0.0
39,26246,0.0
39,26247,0.0
39,26248,0.0
39,26301,0.0
39,26302,0.0
39,26303,0.0
39,26304,0.0
39,26305,0.0
39,26306,0.0
39,26307,0.0
39,26308,0.0
39,26309,0.0
39,26310,0.0
39,26311,0.0
39,26312,0.0
39,26313,0.0
39,26314,0.0
39,26315,0.0
39,26316,0.0
39,26317,0.0
39,26318,0.0
39,26319,0.41
39,26320,0.41
39,26321,0.41
39,26322,0.41
39,26323,0.41
39,26324,0.41
39,26325,0.41
39,26326,0.41
39,26327,0.41
39,26328,0.41
39,26329,0.41
39,26330,0.41
39,26331,0.41
39,26332,0.41
39,26333,0.41
39,26334,0.41
39,26335,0.41
39,26336,0.41
39,26337,0.41
39,26338,0.41
39,26339,0.0
39,26340,0.0
39,26341,0.0
39,26342,0.0
39,26343,0.0
39,26344,0.0
39,26345,0.0
39,26346,0.0
39,26347,0.0
39,26348,0.0
39,26401,0.0
39,26402,0.0
39,26403,0.0
39,26404,0.0
39,26405,0.0
39,26406,0.0
39,26407,0.0
39,26408,0.0
39,26409,0.0
39,26410,0.0
39,26411,0.0
39,26412,0.0
39,26413,0.0
39,26414,0.0
39,26415,0.0
39,26416,0.0
39,26417,0.0
39,26418,0.0
39,26419,0.41
39,26420,0.41
39,26421,0.41
39,26422,0.41
39,26423,0.41
39,26424,0.41
39,26425,0.41
39,26426,0.41
39,26427,0.41
39,26428,0.41
39,26429,0.41
39,26430,0.41
39,26431,0.41
39,26432,0.41
39,26433,0.41
39,26434,0.41
39,26435,0.41
39,26436,0.41
39,26437,0.41
39,26438,0.41
39,26439,0.0
39,26440,0.0
39,26441,0.0
39,26442,0.0
39,26443,0.0
39,26444,0.0
39,26445,0.0
39,26446,0.0
39,26447,0.0
39,26448,0.0
39,26501,0.0
39,26502,0.0
39,26503,0.0
39,26504,0.0
39,26505,0.0
39,26506,0.0
39,26507,0.0
39,26508,0.0
39,26509,0.0
39,26510,0.0
39,26511,0.0
39,26512,0.0
39,26513,0.0
39,26514,0.0
39,26515,0.0
39,26516,0.0
39,26517,0.0
39,26518,0.0
39,26519,0.39
39,26520,0.39
39,26521,0.39
39,26522,0.39
39,26523,0.39
39,26524,0.39
39,26525,0.39
39,26526,0.39
39,26527,0.39
39,26528,0.39
39,26529,0.39
39,26530,0.39
39,26531,0.39
39,26532,0.39
39,26533,0.39
39,26534,0.39
39,26535,0.39
39,26536,0.39
39,26537,0.39
39,26538,0.39
39,26539,0.0
39,26540,0.0
39,26541,0.0
39,26542,0.0
39,26543,0.0
39,26544,0.0
39,26545,0.0
39,26546,0.0
39,26547,0.0
39,26548,0.0
39,26601,0.0
39,26602,0.0
39,26603,0.0
39,26604,0.0
39,26605,0.0
39,26606,0.0
39,26607,0.0
39,26608,0.0
39,26609,0.0
39,26610,0.0
39,26611,0.0
39,26612,0.0
39,26613,0.0
39,26614,0.0
39,26615,0.0
39,26616,0.0
39,26617,0.0
39,26618,0.0
39,26619,0.39
39,26620,0.39
39,26621,0.39
39,26622,0.39
39,26623,0.39
39,26624,0.39
39,26625,0.39
39,26626,0.39
39,26627,0.39
39,26628,0.39
39,26629,0.39
39,26630,0.39
39,26631,0.39
39,26632,0.39
39,26633,0.39
39,26634,0.39
39,26635,0.39
39,26636,0.39
39,26637,0.39
39,26638,0.39
39,26639,0.0
39,26640,0.0
39,26641,0.0
39,26642,0.0
39,26643,0.0
39,26644,0.0
39,26645,0.0
39,26646,0.0
39,26647,0.0
39,26648,0.0
39,26701,0.0
39,26702,0.0
39,26703,0.0
39,26704,0.0
39,26705,0.0
39,26706,0.0
39,26707,0.0
39,26708,0.0
39,26709,0.0
39,26710,0.0
39,26711,0.0
39,26712,0.0
39,26713,0.0
39,26714,0.0
39,26715,0.0
39,26716,0.0
39,26717,0.0
39,26718,0.0
39,26719,0.0
39,26720,0.39
39,26721,0.39
39,26722,0.39
39,26723,0.39
39,26724,0.39
39,26725,0.39
39,26726,0.39
39,26727,0.39
39,26728,0.39
39,26729,0.39
39,26730,0.39
39,26731,0.39
39,26732,0.39
39,26733,0.39
39,26734,0.39
39,26735,0.39
39,26736,0.39
39,26737,0.39
39,26738,0.39
39,26739,0.0
39,26740,0.0
39,26741,0.0
39,26742,0.0
39,26743,0.0
39,26744,0.0
39,26745,0.0
39,26746,0.0
39,26747,0.0
39,26748,0.0
39,26801,0.0
39,26802,0.0
39,26803,0.0
39,26804,0.0
39,26805,0.0
39,26806,0.0
39,26807,0.0
39,26808,0.0
39,26809,0.0
39,26810,0.0
39,26811,0.0
39,26812,0.0
39,26813,0.0
39,26814,0.0
39,26815,0.0
39,26816,0.0
39,26817,0.0
39,26818,0.0
39,26819,0.0
39,26820,0.39
39,26821,0.39
39,26822,0.39
39,26823,0.39
39,26824,0.39
39,26825,0.39
39,26826,0.39
39,26827,0.39
39,26828,0.39
39,26829,0.39
39,26830,0.39
39,26831,0.39
39,26832,0.39
39,26833,0.39
39,26834,0.39
39,26835,0.39
39,26836,0.39
39,26837,0.39
39,26838,0.39
39,26839,0.0
39,26840,0.0
39,26841,0.0
39,26842,0.0
39,26843,0.0
39,26844,0.0
39,26845,0.0
39,26846,0.0
39,26847,0.0
39,26848,0.0
39,26901,0.0
39,26902,0.0
39,26903,0.0
39,26904,0.0
39,26905,0.0
39,26906,0.0
39,26907,0.0
39,26908,0.0
39,26909,0.0
39,26910,0.0
39,26911,0.0
39,26912,0.0
39,26913,0.0
39,26914,0.0
39,26915,0.0
39,26916,0.0
39,26917,0.0
39,26918,0.0
39,26919,0.0
39,26920,0.39
39,26921,0.39
39,26922,0.39
39,26923,0.39
39,26924,0.39
39,26925,0.39
39,26926,0.39
39,26927,0.39
39,26928,0.39
39,26929,0.39
39,26930,0.39
39,26931,0.39
39,26932,0.39
39,26933,0.39
39,26934,0.39
39,26935,0.39
39,26936,0.39
39,26937,0.39
39,26938,0.39
39,26939,0.0
39,26940,0.0
39,26941,0.0
39,26942,0.0
39,26943,0.0
39,26944,0.0
39,26945,0.0
39,26946,0.0
39,26947,0.0
39,26948,0.0
39,27001,0.0
39,27002,0.0
39,27003,0.0
39,27004,0.0
39,27005,0.0
39,27006,0.0
39,27007,0.0
39,27008,0.0
39,27009,0.0
39,27010,0.0
39,27011,0.0
39,27012,0.0
39,27013,0.0
39,27014,0.0
39,27015,0.0
39,27016,0.0
39,27017,0.0
39,27018,0.0
39,27019,0.0
39,27020,0.39
39,27021,0.39
39,27022,0.39
39,27023,0.39
39,27024,0.39
39,27025,0.39
39,27026,0.39
39,27027,0.39
39,27028,0.39
39,27029,0.39
39,27030,0.39
39,27031,0.39
39,27032,0.39
39,27033,0.39
39,27034,0.39
39,27035,0.39
39,27036,0.39
39,27037,0.39
39,27038,0.39
39,27039,0.0
39,27040,0.0
39,27041,0.0
39,27042,0.0
39,27043,0.0
39,27044,0.0
39,27045,0.0
39,27046,0.0
39,27047,0.0
39,27048,0.0
39,27101,0.0
39,27102,0.0
39,27103,0.0
39,27104,0.0
39,27105,0.0
39,27106,0.0
39,27107,0.0
39,27108,0.0
39,27109,0.0
39,27110,0.0
39,27111,0.0
39,27112,0.0
39,27113,0.0
39,27114,0.0
39,27115,0.0
39,27116,0.0
39,27117,0.0
39,27118,0.0
39,27119,0.0
39,27120,0.39
39,27121,0.39
39,27122,0.39
39,27123,0.39
39,27124,0.39
39,27125,0.39
39,27126,0.39
39,27127,0.39
39,27128,0.39
39,27129,0.39
39,27130,0.39
39,27131,0.39
39,27132,0.39
39,27133,0.39
39,27134,0.39
39,27135,0.39
39,27136,0.39
39,27137,0.39
39,27138,0.39
39,27139,0.0
39,27140,0.0
39,27141,0.0
39,27142,0.0
39,27143,0.0
39,27144,0.0
39,27145,0.0
39,27146,0.0
39,27147,0.0
39,27148,0.0
39,27201,0.0
39,27202,0.0
39,27203,0.0
39,27204,0.0
39,27205,0.0
39,27206,0.0
39,27207,0.0
39,27208,0.0
39,27209,0.0
39,27210,0.0
39,27211,0.0
39,27212,0.0
39,27213,0.0
39,27214,0.0
39,27215,0.0
39,27216,0.0
39,27217,0.0
39,27218,0.0
39,27219,0.0
39,27220,0.42
39,27221,0.42
39,27222,0.42
39,27223,0.42
39,27224,0.42
39,27225,0.42
39,27226,0.42
39,27227,0.42
39,27228,0.42
39,27229,0.42
39,27230,0.42
39,27231,0.42
39,27232,0.42
39,27233,0.42
39,27234,0.42
39,27235,0.42
39,27236,0.42
39,27237,0.42
39,27238,0.42
39,27239,0.0
39,27240,0.0
39,27241,0.0
39,27242,0.0
39,27243,0.0
39,27244,0.0
39,27245,0.0
39,27246,0.0
39,27247,0.0
39,27248,0.0
39,27301,0.0
39,27302,0.0
39,27303,0.0
39,27304,0.0
39,27305,0.0
39,27306,0.0
39,27307,0.0
39,27308,0.0
39,27309,0.0
39,27310,0.0
39,27311,0.0
39,27312,0.0
39,27313,0.0
39,27314,0.0
39,27315,0.0
39,27316,0.0
39,27317,0.0
39,27318,0.0
39,27319,0.0
39,27320,0.42
39,27321,0.42
39,27322,0.42
39,27323,0.42
39,27324,0.42
39,27325,0.42
39,27326,0.42
39,27327,0.42
39,27328,0.42
39,27329,0.42
39,27330,0.42
39,27331,0.42
39,27332,0.42
39,27333,0.42
39,27334,0.42
39,27335,0.42
39,27336,0.42
39,27337,0.42
39,27338,0.42
39,27339,0.0
39,27340,0.0
39,27341,0.0
39,27342,0.0
39,27343,0.0
39,27344,0.0
39,27345,0.0
39,27346,0.0
39,27347,0.0
39,27348,0.0
39,27401,0.0
39,27402,0.0
39,27403,0.0
39,27404,0.0
39,27405,0.0
39,27406,0.0
39,27407,0.0
39,27408,0.0
39,27409,0.0
39,27410,0.0
39,27411,0.0
39,27412,0.0
39,27413,0.0
39,27414,0.0
39,27415,0.0
39,27416,0.0
39,27417,0.0
39,27418,0.0
39,27419,0.0
39,27420,0.42
39,27421,0.42
39,27422,0.42
39,27423,0.42
39,27424,0.42
39,27425,0.42
39,27426,0.42
39,27427,0.42
39,27428,0.42
39,27429,0.42
39,27430,0.42
39,27431,0.42
39,27432,0.42
39,27433,0.42
39,27434,0.42
39,27435,0.42
39,27436,0.42
39,27437,0.42
39,27438,0.42
39,27439,0.0
39,27440,0.0
39,27441,0.0
39,27442,0.0
39,27443,0.0
39,27444,0.0
39,27445,0.0
39,27446,0.0
39,27447,0.0
39,27448,0.0
39,27501,0.0
39,27502,0.0
39,27503,0.0
39,27504,0.0
39,27505,0.0
39,27506,0.0
39,27507,0.0
39,27508,0.0
39,27509,0.0
39,27510,0.0
39,27511,0.0
39,27512,0.0
39,27513,0.0
39,27514,0.0
39,27515,0.0
39,27516,0.0
39,27517,0.0
39,27518,0.0
39,27519,0.0
39,27520,0.42
39,27521,0.42
39,27522,0.42
39,27523,0.42
39,27524,0.42
39,27525,0.42
39,27526,0.42
39,27527,0.42
39,27528,0.42
39,27529,0.42
39,27530,0.42
39,27531,0.42
39,27532,0.42
39,27533,0.42
39,27534,0.42
39,27535,0.42
39,27536,0.42
39,27537,0.42
39,27538,0.42
39,27539,0.0
39,27540,0.0
39,27541,0.0
39,27542,0.0
39,27543,0.0
39,27544,0.0
39,27545,0.0
39,27546,0.0
39,27547,0.0
39,27548,0.0
39,27601,0.0
39,27602,0.0
39,27603,0.0
39,27604,0.0
39,27605,0.0
39,27606,0.0
39,27607,0.0
39,27608,0.0
39,27609,0.0
39,27610,0.0
39,27611,0.0
39,27612,0.0
39,27613,0.0
39,27614,0.0
39,27615,0.0
39,27616,0.0
39,27617,0.0
39,27618,0.0
39,27619,0.0
39,27620,0.42
39,27621,0.42
39,27622,0.42
39,27623,0.42
39,27624,0.42
39,27625,0.42
39,27626,0.42
39,27627,0.42
39,27628,0.42
39,27629,0.42
39,27630,0.42
39,27631,0.42
39,27632,0.42
39,27633,0.42
39,27634,0.42
39,27635,0.42
39,27636,0.42
39,27637,0.42
39,27638,0.42
39,27639,0.0
39,27640,0.0
39,27641,0.0
39,27642,0.0
39,27643,0.0
39,27644,0.0
39,27645,0.0
39,27646,0.0
39,27647,0.0
39,27648,0.0
39,27701,0.0
39,27702,0.0
39,27703,0.0
39,27704,0.0
39,27705,0.0
39,27706,0.0
39,27707,0.0
39,27708,0.0
39,27709,0.0
39,27710,0.0
39,27711,0.0
39,27712,0.0
39,27713,0.0
39,27714,0.0
39,27715,0.0
39,27716,0.0
39,27717,0.0
39,27718,0.0
39,27719,0.0
39,27720,0.42
39,27721,0.42
39,27722,0.42
39,27723,0.42
39,27724,0.42
39,27725,0.42
39,27726,0.42
39,27727,0.42
39,27728,0.42
39,27729,0.42
39,27730,0.42
39,27731,0.42
39,27732,0.42
39,27733,0.42
39,27734,0.42
39,27735,0.42
39,27736,0.42
39,27737,0.42
39,27738,0.42
39,27739,0.0
39,27740,0.0
39,27741,0.0
39,27742,0.0
39,27743,0.0
39,27744,0.0
39,27745,0.0
39,27746,0.0
39,27747,0.0
39,27748,0.0
39,27801,0.0
39,27802,0.0
39,27803,0.0
39,27804,0.0
39,27805,0.0
39,27806,0.0
39,27807,0.0
39,27808,0.0
39,27809,0.0
39,27810,0.0
39,27811,0.0
39,27812,0.0
39,27813,0.0
39,27814,0.0
39,27815,0.0
39,27816,0.0
39,27817,0.0
39,27818,0.0
39,27819,0.0
39,27820,0.42
39,27821,0.42
39,27822,0.42
39,27823,0.42
39,27824,0.42
39,27825,0.42
39,27826,0.42
39,27827,0.42
39,27828,0.42
39,27829,0.42
39,27830,0.42
39,27831,0.42
39,27832,0.42
39,27833,0.42
39,27834,0.42
39,27835,0.42
39,27836,0.42
39,27837,0.42
39,27838,0.42
39,27839,0.0
39,27840,0.0
39,27841,0.0
39,27842,0.0
39,27843,0.0
39,27844,0.0
39,27845,0.0
39,27846,0.0
39,27847,0.0
39,27848,0.0
39,27901,0.0
39,27902,0.0
39,27903,0.0
39,27904,0.0
39,27905,0.0
39,27906,0.0
39,27907,0.0
39,27908,0.0
39,27909,0.0
39,27910,0.0
39,27911,0.0
39,27912,0.0
39,27913,0.0
39,27914,0.0
39,27915,0.0
39,27916,0.0
39,27917,0.0
39,27918,0.0
39,27919,0.0
39,27920,0.42
39,27921,0.42
39,27922,0.42
39,27923,0.42
39,27924,0.42
39,27925,0.42
39,27926,0.42
39,27927,0.42
39,27928,0.42
39,27929,0.42
39,27930,0.42
39,27931,0.42
39,27932,0.42
39,27933,0.42
39,27934,0.42
39,27935,0.42
39,27936,0.42
39,27937,0.42
39,27938,0.42
39,27939,0.0
39,27940,0.0
39,27941,0.0
39,27942,0.0
39,27943,0.0
39,27944,0.0
39,27945,0.0
39,27946,0.0
39,27947,0.0
39,27948,0.0
39,28001,0.0
39,28002,0.0
39,28003,0.0
39,28004,0.0
39,28005,0.0
39,28006,0.0
39,28007,0.0
39,28008,0.0
39,28009,0.0
39,28010,0.0
39,28011,0.0
39,28012,0.0
39,28013,0.0
39,28014,0.0
39,28015,0.0
39,28016,0.0
39,28017,0.0
39,28018,0.0
39,28019,0.0
39,28020,0.42
39,28021,0.42
39,28022,0.42
39,28023,0.42
39,28024,0.42
39,28025,0.42
39,28026,0.42
39,28027,0.42
39,28028,0.42
39,28029,0.42
39,28030,0.42
39,28031,0.42
39,28032,0.42
39,28033,0.42
39,28034,0.42
39,28035,0.42
39,28036,0.42
39,28037,0.42
39,28038,0.42
39,28039,0.0
39,28040,0.0
39,28041,0.0
39,28042,0.0
39,28043,0.0
39,28044,0.0
39,28045,0.0
39,28046,0.0
39,28047,0.0
39,28048,0.0
39,28101,0.0
39,28102,0.0
39,28103,0.0
39,28104,0.0
39,28105,0.0
39,28106,0.0
39,28107,0.0
39,28108,0.0
39,28109,0.0
39,28110,0.0
39,28111,0.0
39,28112,0.0
39,28113,0.0
39,28114,0.0
39,28115,0.0
39,28116,0.0
39,28117,0.0
39,28118,0.0
39,28119,0.0
39,28120,0.42
39,28121,0.42
39,28122,0.42
39,28123,0.42
39,28124,0.42
39,28125,0.42
39,28126,0.42
39,28127,0.42
39,28128,0.42
39,28129,0.42
39,28130,0.42
39,28131,0.42
39,28132,0.42
39,28133,0.42
39,28134,0.42
39,28135,0.42
39,28136,0.42
39,28137,0.42
39,28138,0.42
39,28139,0.0
39,28140,0.0
39,28141,0.0
39,28142,0.0
39,28143,0.0
39,28144,0.0
39,28145,0.0
39,28146,0.0
39,28147,0.0
39,28148,0.0
39,28201,0.0
39,28202,0.0
39,28203,0.0
39,28204,0.0
39,28205,0.0
39,28206,0.0
39,28207,0.0
39,28208,0.0
39,28209,0.0
39,28210,0.0
39,28211,0.0
39,28212,0.0
39,28213,0.0
39,28214,0.0
39,28215,0.0
39,28216,0.0
39,28217,0.0
39,28218,0.0
39,28219,0.0
39,28220,0.42
39,28221,0.42
39,28222,0.42
39,28223,0.42
39,28224,0.42
39,28225,0.42
39,28226,0.42
39,28227,0.42
39,28228,0.42
39,28229,0.42
39,28230,0.42
39,28231,0.42
39,28232,0.42
39,28233,0.42
39,28234,0.42
39,28235,0.42
39,28236,0.42
39,28237,0.42
39,28238,0.42
39,28239,0.0
39,28240,0.0
39,28241,0.0
39,28242,0.0
39,28243,0.0
39,28244,0.0
39,28245,0.0
39,28246,0.0
39,28247,0.0
39,28248,0.0
39,28301,0.0
39,28302,0.0
39,28303,0.0
39,28304,0.0
39,28305,0.0
39,28306,0.0
39,28307,0.0
39,28308,0.0
39,28309,0.0
39,28310,0.0
39,28311,0.0
39,28312,0.0
39,28313,0.0
39,28314,0.0
39,28315,0.0
39,28316,0.0
39,28317,0.0
39,28318,0.0
39,28319,0.0
39,28320,0.42
39,28321,0.42
39,28322,0.42
39,28323,0.42
39,28324,0.42
39,28325,0.42
39,28326,0.42
39,28327,0.42
39,28328,0.42
39,28329,0.42
39,28330,0.42
39,28331,0.42
39,28332,0.42
39,28333,0.42
39,28334,0.42
39,28335,0.42
39,28336,0.42
39,28337,0.42
39,28338,0.42
39,28339,0.0
39,28340,0.0
39,28341,0.0
39,28342,0.0
39,28343,0.0
39,28344,0.0
39,28345,0.0
39,28346,0.0
39,28347,0.0
39,28348,0.0
39,28401,0.0
39,28402,0.0
39,28403,0.0
39,28404,0.0
39,28405,0.0
39,28406,0.0
39,28407,0.0
39,28408,0.0
39,28409,0.0
39,28410,0.0
39,28411,0.0
39,28412,0.0
39,28413,0.0
39,28414,0.0
39,28415,0.0
39,28416,0.0
39,28417,0.0
39,28418,0.0
39,28419,0.0
39,28420,0.42
39,28421,0.42
39,28422,0.42
39,28423,0.42
39,28424,0.42
39,28425,0.42
39,28426,0.42
39,28427,0.42
39,28428,0.42
39,28429,0.42
39,28430,0.42
39,28431,0.42
39,28432,0.42
39,28433,0.42
39,28434,0.42
39,28435,0.42
39,28436,0.42
39,28437,0.42
39,28438,0.42
39,28439,0.0
39,28440,0.0
39,28441,0.0
39,28442,0.0
39,28443,0.0
39,28444,0.0
39,28445,0.0
39,28446,0.0
39,28447,0.0
39,28448,0.0
39,28501,0.0
39,28502,0.0
39,28503,0.0
39,28504,0.0
39,28505,0.0
39,28506,0.0
39,28507,0.0
39,28508,0.0
39,28509,0.0
39,28510,0.0
39,28511,0.0
39,28512,0.0
39,28513,0.0
39,28514,0.0
39,28515,0.0
39,28516,0.0
39,28517,0.0
39,28518,0.0
39,28519,0.0
39,28520,0.42
39,28521,0.42
39,28522,0.42
39,28523,0.42
39,28524,0.42
39,28525,0.42
39,28526,0.42
39,28527,0.42
39,28528,0.42
39,28529,0.42
39,28530,0.42
39,28531,0.42
39,28532,0.42
39,28533,0.42
39,28534,0.42
39,28535,0.42
39,28536,0.42
39,28537,0.42
39,28538,0.42
39,28539,0.0
39,28540,0.0
39,28541,0.0
39,28542,0.0
39,28543,0.0
39,28544,0.0
39,28545,0.0
39,28546,0.0
39,28547,0.0
39,28548,0.0
39,28601,0.0
39,28602,0.0
39,28603,0.0
39,28604,0.0
39,28605,0.0
39,28606,0.0
39,28607,0.0
39,28608,0.0
39,28609,0.0
39,28610,0.0
39,28611,0.0
39,28612,0.0
39,28613,0.0
39,28614,0.0
39,28615,0.0
39,28616,0.0
39,28617,0.0
39,28618,0.0
39,28619,0.0
39,28620,0.36
39,28621,0.36
39,28622,0.36
39,28623,0.36
39,28624,0.36
39,28625,0.36
39,28626,0.36
39,28627,0.36
39,28628,0.36
39,28629,0.36
39,28630,0.36
39,28631,0.36
39,28632,0.36
39,28633,0.36
39,28634,0.36
39,28635,0.36
39,28636,0.36
39,28637,0.36
39,28638,0.36
39,28639,0.0
39,28640,0.0
39,28641,0.0
39,28642,0.0
39,28643,0.0
39,28644,0.0
39,28645,0.0
39,28646,0.0
39,28647,0.0
39,28648,0.0
39,28701,0.0
39,28702,0.0
39,28703,0.0
39,28704,0.0
39,28705,0.0
39,28706,0.0
39,28707,0.0
39,28708,0.0
39,28709,0.0
39,28710,0.0
39,28711,0.0
39,28712,0.0
39,28713,0.0
39,28714,0.0
39,28715,0.0
39,28716,0.0
39,28717,0.0
39,28718,0.0
39,28719,0.0
39,28720,0.36
39,28721,0.36
39,28722,0.36
39,28723,0.36
39,28724,0.36
39,28725,0.36
39,28726,0.36
39,28727,0.36
39,28728,0.36
39,28729,0.36
39,28730,0.36
39,28731,0.36
39,28732,0.36
39,28733,0.36
39,28734,0.36
39,28735,0.36
39,28736,0.36
39,28737,0.36
39,28738,0.36
39,28739,0.0
39,28740,0.0
39,28741,0.0
39,28742,0.0
39,28743,0.0
39,28744,0.0
39,28745,0.0
39,28746,0.0
39,28747,0.0
39,28748,0.0
39,28801,0.0
39,28802,0.0
39,28803,0.0
39,28804,0.0
39,28805,0.0
39,28806,0.0
39,28807,0.0
39,28808,0.0
39,28809,0.0
39,28810,0.0
39,28811,0.0
39,28812,0.0
39,28813,0.0
39,28814,0.0
39,28815,0.0
39,28816,0.0
39,28817,0.0
39,28818,0.0
39,28819,0.0
39,28820,0.36
39,28821,0.36
39,28822,0.36
39,28823,0.36
39,28824,0.36
39,28825,0.36
39,28826,0.36
39,28827,0.36
39,28828,0.36
39,28829,0.36
39,28830,0.36
39,28831,0.36
39,28832,0.36
39,28833,0.36
39,28834,0.36
39,28835,0.36
39,28836,0.36
39,28837,0.36
39,28838,0.36
39,28839,0.0
39,28840,0.0
39,28841,0.0
39,28842,0.0
39,28843,0.0
39,28844,0.0
39,28845,0.0
39,28846,0.0
39,28847,0.0
39,28848,0.0
39,28901,0.0
39,28902,0.0
39,28903,0.0
39,28904,0.0
39,28905,0.0
39,28906,0.0
39,28907,0.0
39,28908,0.0
39,28909,0.0
39,28910,0.0
39,28911,0.0
39,28912,0.0
39,28913,0.0
39,28914,0.0
39,28915,0.0
39,28916,0.0
39,28917,0.0
39,28918,0.0
39,28919,0.0
39,28920,0.36
39,28921,0.36
39,28922,0.36
39,28923,0.36
39,28924,0.36
39,28925,0.36
39,28926,0.36
39,28927,0.36
39,28928,0.36
39,28929,0.36
39,28930,0.36
39,28931,0.36
39,28932,0.36
39,28933,0.36
39,28934,0.36
39,28935,0.36
39,28936,0.36
39,28937,0.36
39,28938,0.36
39,28939,0.0
39,28940,0.0
39,28941,0.0
39,28942,0.0
39,28943,0.0
39,28944,0.0
39,28945,0.0
39,28946,0.0
39,28947,0.0
39,28948,0.0
39,29001,0.0
39,29002,0.0
39,29003,0.0
39,29004,0.0
39,29005,0.0
39,29006,0.0
39,29007,0.0
39,29008,0.0
39,29009,0.0
39,29010,0.0
39,29011,0.0
39,29012,0.0
39,29013,0.0
39,29014,0.0
39,29015,0.0
39,29016,0.0
39,29017,0.0
39,29018,0.0
39,29019,0.0
39,29020,0.36
39,29021,0.36
39,29022,0.36
39,29023,0.36
39,29024,0.36
39,29025,0.36
39,29026,0.36
39,29027,0.36
39,29028,0.36
39,29029,0.36
39,29030,0.36
39,29031,0.36
39,29032,0.36
39,29033,0.36
39,29034,0.36
39,29035,0.36
39,29036,0.36
39,29037,0.36
39,29038,0.36
39,29039,0.0
39,29040,0.0
39,29041,0.0
39,29042,0.0
39,29043,0.0
39,29044,0.0
39,29045,0.0
39,29046,0.0
39,29047,0.0
39,29048,0.0
39,29101,0.0
39,29102,0.0
39,29103,0.0
39,29104,0.0
39,29105,0.0
39,29106,0.0
39,29107,0.0
39,29108,0.0
39,29109,0.0
39,29110,0.0
39,29111,0.0
39,29112,0.0
39,29113,0.0
39,29114,0.0
39,29115,0.0
39,29116,0.0
39,29117,0.0
39,29118,0.0
39,29119,0.0
39,29120,0.36
39,29121,0.36
39,29122,0.36
39,29123,0.36
39,29124,0.36
39,29125,0.36
39,29126,0.36
39,29127,0.36
39,29128,0.36
39,29129,0.36
39,29130,0.36
39,29131,0.36
39,29132,0.36
39,29133,0.36
39,29134,0.36
39,29135,0.36
39,29136,0.36
39,29137,0.36
39,29138,0.36
39,29139,0.0
39,29140,0.0
39,29141,0.0
39,29142,0.0
39,29143,0.0
39,29144,0.0
39,29145,0.0
39,29146,0.0
39,29147,0.0
39,29148,0.0
39,29201,0.0
39,29202,0.0
39,29203,0.0
39,29204,0.0
39,29205,0.0
39,29206,0.0
39,29207,0.0
39,29208,0.0
39,29209,0.0
39,29210,0.0
39,29211,0.0
39,29212,0.0
39,29213,0.0
39,29214,0.0
39,29215,0.0
39,29216,0.0
39,29217,0.0
39,29218,0.0
39,29219,0.0
39,29220,0.36
39,29221,0.36
39,29222,0.36
39,29223,0.36
39,29224,0.36
39,29225,0.36
39,29226,0.36
39,29227,0.36
39,29228,0.36
39,29229,0.36
39,29230,0.36
39,29231,0.36
39,29232,0.36
39,29233,0.36
39,29234,0.36
39,29235,0.36
39,29236,0.36
39,29237,0.36
39,29238,0.36
39,29239,0.0
39,29240,0.0
39,29241,0.0
39,29242,0.0
39,29243,0.0
39,29244,0.0
39,29245,0.0
39,29246,0.0
39,29247,0.0
39,29248,0.0
39,29301,0.0
39,29302,0.0
39,29303,0.0
39,29304,0.0
39,29305,0.0
39,29306,0.0
39,29307,0.0
39,29308,0.0
39,29309,0.0
39,29310,0.0
39,29311,0.0
39,29312,0.0
39,29313,0.0
39,29314,0.0
39,29315,0.0
39,29316,0.0
39,29317,0.0
39,29318,0.0
39,29319,0.0
39,29320,0.385
39,29321,0.385
39,29322,0.385
39,29323,0.385
39,29324,0.385
39,29325,0.385
39,29326,0.385
39,29327,0.385
39,29328,0.385
39,29329,0.385
39,29330,0.385
39,29331,0.385
39,29332,0.385
39,29333,0.385
39,29334,0.385
39,29335,0.385
39,29336,0.385
39,29337,0.385
39,29338,0.385
39,29339,0.0
39,29340,0.0
39,29341,0.0
39,29342,0.0
39,29343,0.0
39,29344,0.0
39,29345,0.0
39,29346,0.0
39,29347,0.0
39,29348,0.0
39,29401,0.0
39,29402,0.0
39,29403,0.0
39,29404,0.0
39,29405,0.0
39,29406,0.0
39,29407,0.0
39,29408,0.0
39,29409,0.0
39,29410,0.0
39,29411,0.0
39,29412,0.0
39,29413,0.0
39,29414,0.0
39,29415,0.0
39,29416,0.0
39,29417,0.0
39,29418,0.0
39,29419,0.0
39,29420,0.385
39,29421,0.385
39,29422,0.385
39,29423,0.385
39,29424,0.385
39,29425,0.385
39,29426,0.385
39,29427,0.385
39,29428,0.385
39,29429,0.385
39,29430,0.385
39,29431,0.385
39,29432,0.385
39,29433,0.385
39,29434,0.385
39,29435,0.385
39,29436,0.385
39,29437,0.385
39,29438,0.385
39,29439,0.0
39,29440,0.0
39,29441,0.0
39,29442,0.0
39,29443,0.0
39,29444,0.0
39,29445,0.0
39,29446,0.0
39,29447,0.0
39,29448,0.0
39,29501,0.0
39,29502,0.0
39,29503,0.0
39,29504,0.0
39,29505,0.0
39,29506,0.0
39,29507,0.0
39,29508,0.0
39,29509,0.0
39,29510,0.0
39,29511,0.0
39,29512,0.0
39,29513,0.0
39,29514,0.0
39,29515,0.0
39,29516,0.0
39,29517,0.0
39,29518,0.0
39,29519,0.0
39,29520,0.385
39,29521,0.385
39,29522,0.385
39,29523,0.385
39,29524,0.385
39,29525,0.385
39,29526,0.385
39,29527,0.385
39,29528,0.385
39,29529,0.385
39,29530,0.385
39,29531,0.385
39,29532,0.385
39,29533,0.385
39,29534,0.385
39,29535,0.385
39,29536,0.385
39,29537,0.385
39,29538,0.385
39,29539,0.0
39,29540,0.0
39,29541,0.0
39,29542,0.0
39,29543,0.0
39,29544,0.0
39,29545,0.0
39,29546,0.0
39,29547,0.0
39,29548,0.0
39,29601,0.0
39,29602,0.0
39,29603,0.0
39,29604,0.0
39,29605,0.0
39,29606,0.0
39,29607,0.0
39,29608,0.0
39,29609,0.0
39,29610,0.0
39,29611,0.0
39,29612,0.0
39,29613,0.0
39,29614,0.0
39,29615,0.0
39,29616,0.0
39,29617,0.0
39,29618,0.0
39,29619,0.0
39,29620,0.385
39,29621,0.385
39,29622,0.385
39,29623,0.385
39,29624,0.385
39,29625,0.385
39,29626,0.385
39,29627,0.385
39,29628,0.385
39,29629,0.385
39,29630,0.385
39,29631,0.385
39,29632,0.385
39,29633,0.385
39,29634,0.385
39,29635,0.385
39,29636,0.385
39,29637,0.385
39,29638,0.385
39,29639,0.0
39,29640,0.0
39,29641,0.0
39,29642,0.0
39,29643,0.0
39,29644,0.0
39,29645,0.0
39,29646,0.0
39,29647,0.0
39,29648,0.0
39,29701,0.0
39,29702,0.0
39,29703,0.0
39,29704,0.0
39,29705,0.0
39,29706,0.0
39,29707,0.0
39,29708,0.0
39,29709,0.0
39,29710,0.0
39,29711,0.0
39,29712,0.0
39,29713,0.0
39,29714,0.0
39,29715,0.0
39,29716,0.0
39,29717,0.0
39,29718,0.0
39,29719,0.0
39,29720,0.385
39,29721,0.385
39,29722,0.385
39,29723,0.385
39,29724,0.385
39,29725,0.385
39,29726,0.385
39,29727,0.385
39,29728,0.385
39,29729,0.385
39,29730,0.385
39,29731,0.385
39,29732,0.385
39,29733,0.385
39,29734,0.385
39,29735,0.385
39,29736,0.385
39,29737,0.385
39,29738,0.385
39,29739,0.385
39,29740,0.0
39,29741,0.0
39,29742,0.0
39,29743,0.0
39,29744,0.0
39,29745,0.0
39,29746,0.0
39,29747,0.0
39,29748,0.0
39,29801,0.0
39,29802,0.0
39,29803,0.0
39,29804,0.0
39,29805,0.0
39,29806,0.0
39,29807,0.0
39,29808,0.0
39,29809,0.0
39,29810,0.0
39,29811,0.0
39,29812,0.0
39,29813,0.0
39,29814,0.0
39,29815,0.0
39,29816,0.0
39,29817,0.0
39,29818,0.0
39,29819,0.0
39,29820,0.385
39,29821,0.385
39,29822,0.385
39,29823,0.385
39,29824,0.385
39,29825,0.385
39,29826,0.385
39,29827,0.385
39,29828,0.385
39,29829,0.385
39,29830,0.385
39,29831,0.385
39,29832,0.385
39,29833,0.385
39,29834,0.385
39,29835,0.385
39,29836,0.385
39,29837,0.385
39,29838,0.385
39,29839,0.385
39,29840,0.0
39,29841,0.0
39,29842,0.0
39,29843,0.0
39,29844,0.0
39,29845,0.0
39,29846,0.0
39,29847,0.0
39,29848,0.0
39,29901,0.0
39,29902,0.0
39,29903,0.0
39,29904,0.0
39,29905,0.0
39,29906,0.0
39,29907,0.0
39,29908,0.0
39,29909,0.0
39,29910,0.0
39,29911,0.0
39,29912,0.0
39,29913,0.0
39,29914,0.0
39,29915,0.0
39,29916,0.0
39,29917,0.0
39,29918,0.0
39,29919,0.0
39,29920,0.385
39,29921,0.385
39,29922,0.385
39,29923,0.385
39,29924,0.385
39,29925,0.385
39,29926,0.385
39,29927,0.385
39,29928,0.385
39,29929,0.385
39,29930,0.385
39,29931,0.385
39,29932,0.385
39,29933,0.385
39,29934,0.385
39,29935,0.385
39,29936,0.385
39,29937,0.385
39,29938,0.385
39,29939,0.385
39,29940,0.0
39,29941,0.0
39,29942,0.0
39,29943,0.0
39,29944,0.0
39,29945,0.0
39,29946,0.0
39,29947,0.0
39,29948,0.0
39,30001,0.0
39,30002,0.0
39,30003,0.0
39,30004,0.0
39,30005,0.0
39,30006,0.0
39,30007,0.0
39,30008,0.0
39,30009,0.0
39,30010,0.0
39,30011,0.0
39,30012,0.0
39,30013,0.0
39,30014,0.0
39,30015,0.0
39,30016,0.0
39,30017,0.0
39,30018,0.0
39,30019,0.0
39,30020,0.4
39,30021,0.4
39,30022,0.4
39,30023,0.4
39,30024,0.4
39,30025,0.4
39,30026,0.4
39,30027,0.4
39,30028,0.4
39,30029,0.4
39,30030,0.4
39,30031,0.4
39,30032,0.4
39,30033,0.4
39,30034,0.4
39,30035,0.4
39,30036,0.4
39,30037,0.4
39,30038,0.4
39,30039,0.4
39,30040,0.0
39,30041,0.0
39,30042,0.0
39,30043,0.0
39,30044,0.0
39,30045,0.0
39,30046,0.0
39,30047,0.0
39,30048,0.0
39,30101,0.0
39,30102,0.0
39,30103,0.0
39,30104,0.0
39,30105,0.0
39,30106,0.0
39,30107,0.0
39,30108,0.0
39,30109,0.0
39,30110,0.0
39,30111,0.0
39,30112,0.0
39,30113,0.0
39,30114,0.0
39,30115,0.0
39,30116,0.0
39,30117,0.0
39,30118,0.0
39,30119,0.0
39,30120,0.4
39,30121,0.4
39,30122,0.4
39,30123,0.4
39,30124,0.4
39,30125,0.4
39,30126,0.4
39,30127,0.4
39,30128,0.4
39,30129,0.4
39,30130,0.4
39,30131,0.4
39,30132,0.4
39,30133,0.4
39,30134,0.4
39,30135,0.4
39,30136,0.4
39,30137,0.4
39,30138,0.4
39,30139,0.4
39,30140,0.0
39,30141,0.0
39,30142,0.0
39,30143,0.0
39,30144,0.0
39,30145,0.0
39,30146,0.0
39,30147,0.0
39,30148,0.0
39,30201,0.0
39,30202,0.0
39,30203,0.0
39,30204,0.0
39,30205,0.0
39,30206,0.0
39,30207,0.0
39,30208,0.0
39,30209,0.0
39,30210,0.0
39,30211,0.0
39,30212,0.0
39,30213,0.0
39,30214,0.0
39,30215,0.0
39,30216,0.0
39,30217,0.0
39,30218,0.0
39,30219,0.0
39,30220,0.4
39,30221,0.4
39,30222,0.4
39,30223,0.4
39,30224,0.4
39,30225,0.4
39,30226,0.4
39,30227,0.4
39,30228,0.4
39,30229,0.4
39,30230,0.4
39,30231,0.4
39,30232,0.4
39,30233,0.4
39,30234,0.4
39,30235,0.4
39,30236,0.4
39,30237,0.4
39,30238,0.4
39,30239,0.4
39,30240,0.0
39,30241,0.0
39,30242,0.0
39,30243,0.0
39,30244,0.0
39,30245,0.0
39,30246,0.0
39,30247,0.0
39,30248,0.0
39,30301,0.0
39,30302,0.0
39,30303,0.0
39,30304,0.0
39,30305,0.0
39,30306,0.0
39,30307,0.0
39,30308,0.0
39,30309,0.0
39,30310,0.0
39,30311,0.0
39,30312,0.0
39,30313,0.0
39,30314,0.0
39,30315,0.0
39,30316,0.0
39,30317,0.0
39,30318,0.0
39,30319,0.0
39,30320,0.4
39,30321,0.4
39,30322,0.4
39,30323,0.4
39,30324,0.4
39,30325,0.4
39,30326,0.4
39,30327,0.4
39,30328,0.4
39,30329,0.4
39,30330,0.4
39,30331,0.4
39,30332,0.4
39,30333,0.4
39,30334,0.4
39,30335,0.4
39,30336,0.4
39,30337,0.4
39,30338,0.4
39,30339,0.4
39,30340,0.0
39,30341,0.0
39,30342,0.0
39,30343,0.0
39,30344,0.0
39,30345,0.0
39,30346,0.0
39,30347,0.0
39,30348,0.0
39,30401,0.0
39,30402,0.0
39,30403,0.0
39,30404,0.0
39,30405,0.0
39,30406,0.0
39,30407,0.0
39,30408,0.0
39,30409,0.0
39,30410,0.0
39,30411,0.0
39,30412,0.0
39,30413,0.0
39,30414,0.0
39,30415,0.0
39,30416,0.0
39,30417,0.0
39,30418,0.0
39,30419,0.0
39,30420,0.4
39,30421,0.4
39,30422,0.4
39,30423,0.4
39,30424,0.4
39,30425,0.4
39,30426,0.4
39,30427,0.4
39,30428,0.4
39,30429,0.4
39,30430,0.4
39,30431,0.4
39,30432,0.4
39,30433,0.4
39,30434,0.4
39,30435,0.4
39,30436,0.4
39,30437,0.4
39,30438,0.4
39,30439,0.4
39,30440,0.0
39,30441,0.0
39,30442,0.0
39,30443,0.0
39,30444,0.0
39,30445,0.0
39,30446,0.0
39,30447,0.0
39,30448,0.0
39,30501,0.0
39,30502,0.0
39,30503,0.0
39,30504,0.0
39,30505,0.0
39,30506,0.0
39,30507,0.0
39,30508,0.0
39,30509,0.0
39,30510,0.0
39,30511,0.0
39,30512,0.0
39,30513,0.0
39,30514,0.0
39,30515,0.0
39,30516,0.0
39,30517,0.0
39,30518,0.0
39,30519,0.0
39,30520,0.4
39,30521,0.4
39,30522,0.4
39,30523,0.4
39,30524,0.4
39,30525,0.4
39,30526,0.4
39,30527,0.4
39,30528,0.4
39,30529,0.4
39,30530,0.4
39,30531,0.4
39,30532,0.4
39,30533,0.4
39,30534,0.4
39,30535,0.4
39,30536,0.4
39,30537,0.4
39,30538,0.4
39,30539,0.4
39,30540,0.0
39,30541,0.0
39,30542,0.0
39,30543,0.0
39,30544,0.0
39,30545,0.0
39,30546,0.0
39,30547,0.0
39,30548,0.0
39,30601,0.0
39,30602,0.0
39,30603,0.0
39,30604,0.0
39,30605,0.0
39,30606,0.0
39,30607,0.0
39,30608,0.0
39,30609,0.0
39,30610,0.0
39,30611,0.0
39,30612,0.0
39,30613,0.0
39,30614,0.0
39,30615,0.0
39,30616,0.0
39,30617,0.0
39,30618,0.0
39,30619,0.0
39,30620,0.4
39,30621,0.4
39,30622,0.4
39,30623,0.4
39,30624,0.4
39,30625,0.4
39,30626,0.4
39,30627,0.4
39,30628,0.4
39,30629,0.4
39,30630,0.4
39,30631,0.4
39,30632,0.4
39,30633,0.4
39,30634,0.4
39,30635,0.4
39,30636,0.4
39,30637,0.4
39,30638,0.4
39,30639,0.4
39,30640,0.0
39,30641,0.0
39,30642,0.0
39,30643,0.0
39,30644,0.0
39,30645,0.0
39,30646,0.0
39,30647,0.0
39,30648,0.0
39,30701,0.0
39,30702,0.0
39,30703,0.0
39,30704,0.0
39,30705,0.0
39,30706,0.0
39,30707,0.0
39,30708,0.0
39,30709,0.0
39,30710,0.0
39,30711,0.0
39,30712,0.0
39,30713,0.0
39,30714,0.0
39,30715,0.0
39,30716,0.0
39,30717,0.0
39,30718,0.0
39,30719,0.0
39,30720,0.41
39,30721,0.41
39,30722,0.41
39,30723,0.41
39,30724,0.41
39,30725,0.41
39,30726,0.41
39,30727,0.41
39,30728,0.41
39,30729,0.41
39,30730,0.41
39,30731,0.41
39,30732,0.41
39,30733,0.41
39,30734,0.41
39,30735,0.41
39,30736,0.41
39,30737,0.41
39,30738,0.41
39,30739,0.41
39,30740,0.0
39,30741,0.0
39,30742,0.0
39,30743,0.0
39,30744,0.0
39,30745,0.0
39,30746,0.0
39,30747,0.0
39,30748,0.0
39,30801,0.0
39,30802,0.0
39,30803,0.0
39,30804,0.0
39,30805,0.0
39,30806,0.0
39,30807,0.0
39,30808,0.0
39,30809,0.0
39,30810,0.0
39,30811,0.0
39,30812,0.0
39,30813,0.0
39,30814,0.0
39,30815,0.0
39,30816,0.0
39,30817,0.0
39,30818,0.0
39,30819,0.0
39,30820,0.41
39,30821,0.41
39,30822,0.41
39,30823,0.41
39,30824,0.41
39,30825,0.41
39,30826,0.41
39,30827,0.41
39,30828,0.41
39,30829,0.41
39,30830,0.41
39,30831,0.41
39,30832,0.41
39,30833,0.41
39,30834,0.41
39,30835,0.41
39,30836,0.41
39,30837,0.41
39,30838,0.41
39,30839,0.41
39,30840,0.0
39,30841,0.0
39,30842,0.0
39,30843,0.0
39,30844,0.0
39,30845,0.0
39,30846,0.0
39,30847,0.0
39,30848,0.0
39,30901,0.0
39,30902,0.0
39,30903,0.0
39,30904,0.0
39,30905,0.0
39,30906,0.0
39,30907,0.0
39,30908,0.0
39,30909,0.0
39,30910,0.0
39,30911,0.0
39,30912,0.0
39,30913,0.0
39,30914,0.0
39,30915,0.0
39,30916,0.0
39,30917,0.0
39,30918,0.0
39,30919,0.0
39,30920,0.41
39,30921,0.41
39,30922,0.41
39,30923,0.41
39,30924,0.41
39,30925,0.41
39,30926,0.41
39,30927,0.41
39,30928,0.41
39,30929,0.41
39,30930,0.41
39,30931,0.41
39,30932,0.41
39,30933,0.41
39,30934,0.41
39,30935,0.41
39,30936,0.41
39,30937,0.41
39,30938,0.41
39,30939,0.41
39,30940,0.0
39,30941,0.0
39,30942,0.0
39,30943,0.0
39,30944,0.0
39,30945,0.0
39,30946,0.0
39,30947,0.0
39,30948,0.0
39,31001,0.0
39,31002,0.0
39,31003,0.0
39,31004,0.0
39,31005,0.0
39,31006,0.0
39,31007,0.0
39,31008,0.0
39,31009,0.0
39,31010,0.0
39,31011,0.0
39,31012,0.0
39,31013,0.0
39,31014,0.0
39,31015,0.0
39,31016,0.0
39,31017,0.0
39,31018,0.0
39,31019,0.0
39,31020,0.41
39,31021,0.41
39,31022,0.41
39,31023,0.41
39,31024,0.41
39,31025,0.41
39,31026,0.41
39,31027,0.41
39,31028,0.41
39,31029,0.41
39,31030,0.41
39,31031,0.41
39,31032,0.41
39,31033,0.41
39,31034,0.41
39,31035,0.41
39,31036,0.41
39,31037,0.41
39,31038,0.41
39,31039,0.41
39,31040,0.0
39,31041,0.0
39,31042,0.0
39,31043,0.0
39,31044,0.0
39,31045,0.0
39,31046,0.0
39,31047,0.0
39,31048,0.0
39,31101,0.0
39,31102,0.0
39,31103,0.0
39,31104,0.0
39,31105,0.0
39,31106,0.0
39,31107,0.0
39,31108,0.0
39,31109,0.0
39,31110,0.0
39,31111,0.0
39,31112,0.0
39,31113,0.0
39,31114,0.0
39,31115,0.0
39,31116,0.0
39,31117,0.0
39,31118,0.0
39,31119,0.0
39,31120,0.41
39,31121,0.41
39,31122,0.41
39,31123,0.41
39,31124,0.41
39,31125,0.41
39,31126,0.41
39,31127,0.41
39,31128,0.41
39,31129,0.41
39,31130,0.41
39,31131,0.41
39,31132,0.41
39,31133,0.41
39,31134,0.41
39,31135,0.41
39,31136,0.41
39,31137,0.41
39,31138,0.41
39,31139,0.41
39,31140,0.0
39,31141,0.0
39,31142,0.0
39,31143,0.0
39,31144,0.0
39,31145,0.0
39,31146,0.0
39,31147,0.0
39,31148,0.0
39,31201,0.0
39,31202,0.0
39,31203,0.0
39,31204,0.0
39,31205,0.0
39,31206,0.0
39,31207,0.0
39,31208,0.0
39,31209,0.0
39,31210,0.0
39,31211,0.0
39,31212,0.0
39,31213,0.0
39,31214,0.0
39,31215,0.0
39,31216,0.0
39,31217,0.0
39,31218,0.0
39,31219,0.0
39,31220,0.41
39,31221,0.41
39,31222,0.41
39,31223,0.41
39,31224,0.41
39,31225,0.41
39,31226,0.41
39,31227,0.41
39,31228,0.41
39,31229,0.41
39,31230,0.41
39,31231,0.41
39,31232,0.41
39,31233,0.41
39,31234,0.41
39,31235,0.41
39,31236,0.41
39,31237,0.41
39,31238,0.41
39,31239,0.41
39,31240,0.0
39,31241,0.0
39,31242,0.0
39,31243,0.0
39,31244,0.0
39,31245,0.0
39,31246,0.0
39,31247,0.0
39,31248,0.0
39,31301,0.0
39,31302,0.0
39,31303,0.0
39,31304,0.0
39,31305,0.0
39,31306,0.0
39,31307,0.0
39,31308,0.0
39,31309,0.0
39,31310,0.0
39,31311,0.0
39,31312,0.0
39,31313,0.0
39,31314,0.0
39,31315,0.0
39,31316,0.0
39,31317,0.0
39,31318,0.0
39,31319,0.0
39,31320,0.41
39,31321,0.41
39,31322,0.41
39,31323,0.41
39,31324,0.41
39,31325,0.41
39,31326,0.41
39,31327,0.41
39,31328,0.41
39,31329,0.41
39,31330,0.41
39,31331,0.41
39,31332,0.41
39,31333,0.41
39,31334,0.41
39,31335,0.41
39,31336,0.41
39,31337,0.41
39,31338,0.41
39,31339,0.41
39,31340,0.0
39,31341,0.0
39,31342,0.0
39,31343,0.0
39,31344,0.0
39,31345,0.0
39,31346,0.0
39,31347,0.0
39,31348,0.0
39,31401,0.0
39,31402,0.0
39,31403,0.0
39,31404,0.0
39,31405,0.0
39,31406,0.0
39,31407,0.0
39,31408,0.0
39,31409,0.0
39,31410,0.0
39,31411,0.0
39,31412,0.0
39,31413,0.0
39,31414,0.0
39,31415,0.0
39,31416,0.0
39,31417,0.0
39,31418,0.0
39,31419,0.41
39,31420,0.41
39,31421,0.41
39,31422,0.41
39,31423,0.41
39,31424,0.41
39,31425,0.41
39,31426,0.41
39,31427,0.41
39,31428,0.41
39,31429,0.41
39,31430,0.41
39,31431,0.41
39,31432,0.41
39,31433,0.41
39,31434,0.41
39,31435,0.41
39,31436,0.41
39,31437,0.41
39,31438,0.41
39,31439,0.41
39,31440,0.0
39,31441,0.0
39,31442,0.0
39,31443,0.0
39,31444,0.0
39,31445,0.0
39,31446,0.0
39,31447,0.0
39,31448,0.0
39,31501,0.0
39,31502,0.0
39,31503,0.0
39,31504,0.0
39,31505,0.0
39,31506,0.0
39,31507,0.0
39,31508,0.0
39,31509,0.0
39,31510,0.0
39,31511,0.0
39,31512,0.0
39,31513,0.0
39,31514,0.0
39,31515,0.0
39,31516,0.0
39,31517,0.0
39,31518,0.0
39,31519,0.41
39,31520,0.41
39,31521,0.41
39,31522,0.41
39,31523,0.41
39,31524,0.41
39,31525,0.41
39,31526,0.41
39,31527,0.41
39,31528,0.41
39,31529,0.41
39,31530,0.41
39,31531,0.41
39,31532,0.41
39,31533,0.41
39,31534,0.41
39,31535,0.41
39,31536,0.41
39,31537,0.41
39,31538,0.41
39,31539,0.41
39,31540,0.0
39,31541,0.0
39,31542,0.0
39,31543,0.0
39,31544,0.0
39,31545,0.0
39,31546,0.0
39,31547,0.0
39,31548,0.0
39,31601,0.0
39,31602,0.0
39,31603,0.0
39,31604,0.0
39,31605,0.0
39,31606,0.0
39,31607,0.0
39,31608,0.0
39,31609,0.0
39,31610,0.0
39,31611,0.0
39,31612,0.0
39,31613,0.0
39,31614,0.0
39,31615,0.0
39,31616,0.0
39,31617,0.0
39,31618,0.0
39,31619,0.41
39,31620,0.41
39,31621,0.41
39,31622,0.41
39,31623,0.41
39,31624,0.41
39,31625,0.41
39,31626,0.41
39,31627,0.41
39,31628,0.41
39,31629,0.41
39,31630,0.41
39,31631,0.41
39,31632,0.41
39,31633,0.41
39,31634,0.41
39,31635,0.41
39,31636,0.41
39,31637,0.41
39,31638,0.41
39,31639,0.41
39,31640,0.0
39,31641,0.0
39,31642,0.0
39,31643,0.0
39,31644,0.0
39,31645,0.0
39,31646,0.0
39,31647,0.0
39,31648,0.0
39,31701,0.0
39,31702,0.0
39,31703,0.0
39,31704,0.0
39,31705,0.0
39,31706,0.0
39,31707,0.0
39,31708,0.0
39,31709,0.0
39,31710,0.0
39,31711,0.0
39,31712,0.0
39,31713,0.0
39,31714,0.0
39,31715,0.0
39,31716,0.0
39,31717,0.0
39,31718,0.0
39,31719,0.41
39,31720,0.41
39,31721,0.41
39,31722,0.41
39,31723,0.41
39,31724,0.41
39,31725,0.41
39,31726,0.41
39,31727,0.41
39,31728,0.41
39,31729,0.41
39,31730,0.41
39,31731,0.41
39,31732,0.41
39,31733,0.41
39,31734,0.41
39,31735,0.41
39,31736,0.41
39,31737,0.41
39,31738,0.41
39,31739,0.41
39,31740,0.0
39,31741,0.0
39,31742,0.0
39,31743,0.0
39,31744,0.0
39,31745,0.0
39,31746,0.0
39,31747,0.0
39,31748,0.0
39,31801,0.0
39,31802,0.0
39,31803,0.0
39,31804,0.0
39,31805,0.0
39,31806,0.0
39,31807,0.0
39,31808,0.0
39,31809,0.0
39,31810,0.0
39,31811,0.0
39,31812,0.0
39,31813,0.0
39,31814,0.0
39,31815,0.0
39,31816,0.0
39,31817,0.0
39,31818,0.0
39,31819,0.41
39,31820,0.41
39,31821,0.41
39,31822,0.41
39,31823,0.41
39,31824,0.41
39,31825,0.41
39,31826,0.41
39,31827,0.41
39,31828,0.41
39,31829,0.41
39,31830,0.41
39,31831,0.41
39,31832,0.41
39,31833,0.41
39,31834,0.41
39,31835,0.41
39,31836,0.41
39,31837,0.41
39,31838,0.41
39,31839,0.41
39,31840,0.0
39,31841,0.0
39,31842,0.0
39,31843,0.0
39,31844,0.0
39,31845,0.0
39,31846,0.0
39,31847,0.0
39,31848,0.0
39,31901,0.0
39,31902,0.0
39,31903,0.0
39,31904,0.0
39,31905,0.0
39,31906,0.0
39,31907,0.0
39,31908,0.0
39,31909,0.0
39,31910,0.0
39,31911,0.0
39,31912,0.0
39,31913,0.0
39,31914,0.0
39,31915,0.0
39,31916,0.0
39,31917,0.0
39,31918,0.0
39,31919,0.41
39,31920,0.41
39,31921,0.41
39,31922,0.41
39,31923,0.41
39,31924,0.41
39,31925,0.41
39,31926,0.41
39,31927,0.41
39,31928,0.41
39,31929,0.41
39,31930,0.41
39,31931,0.41
39,31932,0.41
39,31933,0.41
39,31934,0.41
39,31935,0.41
39,31936,0.41
39,31937,0.41
39,31938,0.41
39,31939,0.41
39,31940,0.0
39,31941,0.0
39,31942,0.0
39,31943,0.0
39,31944,0.0
39,31945,0.0
39,31946,0.0
39,31947,0.0
39,31948,0.0
39,32001,0.0
39,32002,0.0
39,32003,0.0
39,32004,0.0
39,32005,0.0
39,32006,0.0
39,32007,0.0
39,32008,0.0
39,32009,0.0
39,32010,0.0
39,32011,0.0
39,32012,0.0
39,32013,0.0
39,32014,0.0
39,32015,0.0
39,32016,0.0
39,32017,0.0
39,32018,0.0
39,32019,0.41
39,32020,0.41
39,32021,0.41
39,32022,0.41
39,32023,0.41
39,32024,0.41
39,32025,0.41
39,32026,0.41
39,32027,0.41
39,32028,0.41
39,32029,0.41
39,32030,0.41
39,32031,0.41
39,32032,0.41
39,32033,0.41
39,32034,0.41
39,32035,0.41
39,32036,0.41
39,32037,0.41
39,32038,0.41
39,32039,0.41
39,32040,0.0
39,32041,0.0
39,32042,0.0
39,32043,0.0
39,32044,0.0
39,32045,0.0
39,32046,0.0
39,32047,0.0
39,32048,0.0
39,32101,0.0
39,32102,0.0
39,32103,0.0
39,32104,0.0
39,32105,0.0
39,32106,0.0
39,32107,0.0
39,32108,0.0
39,32109,0.0
39,32110,0.0
39,32111,0.0
39,32112,0.0
39,32113,0.0
39,32114,0.0
39,32115,0.0
39,32116,0.0
39,32117,0.0
39,32118,0.0
39,32119,0.39
39,32120,0.39
39,32121,0.39
39,32122,0.39
39,32123,0.39
39,32124,0.39
39,32125,0.39
39,32126,0.39
39,32127,0.39
39,32128,0.39
39,32129,0.39
39,32130,0.39
39,32131,0.39
39,32132,0.39
39,32133,0.39
39,32134,0.39
39,32135,0.39
39,32136,0.39
39,32137,0.39
39,32138,0.39
39,32139,0.39
39,32140,0.0
39,32141,0.0
39,32142,0.0
39,32143,0.0
39,32144,0.0
39,32145,0.0
39,32146,0.0
39,32147,0.0
39,32148,0.0
39,32201,0.0
39,32202,0.0
39,32203,0.0
39,32204,0.0
39,32205,0.0
39,32206,0.0
39,32207,0.0
39,32208,0.0
39,32209,0.0
39,32210,0.0
39,32211,0.0
39,32212,0.0
39,32213,0.0
39,32214,0.0
39,32215,0.0
39,32216,0.0
39,32217,0.0
39,32218,0.0
39,32219,0.39
39,32220,0.39
39,32221,0.39
39,32222,0.39
39,32223,0.39
39,32224,0.39
39,32225,0.39
39,32226,0.39
39,32227,0.39
39,32228,0.39
39,32229,0.39
39,32230,0.39
39,32231,0.39
39,32232,0.39
39,32233,0.39
39,32234,0.39
39,32235,0.39
39,32236,0.39
39,32237,0.39
39,32238,0.39
39,32239,0.39
39,32240,0.0
39,32241,0.0
39,32242,0.0
39,32243,0.0
39,32244,0.0
39,32245,0.0
39,32246,0.0
39,32247,0.0
39,32248,0.0
39,32301,0.0
39,32302,0.0
39,32303,0.0
39,32304,0.0
39,32305,0.0
39,32306,0.0
39,32307,0.0
39,32308,0.0
39,32309,0.0
39,32310,0.0
39,32311,0.0
39,32312,0.0
39,32313,0.0
39,32314,0.0
39,32315,0.0
39,32316,0.0
39,32317,0.0
39,32318,0.0
39,32319,0.39
39,32320,0.39
39,32321,0.39
39,32322,0.39
39,32323,0.39
39,32324,0.39
39,32325,0.39
39,32326,0.39
39,32327,0.39
39,32328,0.39
39,32329,0.39
39,32330,0.39
39,32331,0.39
39,32332,0.39
39,32333,0.39
39,32334,0.39
39,32335,0.39
39,32336,0.39
39,32337,0.39
39,32338,0.39
39,32339,0.39
39,32340,0.0
39,32341,0.0
39,32342,0.0
39,32343,0.0
39,32344,0.0
39,32345,0.0
39,32346,0.0
39,32347,0.0
39,32348,0.0
39,32401,0.0
39,32402,0.0
39,32403,0.0
39,32404,0.0
39,32405,0.0
39,32406,0.0
39,32407,0.0
39,32408,0.0
39,32409,0.0
39,32410,0.0
39,32411,0.0
39,32412,0.0
39,32413,0.0
39,32414,0.0
39,32415,0.0
39,32416,0.0
39,32417,0.0
39,32418,0.0
39,32419,0.39
39,32420,0.39
39,32421,0.39
39,32422,0.39
39,32423,0.39
39,32424,0.39
39,32425,0.39
39,32426,0.39
39,32427,0.39
39,32428,0.39
39,32429,0.39
39,32430,0.39
39,32431,0.39
39,32432,0.39
39,32433,0.39
39,32434,0.39
39,32435,0.39
39,32436,0.39
39,32437,0.39
39,32438,0.39
39,32439,0.39
39,32440,0.0
39,32441,0.0
39,32442,0.0
39,32443,0.0
39,32444,0.0
39,32445,0.0
39,32446,0.0
39,32447,0.0
39,32448,0.0
39,32501,0.0
39,32502,0.0
39,32503,0.0
39,32504,0.0
39,32505,0.0
39,32506,0.0
39,32507,0.0
39,32508,0.0
39,32509,0.0
39,32510,0.0
39,32511,0.0
39,32512,0.0
39,32513,0.0
39,32514,0.0
39,32515,0.0
39,32516,0.0
39,32517,0.0
39,32518,0.0
39,32519,0.39
39,32520,0.39
39,32521,0.39
39,32522,0.39
39,32523,0.39
39,32524,0.39
39,32525,0.39
39,32526,0.39
39,32527,0.39
39,32528,0.39
39,32529,0.39
39,32530,0.39
39,32531,0.39
39,32532,0.39
39,32533,0.39
39,32534,0.39
39,32535,0.39
39,32536,0.39
39,32537,0.39
39,32538,0.39
39,32539,0.39
39,32540,0.0
39,32541,0.0
39,32542,0.0
39,32543,0.0
39,32544,0.0
39,32545,0.0
39,32546,0.0
39,32547,0.0
39,32548,0.0
39,32601,0.0
39,32602,0.0
39,32603,0.0
39,32604,0.0
39,32605,0.0
39,32606,0.0
39,32607,0.0
39,32608,0.0
39,32609,0.0
39,32610,0.0
39,32611,0.0
39,32612,0.0
39,32613,0.0
39,32614,0.0
39,32615,0.0
39,32616,0.0
39,32617,0.0
39,32618,0.0
39,32619,0.39
39,32620,0.39
39,32621,0.39
39,32622,0.39
39,32623,0.39
39,32624,0.39
39,32625,0.39
39,32626,0.39
39,32627,0.39
39,32628,0.39
39,32629,0.39
39,32630,0.39
39,32631,0.39
39,32632,0.39
39,32633,0.39
39,32634,0.39
39,32635,0.39
39,32636,0.39
39,32637,0.39
39,32638,0.39
39,32639,0.39
39,32640,0.0
39,32641,0.0
39,32642,0.0
39,32643,0.0
39,32644,0.0
39,32645,0.0
39,32646,0.0
39,32647,0.0
39,32648,0.0
39,32701,0.0
39,32702,0.0
39,32703,0.0
39,32704,0.0
39,32705,0.0
39,32706,0.0
39,32707,0.0
39,32708,0.0
39,32709,0.0
39,32710,0.0
39,32711,0.0
39,32712,0.0
39,32713,0.0
39,32714,0.0
39,32715,0.0
39,32716,0.0
39,32717,0.0
39,32718,0.0
39,32719,0.39
39,32720,0.39
39,32721,0.39
39,32722,0.39
39,32723,0.39
39,32724,0.39
39,32725,0.39
39,32726,0.39
39,32727,0.39
39,32728,0.39
39,32729,0.39
39,32730,0.39
39,32731,0.39
39,32732,0.39
39,32733,0.39
39,32734,0.39
39,32735,0.39
39,32736,0.39
39,32737,0.39
39,32738,0.39
39,32739,0.39
39,32740,0.0
39,32741,0.0
39,32742,0.0
39,32743,0.0
39,32744,0.0
39,32745,0.0
39,32746,0.0
39,32747,0.0
39,32748,0.0
39,32801,0.0
39,32802,0.0
39,32803,0.0
39,32804,0.0
39,32805,0.0
39,32806,0.0
39,32807,0.0
39,32808,0.0
39,32809,0.0
39,32810,0.0
39,32811,0.0
39,32812,0.0
39,32813,0.0
39,32814,0.0
39,32815,0.0
39,32816,0.0
39,32817,0.0
39,32818,0.0
39,32819,0.35
39,32820,0.35
39,32821,0.35
39,32822,0.35
39,32823,0.35
39,32824,0.35
39,32825,0.35
39,32826,0.35
39,32827,0.35
39,32828,0.35
39,32829,0.35
39,32830,0.35
39,32831,0.35
39,32832,0.35
39,32833,0.35
39,32834,0.35
39,32835,0.35
39,32836,0.35
39,32837,0.35
39,32838,0.35
39,32839,0.35
39,32840,0.0
39,32841,0.0
39,32842,0.0
39,32843,0.0
39,32844,0.0
39,32845,0.0
39,32846,0.0
39,32847,0.0
39,32848,0.0
39,32901,0.0
39,32902,0.0
39,32903,0.0
39,32904,0.0
39,32905,0.0
39,32906,0.0
39,32907,0.0
39,32908,0.0
39,32909,0.0
39,32910,0.0
39,32911,0.0
39,32912,0.0
39,32913,0.0
39,32914,0.0
39,32915,0.0
39,32916,0.0
39,32917,0.0
39,32918,0.0
39,32919,0.35
39,32920,0.35
39,32921,0.35
39,32922,0.35
39,32923,0.35
39,32924,0.35
39,32925,0.35
39,32926,0.35
39,32927,0.35
39,32928,0.35
39,32929,0.35
39,32930,0.35
39,32931,0.35
39,32932,0.35
39,32933,0.35
39,32934,0.35
39,32935,0.35
39,32936,0.35
39,32937,0.35
39,32938,0.35
39,32939,0.35
39,32940,0.35
39,32941,0.0
39,32942,0.0
39,32943,0.0
39,32944,0.0
39,32945,0.0
39,32946,0.0
39,32947,0.0
39,32948,0.0
39,33001,0.0
39,33002,0.0
39,33003,0.0
39,33004,0.0
39,33005,0.0
39,33006,0.0
39,33007,0.0
39,33008,0.0
39,33009,0.0
39,33010,0.0
39,33011,0.0
39,33012,0.0
39,33013,0.0
39,33014,0.0
39,33015,0.0
39,33016,0.0
39,33017,0.0
39,33018,0.0
39,33019,0.35
39,33020,0.35
39,33021,0.35
39,33022,0.35
39,33023,0.35
39,33024,0.35
39,33025,0.35
39,33026,0.35
39,33027,0.35
39,33028,0.35
39,33029,0.35
39,33030,0.35
39,33031,0.35
39,33032,0.35
39,33033,0.35
39,33034,0.35
39,33035,0.35
39,33036,0.35
39,33037,0.35
39,33038,0.35
39,33039,0.35
39,33040,0.35
39,33041,0.0
39,33042,0.0
39,33043,0.0
39,33044,0.0
39,33045,0.0
39,33046,0.0
39,33047,0.0
39,33048,0.0
39,33101,0.0
39,33102,0.0
39,33103,0.0
39,33104,0.0
39,33105,0.0
39,33106,0.0
39,33107,0.0
39,33108,0.0
39,33109,0.0
39,33110,0.0
39,33111,0.0
39,33112,0.0
39,33113,0.0
39,33114,0.0
39,33115,0.0
39,33116,0.0
39,33117,0.0
39,33118,0.0
39,33119,0.35
39,33120,0.35
39,33121,0.35
39,33122,0.35
39,33123,0.35
39,33124,0.35
39,33125,0.35
39,33126,0.35
39,33127,0.35
39,33128,0.35
39,33129,0.35
39,33130,0.35
39,33131,0.35
39,33132,0.35
39,33133,0.35
39,33134,0.35
39,33135,0.35
39,33136,0.35
39,33137,0.35
39,33138,0.35
39,33139,0.35
39,33140,0.35
39,33141,0.0
39,33142,0.0
39,33143,0.0
39,33144,0.0
39,33145,0.0
39,33146,0.0
39,33147,0.0
39,33148,0.0
39,33201,0.0
39,33202,0.0
39,33203,0.0
39,33204,0.0
39,33205,0.0
39,33206,0.0
39,33207,0.0
39,33208,0.0
39,33209,0.0
39,33210,0.0
39,33211,0.0
39,33212,0.0
39,33213,0.0
39,33214,0.0
39,33215,0.0
39,33216,0.0
39,33217,0.0
39,33218,0.0
39,33219,0.35
39,33220,0.35
39,33221,0.35
39,33222,0.35
39,33223,0.35
39,33224,0.35
39,33225,0.35
39,33226,0.35
39,33227,0.35
39,33228,0.35
39,33229,0.35
39,33230,0.35
39,33231,0.35
39,33232,0.35
39,33233,0.35
39,33234,0.35
39,33235,0.35
39,33236,0.35
39,33237,0.35
39,33238,0.35
39,33239,0.35
39,33240,0.35
39,33241,0.0
39,33242,0.0
39,33243,0.0
39,33244,0.0
39,33245,0.0
39,33246,0.0
39,33247,0.0
39,33248,0.0
39,33301,0.0
39,33302,0.0
39,33303,0.0
39,33304,0.0
39,33305,0.0
39,33306,0.0
39,33307,0.0
39,33308,0.0
39,33309,0.0
39,33310,0.0
39,33311,0.0
39,33312,0.0
39,33313,0.0
39,33314,0.0
39,33315,0.0
39,33316,0.0
39,33317,0.0
39,33318,0.0
39,33319,0.35
39,33320,0.35
39,33321,0.35
39,33322,0.35
39,33323,0.35
39,33324,0.35
39,33325,0.35
39,33326,0.35
39,33327,0.35
39,33328,0.35
39,33329,0.35
39,33330,0.35
39,33331,0.35
39,33332,0.35
39,33333,0.35
39,33334,0.35
39,33335,0.35
39,33336,0.35
39,33337,0.35
39,33338,0.35
39,33339,0.35
39,33340,0.35
39,33341,0.0
39,33342,0.0
39,33343,0.0
39,33344,0.0
39,33345,0.0
39,33346,0.0
39,33347,0.0
39,33348,0.0
39,33401,0.0
39,33402,0.0
39,33403,0.0
39,33404,0.0
39,33405,0.0
39,33406,0.0
39,33407,0.0
39,33408,0.0
39,33409,0.0
39,33410,0.0
39,33411,0.0
39,33412,0.0
39,33413,0.0
39,33414,0.0
39,33415,0.0
39,33416,0.0
39,33417,0.0
39,33418,0.0
39,33419,0.35
39,33420,0.35
39,33421,0.35
39,33422,0.35
39,33423,0.35
39,33424,0.35
39,33425,0.35
39,33426,0.35
39,33427,0.35
39,33428,0.35
39,33429,0.35
39,33430,0.35
39,33431,0.35
39,33432,0.35
39,33433,0.35
39,33434,0.35
39,33435,0.35
39,33436,0.35
39,33437,0.35
39,33438,0.35
39,33439,0.35
39,33440,0.35
39,33441,0.0
39,33442,0.0
39,33443,0.0
39,33444,0.0
39,33445,0.0
39,33446,0.0
39,33447,0.0
39,33448,0.0
39,33501,0.0
39,33502,0.0
39,33503,0.0
39,33504,0.0
39,33505,0.0
39,33506,0.0
39,33507,0.0
39,33508,0.0
39,33509,0.0
39,33510,0.0
39,33511,0.0
39,33512,0.0
39,33513,0.0
39,33514,0.0
39,33515,0.0
39,33516,0.0
39,33517,0.0
39,33518,0.0
39,33519,0.395
39,33520,0.395
39,33521,0.395
39,33522,0.395
39,33523,0.395
39,33524,0.395
39,33525,0.395
39,33526,0.395
39,33527,0.395
39,33528,0.395
39,33529,0.395
39,33530,0.395
39,33531,0.395
39,33532,0.395
39,33533,0.395
39,33534,0.395
39,33535,0.395
39,33536,0.395
39,33537,0.395
39,33538,0.395
39,33539,0.395
39,33540,0.395
39,33541,0.0
39,33542,0.0
39,33543,0.0
39,33544,0.0
39,33545,0.0
39,33546,0.0
39,33547,0.0
39,33548,0.0
39,33601,0.0
39,33602,0.0
39,33603,0.0
39,33604,0.0
39,33605,0.0
39,33606,0.0
39,33607,0.0
39,33608,0.0
39,33609,0.0
39,33610,0.0
39,33611,0.0
39,33612,0.0
39,33613,0.0
39,33614,0.0
39,33615,0.0
39,33616,0.0
39,33617,0.0
39,33618,0.0
39,33619,0.395
39,33620,0.395
39,33621,0.395
39,33622,0.395
39,33623,0.395
39,33624,0.395
39,33625,0.395
39,33626,0.395
39,33627,0.395
39,33628,0.395
39,33629,0.395
39,33630,0.395
39,33631,0.395
39,33632,0.395
39,33633,0.395
39,33634,0.395
39,33635,0.395
39,33636,0.395
39,33637,0.395
39,33638,0.395
39,33639,0.395
39,33640,0.395
39,33641,0.0
39,33642,0.0
39,33643,0.0
39,33644,0.0
39,33645,0.0
39,33646,0.0
39,33647,0.0
39,33648,0.0
39,33701,0.0
39,33702,0.0
39,33703,0.0
39,33704,0.0
39,33705,0.0
39,33706,0.0
39,33707,0.0
39,33708,0.0
39,33709,0.0
39,33710,0.0
39,33711,0.0
39,33712,0.0
39,33713,0.0
39,33714,0.0
39,33715,0.0
39,33716,0.0
39,33717,0.0
39,33718,0.0
39,33719,0.395
39,33720,0.395
39,33721,0.395
39,33722,0.395
39,33723,0.395
39,33724,0.395
39,33725,0.395
39,33726,0.395
39,33727,0.395
39,33728,0.395
39,33729,0.395
39,33730,0.395
39,33731,0.395
39,33732,0.395
39,33733,0.395
39,33734,0.395
39,33735,0.395
39,33736,0.395
39,33737,0.395
39,33738,0.395
39,33739,0.395
39,33740,0.395
39,33741,0.0
39,33742,0.0
39,33743,0.0
39,33744,0.0
39,33745,0.0
39,33746,0.0
39,33747,0.0
39,33748,0.0
39,33801,0.0
39,33802,0.0
39,33803,0.0
39,33804,0.0
39,33805,0.0
39,33806,0.0
39,33807,0.0
39,33808,0.0
39,33809,0.0
39,33810,0.0
39,33811,0.0
39,33812,0.0
39,33813,0.0
39,33814,0.0
39,33815,0.0
39,33816,0.0
39,33817,0.0
39,33818,0.0
39,33819,0.395
39,33820,0.395
39,33821,0.395
39,33822,0.395
39,33823,0.395
39,33824,0.395
39,33825,0.395
39,33826,0.395
39,33827,0.395
39,33828,0.395
39,33829,0.395
39,33830,0.395
39,33831,0.395
39,33832,0.395
39,33833,0.395
39,33834,0.395
39,33835,0.395
39,33836,0.395
39,33837,0.395
39,33838,0.395
39,33839,0.395
39,33840,0.395
39,33841,0.0
39,33842,0.0
39,33843,0.0
39,33844,0.0
39,33845,0.0
39,33846,0.0
39,33847,0.0
39,33848,0.0
39,33901,0.0
39,33902,0.0
39,33903,0.0
39,33904,0.0
39,33905,0.0
39,33906,0.0
39,33907,0.0
39,33908,0.0
39,33909,0.0
39,33910,0.0
39,33911,0.0
39,33912,0.0
39,33913,0.0
39,33914,0.0
39,33915,0.0
39,33916,0.0
39,33917,0.0
39,33918,0.0
39,33919,0.395
39,33920,0.395
39,33921,0.395
39,33922,0.395
39,33923,0.395
39,33924,0.395
39,33925,0.395
39,33926,0.395
39,33927,0.395
39,33928,0.395
39,33929,0.395
39,33930,0.395
39,33931,0.395
39,33932,0.395
39,33933,0.395
39,33934,0.395
39,33935,0.395
39,33936,0.395
39,33937,0.395
39,33938,0.395
39,33939,0.395
39,33940,0.395
39,33941,0.0
39,33942,0.0
39,33943,0.0
39,33944,0.0
39,33945,0.0
39,33946,0.0
39,33947,0.0
39,33948,0.0
39,34001,0.0
39,34002,0.0
39,34003,0.0
39,34004,0.0
39,34005,0.0
39,34006,0.0
39,34007,0.0
39,34008,0.0
39,34009,0.0
39,34010,0.0
39,34011,0.0
39,34012,0.0
39,34013,0.0
39,34014,0.0
39,34015,0.0
39,34016,0.0
39,34017,0.0
39,34018,0.0
39,34019,0.395
39,34020,0.395
39,34021,0.395
39,34022,0.395
39,34023,0.395
39,34024,0.395
39,34025,0.395
39,34026,0.395
39,34027,0.395
39,34028,0.395
39,34029,0.395
39,34030,0.395
39,34031,0.395
39,34032,0.395
39,34033,0.395
39,34034,0.395
39,34035,0.395
39,34036,0.395
39,34037,0.395
39,34038,0.395
39,34039,0.395
39,34040,0.395
39,34041,0.0
39,34042,0.0
39,34043,0.0
39,34044,0.0
39,34045,0.0
39,34046,0.0
39,34047,0.0
39,34048,0.0
39,34101,0.0
39,34102,0.0
39,34103,0.0
39,34104,0.0
39,34105,0.0
39,34106,0.0
39,34107,0.0
39,34108,0.0
39,34109,0.0
39,34110,0.0
39,34111,0.0
39,34112,0.0
39,34113,0.0
39,34114,0.0
39,34115,0.0
39,34116,0.0
39,34117,0.0
39,34118,0.0
39,34119,0.395
39,34120,0.395
39,34121,0.395
39,34122,0.395
39,34123,0.395
39,34124,0.395
39,34125,0.395
39,34126,0.395
39,34127,0.395
39,34128,0.395
39,34129,0.395
39,34130,0.395
39,34131,0.395
39,34132,0.395
39,34133,0.395
39,34134,0.395
39,34135,0.395
39,34136,0.395
39,34137,0.395
39,34138,0.395
39,34139,0.395
39,34140,0.395
39,34141,0.0
39,34142,0.0
39,34143,0.0
39,34144,0.0
39,34145,0.0
39,34146,0.0
39,34147,0.0
39,34148,0.0
39,34201,0.0
39,34202,0.0
39,34203,0.0
39,34204,0.0
39,34205,0.0
39,34206,0.0
39,34207,0.0
39,34208,0.0
39,34209,0.0
39,34210,0.0
39,34211,0.0
39,34212,0.0
39,34213,0.0
39,34214,0.0
39,34215,0.0
39,34216,0.0
39,34217,0.0
39,34218,0.0
39,34219,0.39
39,34220,0.39
39,34221,0.39
39,34222,0.39
39,34223,0.39
39,34224,0.39
39,34225,0.39
39,34226,0.39
39,34227,0.39
39,34228,0.39
39,34229,0.39
39,34230,0.39
39,34231,0.39
39,34232,0.39
39,34233,0.39
39,34234,0.39
39,34235,0.39
39,34236,0.39
39,34237,0.39
39,34238,0.39
39,34239,0.39
39,34240,0.39
39,34241,0.0
39,34242,0.0
39,34243,0.0
39,34244,0.0
39,34245,0.0
39,34246,0.0
39,34247,0.0
39,34248,0.0
39,34301,0.0
39,34302,0.0
39,34303,0.0
39,34304,0.0
39,34305,0.0
39,34306,0.0
39,34307,0.0
39,34308,0.0
39,34309,0.0
39,34310,0.0
39,34311,0.0
39,34312,0.0
39,34313,0.0
39,34314,0.0
39,34315,0.0
39,34316,0.0
39,34317,0.0
39,34318,0.0
39,34319,0.39
39,34320,0.39
39,34321,0.39
39,34322,0.39
39,34323,0.39
39,34324,0.39
39,34325,0.39
39,34326,0.39
39,34327,0.39
39,34328,0.39
39,34329,0.39
39,34330,0.39
39,34331,0.39
39,34332,0.39
39,34333,0.39
39,34334,0.39
39,34335,0.39
39,34336,0.39
39,34337,0.39
39,34338,0.39
39,34339,0.39
39,34340,0.39
39,34341,0.0
39,34342,0.0
39,34343,0.0
39,34344,0.0
39,34345,0.0
39,34346,0.0
39,34347,0.0
39,34348,0.0
39,34401,0.0
39,34402,0.0
39,34403,0.0
39,34404,0.0
39,34405,0.0
39,34406,0.0
39,34407,0.0
39,34408,0.0
39,34409,0.0
39,34410,0.0
39,34411,0.0
39,34412,0.0
39,34413,0.0
39,34414,0.0
39,34415,0.0
39,34416,0.0
39,34417,0.0
39,34418,0.0
39,34419,0.39
39,34420,0.39
39,34421,0.39
39,34422,0.39
39,34423,0.39
39,34424,0.39
39,34425,0.39
39,34426,0.39
39,34427,0.39
39,34428,0.39
39,34429,0.39
39,34430,0.39
39,34431,0.39
39,34432,0.39
39,34433,0.39
39,34434,0.39
39,34435,0.39
39,34436,0.39
39,34437,0.39
39,34438,0.39
39,34439,0.39
39,34440,0.39
39,34441,0.0
39,34442,0.0
39,34443,0.0
39,34444,0.0
39,34445,0.0
39,34446,0.0
39,34447,0.0
39,34448,0.0
39,34501,0.0
39,34502,0.0
39,34503,0.0
39,34504,0.0
39,34505,0.0
39,34506,0.0
39,34507,0.0
39,34508,0.0
39,34509,0.0
39,34510,0.0
39,34511,0.0
39,34512,0.0
39,34513,0.0
39,34514,0.0
39,34515,0.0
39,34516,0.0
39,34517,0.0
39,34518,0.39
39,34519,0.39
39,34520,0.39
39,34521,0.39
39,34522,0.39
39,34523,0.39
39,34524,0.39
39,34525,0.39
39,34526,0.39
39,34527,0.39
39,34528,0.39
39,34529,0.39
39,34530,0.39
39,34531,0.39
39,34532,0.39
39,34533,0.39
39,34534,0.39
39,34535,0.39
39,34536,0.39
39,34537,0.39
39,34538,0.39
39,34539,0.39
39,34540,0.39
39,34541,0.0
39,34542,0.0
39,34543,0.0
39,34544,0.0
39,34545,0.0
39,34546,0.0
39,34547,0.0
39,34548,0.0
39,34601,0.0
39,34602,0.0
39,34603,0.0
39,34604,0.0
39,34605,0.0
39,34606,0.0
39,34607,0.0
39,34608,0.0
39,34609,0.0
39,34610,0.0
39,34611,0.0
39,34612,0.0
39,34613,0.0
39,34614,0.0
39,34615,0.0
39,34616,0.0
39,34617,0.0
39,34618,0.39
39,34619,0.39
39,34620,0.39
39,34621,0.39
39,34622,0.39
39,34623,0.39
39,34624,0.39
39,34625,0.39
39,34626,0.39
39,34627,0.39
39,34628,0.39
39,34629,0.39
39,34630,0.39
39,34631,0.39
39,34632,0.39
39,34633,0.39
39,34634,0.39
39,34635,0.39
39,34636,0.39
39,34637,0.39
39,34638,0.39
39,34639,0.39
39,34640,0.39
39,34641,0.0
39,34642,0.0
39,34643,0.0
39,34644,0.0
39,34645,0.0
39,34646,0.0
39,34647,0.0
39,34648,0.0
39,34701,0.0
39,34702,0.0
39,34703,0.0
39,34704,0.0
39,34705,0.0
39,34706,0.0
39,34707,0.0
39,34708,0.0
39,34709,0.0
39,34710,0.0
39,34711,0.0
39,34712,0.0
39,34713,0.0
39,34714,0.0
39,34715,0.0
39,34716,0.0
39,34717,0.0
39,34718,0.39
39,34719,0.39
39,34720,0.39
39,34721,0.39
39,34722,0.39
39,34723,0.39
39,34724,0.39
39,34725,0.39
39,34726,0.39
39,34727,0.39
39,34728,0.39
39,34729,0.39
39,34730,0.39
39,34731,0.39
39,34732,0.39
39,34733,0.39
39,34734,0.39
39,34735,0.39
39,34736,0.39
39,34737,0.39
39,34738,0.39
39,34739,0.39
39,34740,0.39
39,34741,0.0
39,34742,0.0
39,34743,0.0
39,34744,0.0
39,34745,0.0
39,34746,0.0
39,34747,0.0
39,34748,0.0
39,34801,0.0
39,34802,0.0
39,34803,0.0
39,34804,0.0
39,34805,0.0
39,34806,0.0
39,34807,0.0
39,34808,0.0
39,34809,0.0
39,34810,0.0
39,34811,0.0
39,34812,0.0
39,34813,0.0
39,34814,0.0
39,34815,0.0
39,34816,0.0
39,34817,0.0
39,34818,0.39
39,34819,0.39
39,34820,0.39
39,34821,0.39
39,34822,0.39
39,34823,0.39
39,34824,0.39
39,34825,0.39
39,34826,0.39
39,34827,0.39
39,34828,0.39
39,34829,0.39
39,34830,0.39
39,34831,0.39
39,34832,0.39
39,34833,0.39
39,34834,0.39
39,34835,0.39
39,34836,0.39
39,34837,0.39
39,34838,0.39
39,34839,0.39
39,34840,0.39
39,34841,0.0
39,34842,0.0
39,34843,0.0
39,34844,0.0
39,34845,0.0
39,34846,0.0
39,34847,0.0
39,34848,0.0
39,34901,0.0
39,34902,0.0
39,34903,0.0
39,34904,0.0
39,34905,0.0
39,34906,0.0
39,34907,0.0
39,34908,0.0
39,34909,0.0
39,34910,0.0
39,34911,0.0
39,34912,0.0
39,34913,0.0
39,34914,0.0
39,34915,0.0
39,34916,0.0
39,34917,0.0
39,34918,0.3920000000000002
39,34919,0.3920000000000002
39,34920,0.3920000000000002
39,34921,0.3920000000000002
39,34922,0.3920000000000002
39,34923,0.3920000000000002
39,34924,0.3920000000000002
39,34925,0.3920000000000002
39,34926,0.3920000000000002
39,34927,0.3920000000000002
39,34928,0.3920000000000002
39,34929,0.3920000000000002
39,34930,0.3920000000000002
39,34931,0.3920000000000002
39,34932,0.3920000000000002
39,34933,0.3920000000000002
39,34934,0.3920000000000002
39,34935,0.3920000000000002
39,34936,0.3920000000000002
39,34937,0.3920000000000002
39,34938,0.3920000000000002
39,34939,0.3920000000000002
39,34940,0.3920000000000002
39,34941,0.0
39,34942,0.0
39,34943,0.0
39,34944,0.0
39,34945,0.0
39,34946,0.0
39,34947,0.0
39,34948,0.0
39,35001,0.0
39,35002,0.0
39,35003,0.0
39,35004,0.0
39,35005,0.0
39,35006,0.0
39,35007,0.0
39,35008,0.0
39,35009,0.0
39,35010,0.0
39,35011,0.0
39,35012,0.0
39,35013,0.0
39,35014,0.0
39,35015,0.0
39,35016,0.0
39,35017,0.0
39,35018,0.3920000000000002
39,35019,0.3920000000000002
39,35020,0.3920000000000002
39,35021,0.3920000000000002
39,35022,0.3920000000000002
39,35023,0.3920000000000002
39,35024,0.3920000000000002
39,35025,0.3920000000000002
39,35026,0.3920000000000002
39,35027,0.3920000000000002
39,35028,0.3920000000000002
39,35029,0.3920000000000002
39,35030,0.3920000000000002
39,35031,0.3920000000000002
39,35032,0.3920000000000002
39,35033,0.3920000000000002
39,35034,0.3920000000000002
39,35035,0.3920000000000002
39,35036,0.3920000000000002
39,35037,0.3920000000000002
39,35038,0.3920000000000002
39,35039,0.3920000000000002
39,35040,0.3920000000000002
39,35041,0.0
39,35042,0.0
39,35043,0.0
39,35044,0.0
39,35045,0.0
39,35046,0.0
39,35047,0.0
39,35048,0.0
39,35101,0.0
39,35102,0.0
39,35103,0.0
39,35104,0.0
39,35105,0.0
39,35106,0.0
39,35107,0.0
39,35108,0.0
39,35109,0.0
39,35110,0.0
39,35111,0.0
39,35112,0.0
39,35113,0.0
39,35114,0.0
39,35115,0.0
39,35116,0.0
39,35117,0.0
39,35118,0.3920000000000002
39,35119,0.3920000000000002
39,35120,0.3920000000000002
39,35121,0.3920000000000002
39,35122,0.3920000000000002
39,35123,0.3920000000000002
39,35124,0.3920000000000002
39,35125,0.3920000000000002
39,35126,0.3920000000000002
39,35127,0.3920000000000002
39,35128,0.3920000000000002
39,35129,0.3920000000000002
39,35130,0.3920000000000002
39,35131,0.3920000000000002
39,35132,0.3920000000000002
39,35133,0.3920000000000002
39,35134,0.3920000000000002
39,35135,0.3920000000000002
39,35136,0.3920000000000002
39,35137,0.3920000000000002
39,35138,0.3920000000000002
39,35139,0.3920000000000002
39,35140,0.3920000000000002
39,35141,0.0
39,35142,0.0
39,35143,0.0
39,35144,0.0
39,35145,0.0
39,35146,0.0
39,35147,0.0
39,35148,0.0
39,35201,0.0
39,35202,0.0
39,35203,0.0
39,35204,0.0
39,35205,0.0
39,35206,0.0
39,35207,0.0
39,35208,0.0
39,35209,0.0
39,35210,0.0
39,35211,0.0
39,35212,0.0
39,35213,0.0
39,35214,0.0
39,35215,0.0
39,35216,0.0
39,35217,0.0
39,35218,0.3920000000000002
39,35219,0.3920000000000002
39,35220,0.3920000000000002
39,35221,0.3920000000000002
39,35222,0.3920000000000002
39,35223,0.3920000000000002
39,35224,0.3920000000000002
39,35225,0.3920000000000002
39,35226,0.3920000000000002
39,35227,0.3920000000000002
39,35228,0.3920000000000002
39,35229,0.3920000000000002
39,35230,0.3920000000000002
39,35231,0.3920000000000002
39,35232,0.3920000000000002
39,35233,0.3920000000000002
39,35234,0.3920000000000002
39,35235,0.3920000000000002
39,35236,0.3920000000000002
39,35237,0.3920000000000002
39,35238,0.3920000000000002
39,35239,0.3920000000000002
39,35240,0.3920000000000002
39,35241,0.0
39,35242,0.0
39,35243,0.0
39,35244,0.0
39,35245,0.0
39,35246,0.0
39,35247,0.0
39,35248,0.0
39,35301,0.0
39,35302,0.0
39,35303,0.0
39,35304,0.0
39,35305,0.0
39,35306,0.0
39,35307,0.0
39,35308,0.0
39,35309,0.0
39,35310,0.0
39,35311,0.0
39,35312,0.0
39,35313,0.0
39,35314,0.0
39,35315,0.0
39,35316,0.0
39,35317,0.0
39,35318,0.3920000000000002
39,35319,0.3920000000000002
39,35320,0.3920000000000002
39,35321,0.3920000000000002
39,35322,0.3920000000000002
39,35323,0.3920000000000002
39,35324,0.3920000000000002
39,35325,0.3920000000000002
39,35326,0.3920000000000002
39,35327,0.3920000000000002
39,35328,0.3920000000000002
39,35329,0.3920000000000002
39,35330,0.3920000000000002
39,35331,0.3920000000000002
39,35332,0.3920000000000002
39,35333,0.3920000000000002
39,35334,0.3920000000000002
39,35335,0.3920000000000002
39,35336,0.3920000000000002
39,35337,0.3920000000000002
39,35338,0.3920000000000002
39,35339,0.3920000000000002
39,35340,0.3920000000000002
39,35341,0.0
39,35342,0.0
39,35343,0.0
39,35344,0.0
39,35345,0.0
39,35346,0.0
39,35347,0.0
39,35348,0.0
39,35401,0.0
39,35402,0.0
39,35403,0.0
39,35404,0.0
39,35405,0.0
39,35406,0.0
39,35407,0.0
39,35408,0.0
39,35409,0.0
39,35410,0.0
39,35411,0.0
39,35412,0.0
39,35413,0.0
39,35414,0.0
39,35415,0.0
39,35416,0.0
39,35417,0.0
39,35418,0.3920000000000002
39,35419,0.3920000000000002
39,35420,0.3920000000000002
39,35421,0.3920000000000002
39,35422,0.3920000000000002
39,35423,0.3920000000000002
39,35424,0.3920000000000002
39,35425,0.3920000000000002
39,35426,0.3920000000000002
39,35427,0.3920000000000002
39,35428,0.3920000000000002
39,35429,0.3920000000000002
39,35430,0.3920000000000002
39,35431,0.3920000000000002
39,35432,0.3920000000000002
39,35433,0.3920000000000002
39,35434,0.3920000000000002
39,35435,0.3920000000000002
39,35436,0.3920000000000002
39,35437,0.3920000000000002
39,35438,0.3920000000000002
39,35439,0.3920000000000002
39,35440,0.3920000000000002
39,35441,0.0
39,35442,0.0
39,35443,0.0
39,35444,0.0
39,35445,0.0
39,35446,0.0
39,35447,0.0
39,35448,0.0
39,35501,0.0
39,35502,0.0
39,35503,0.0
39,35504,0.0
39,35505,0.0
39,35506,0.0
39,35507,0.0
39,35508,0.0
39,35509,0.0
39,35510,0.0
39,35511,0.0
39,35512,0.0
39,35513,0.0
39,35514,0.0
39,35515,0.0
39,35516,0.0
39,35517,0.0
39,35518,0.3920000000000002
39,35519,0.3920000000000002
39,35520,0.3920000000000002
39,35521,0.3920000000000002
39,35522,0.3920000000000002
39,35523,0.3920000000000002
39,35524,0.3920000000000002
39,35525,0.3920000000000002
39,35526,0.3920000000000002
39,35527,0.3920000000000002
39,35528,0.3920000000000002
39,35529,0.3920000000000002
39,35530,0.3920000000000002
39,35531,0.3920000000000002
39,35532,0.3920000000000002
39,35533,0.3920000000000002
39,35534,0.3920000000000002
39,35535,0.3920000000000002
39,35536,0.3920000000000002
39,35537,0.3920000000000002
39,35538,0.3920000000000002
39,35539,0.3920000000000002
39,35540,0.3920000000000002
39,35541,0.0
39,35542,0.0
39,35543,0.0
39,35544,0.0
39,35545,0.0
39,35546,0.0
39,35547,0.0
39,35548,0.0
39,35601,0.0
39,35602,0.0
39,35603,0.0
39,35604,0.0
39,35605,0.0
39,35606,0.0
39,35607,0.0
39,35608,0.0
39,35609,0.0
39,35610,0.0
39,35611,0.0
39,35612,0.0
39,35613,0.0
39,35614,0.0
39,35615,0.0
39,35616,0.0
39,35617,0.0
39,35618,0.34
39,35619,0.34
39,35620,0.34
39,35621,0.34
39,35622,0.34
39,35623,0.34
39,35624,0.34
39,35625,0.34
39,35626,0.34
39,35627,0.34
39,35628,0.34
39,35629,0.34
39,35630,0.34
39,35631,0.34
39,35632,0.34
39,35633,0.34
39,35634,0.34
39,35635,0.34
39,35636,0.34
39,35637,0.34
39,35638,0.34
39,35639,0.34
39,35640,0.34
39,35641,0.0
39,35642,0.0
39,35643,0.0
39,35644,0.0
39,35645,0.0
39,35646,0.0
39,35647,0.0
39,35648,0.0
39,35701,0.0
39,35702,0.0
39,35703,0.0
39,35704,0.0
39,35705,0.0
39,35706,0.0
39,35707,0.0
39,35708,0.0
39,35709,0.0
39,35710,0.0
39,35711,0.0
39,35712,0.0
39,35713,0.0
39,35714,0.0
39,35715,0.0
39,35716,0.0
39,35717,0.0
39,35718,0.34
39,35719,0.34
39,35720,0.34
39,35721,0.34
39,35722,0.34
39,35723,0.34
39,35724,0.34
39,35725,0.34
39,35726,0.34
39,35727,0.34
39,35728,0.34
39,35729,0.34
39,35730,0.34
39,35731,0.34
39,35732,0.34
39,35733,0.34
39,35734,0.34
39,35735,0.34
39,35736,0.34
39,35737,0.34
39,35738,0.34
39,35739,0.34
39,35740,0.34
39,35741,0.0
39,35742,0.0
39,35743,0.0
39,35744,0.0
39,35745,0.0
39,35746,0.0
39,35747,0.0
39,35748,0.0
39,35801,0.0
39,35802,0.0
39,35803,0.0
39,35804,0.0
39,35805,0.0
39,35806,0.0
39,35807,0.0
39,35808,0.0
39,35809,0.0
39,35810,0.0
39,35811,0.0
39,35812,0.0
39,35813,0.0
39,35814,0.0
39,35815,0.0
39,35816,0.0
39,35817,0.0
39,35818,0.34
39,35819,0.34
39,35820,0.34
39,35821,0.34
39,35822,0.34
39,35823,0.34
39,35824,0.34
39,35825,0.34
39,35826,0.34
39,35827,0.34
39,35828,0.34
39,35829,0.34
39,35830,0.34
39,35831,0.34
39,35832,0.34
39,35833,0.34
39,35834,0.34
39,35835,0.34
39,35836,0.34
39,35837,0.34
39,35838,0.34
39,35839,0.34
39,35840,0.34
39,35841,0.0
39,35842,0.0
39,35843,0.0
39,35844,0.0
39,35845,0.0
39,35846,0.0
39,35847,0.0
39,35848,0.0
39,35901,0.0
39,35902,0.0
39,35903,0.0
39,35904,0.0
39,35905,0.0
39,35906,0.0
39,35907,0.0
39,35908,0.0
39,35909,0.0
39,35910,0.0
39,35911,0.0
39,35912,0.0
39,35913,0.0
39,35914,0.0
39,35915,0.0
39,35916,0.0
39,35917,0.0
39,35918,0.34
39,35919,0.34
39,35920,0.34
39,35921,0.34
39,35922,0.34
39,35923,0.34
39,35924,0.34
39,35925,0.34
39,35926,0.34
39,35927,0.34
39,35928,0.34
39,35929,0.34
39,35930,0.34
39,35931,0.34
39,35932,0.34
39,35933,0.34
39,35934,0.34
39,35935,0.34
39,35936,0.34
39,35937,0.34
39,35938,0.34
39,35939,0.34
39,35940,0.34
39,35941,0.0
39,35942,0.0
39,35943,0.0
39,35944,0.0
39,35945,0.0
39,35946,0.0
39,35947,0.0
39,35948,0.0
39,36001,0.0
39,36002,0.0
39,36003,0.0
39,36004,0.0
39,36005,0.0
39,36006,0.0
39,36007,0.0
39,36008,0.0
39,36009,0.0
39,36010,0.0
39,36011,0.0
39,36012,0.0
39,36013,0.0
39,36014,0.0
39,36015,0.0
39,36016,0.0
39,36017,0.0
39,36018,0.34
39,36019,0.34
39,36020,0.34
39,36021,0.34
39,36022,0.34
39,36023,0.34
39,36024,0.34
39,36025,0.34
39,36026,0.34
39,36027,0.34
39,36028,0.34
39,36029,0.34
39,36030,0.34
39,36031,0.34
39,36032,0.34
39,36033,0.34
39,36034,0.34
39,36035,0.34
39,36036,0.34
39,36037,0.34
39,36038,0.34
39,36039,0.34
39,36040,0.34
39,36041,0.0
39,36042,0.0
39,36043,0.0
39,36044,0.0
39,36045,0.0
39,36046,0.0
39,36047,0.0
39,36048,0.0
39,36101,0.0
39,36102,0.0
39,36103,0.0
39,36104,0.0
39,36105,0.0
39,36106,0.0
39,36107,0.0
39,36108,0.0
39,36109,0.0
39,36110,0.0
39,36111,0.0
39,36112,0.0
39,36113,0.0
39,36114,0.0
39,36115,0.0
39,36116,0.0
39,36117,0.0
39,36118,0.34
39,36119,0.34
39,36120,0.34
39,36121,0.34
39,36122,0.34
39,36123,0.34
39,36124,0.34
39,36125,0.34
39,36126,0.34
39,36127,0.34
39,36128,0.34
39,36129,0.34
39,36130,0.34
39,36131,0.34
39,36132,0.34
39,36133,0.34
39,36134,0.34
39,36135,0.34
39,36136,0.34
39,36137,0.34
39,36138,0.34
39,36139,0.34
39,36140,0.34
39,36141,0.0
39,36142,0.0
39,36143,0.0
39,36144,0.0
39,36145,0.0
39,36146,0.0
39,36147,0.0
39,36148,0.0
39,36201,0.0
39,36202,0.0
39,36203,0.0
39,36204,0.0
39,36205,0.0
39,36206,0.0
39,36207,0.0
39,36208,0.0
39,36209,0.0
39,36210,0.0
39,36211,0.0
39,36212,0.0
39,36213,0.0
39,36214,0.0
39,36215,0.0
39,36216,0.0
39,36217,0.0
39,36218,0.34
39,36219,0.34
39,36220,0.34
39,36221,0.34
39,36222,0.34
39,36223,0.34
39,36224,0.34
39,36225,0.34
39,36226,0.34
39,36227,0.34
39,36228,0.34
39,36229,0.34
39,36230,0.34
39,36231,0.34
39,36232,0.34
39,36233,0.34
39,36234,0.34
39,36235,0.34
39,36236,0.34
39,36237,0.34
39,36238,0.34
39,36239,0.34
39,36240,0.34
39,36241,0.0
39,36242,0.0
39,36243,0.0
39,36244,0.0
39,36245,0.0
39,36246,0.0
39,36247,0.0
39,36248,0.0
39,36301,0.0
39,36302,0.0
39,36303,0.0
39,36304,0.0
39,36305,0.0
39,36306,0.0
39,36307,0.0
39,36308,0.0
39,36309,0.0
39,36310,0.0
39,36311,0.0
39,36312,0.0
39,36313,0.0
39,36314,0.0
39,36315,0.0
39,36316,0.0
39,36317,0.0
39,36318,0.38
39,36319,0.38
39,36320,0.38
39,36321,0.38
39,36322,0.38
39,36323,0.38
39,36324,0.38
39,36325,0.38
39,36326,0.38
39,36327,0.38
39,36328,0.38
39,36329,0.38
39,36330,0.38
39,36331,0.38
39,36332,0.38
39,36333,0.38
39,36334,0.38
39,36335,0.38
39,36336,0.38
39,36337,0.38
39,36338,0.38
39,36339,0.38
39,36340,0.38
39,36341,0.0
39,36342,0.0
39,36343,0.0
39,36344,0.0
39,36345,0.0
39,36346,0.0
39,36347,0.0
39,36348,0.0
39,36401,0.0
39,36402,0.0
39,36403,0.0
39,36404,0.0
39,36405,0.0
39,36406,0.0
39,36407,0.0
39,36408,0.0
39,36409,0.0
39,36410,0.0
39,36411,0.0
39,36412,0.0
39,36413,0.0
39,36414,0.0
39,36415,0.0
39,36416,0.0
39,36417,0.0
39,36418,0.38
39,36419,0.38
39,36420,0.38
39,36421,0.38
39,36422,0.38
39,36423,0.38
39,36424,0.38
39,36425,0.38
39,36426,0.38
39,36427,0.38
39,36428,0.38
39,36429,0.38
39,36430,0.38
39,36431,0.38
39,36432,0.38
39,36433,0.38
39,36434,0.38
39,36435,0.38
39,36436,0.38
39,36437,0.38
39,36438,0.38
39,36439,0.38
39,36440,0.38
39,36441,0.0
39,36442,0.0
39,36443,0.0
39,36444,0.0
39,36445,0.0
39,36446,0.0
39,36447,0.0
39,36448,0.0
39,36501,0.0
39,36502,0.0
39,36503,0.0
39,36504,0.0
39,36505,0.0
39,36506,0.0
39,36507,0.0
39,36508,0.0
39,36509,0.0
39,36510,0.0
39,36511,0.0
39,36512,0.0
39,36513,0.0
39,36514,0.0
39,36515,0.0
39,36516,0.0
39,36517,0.0
39,36518,0.38
39,36519,0.38
39,36520,0.38
39,36521,0.38
39,36522,0.38
39,36523,0.38
39,36524,0.38
39,36525,0.38
39,36526,0.38
39,36527,0.38
39,36528,0.38
39,36529,0.38
39,36530,0.38
39,36531,0.38
39,36532,0.38
39,36533,0.38
39,36534,0.38
39,36535,0.38
39,36536,0.38
39,36537,0.38
39,36538,0.38
39,36539,0.38
39,36540,0.38
39,36541,0.38
39,36542,0.0
39,36543,0.0
39,36544,0.0
39,36545,0.0
39,36546,0.0
39,36547,0.0
39,36548,0.0
39,36601,0.0
39,36602,0.0
39,36603,0.0
39,36604,0.0
39,36605,0.0
39,36606,0.0
39,36607,0.0
39,36608,0.0
39,36609,0.0
39,36610,0.0
39,36611,0.0
39,36612,0.0
39,36613,0.0
39,36614,0.0
39,36615,0.0
39,36616,0.0
39,36617,0.0
39,36618,0.38
39,36619,0.38
39,36620,0.38
39,36621,0.38
39,36622,0.38
39,36623,0.38
39,36624,0.38
39,36625,0.38
39,36626,0.38
39,36627,0.38
39,36628,0.38
39,36629,0.38
39,36630,0.38
39,36631,0.38
39,36632,0.38
39,36633,0.38
39,36634,0.38
39,36635,0.38
39,36636,0.38
39,36637,0.38
39,36638,0.38
39,36639,0.38
39,36640,0.38
39,36641,0.38
39,36642,0.0
39,36643,0.0
39,36644,0.0
39,36645,0.0
39,36646,0.0
39,36647,0.0
39,36648,0.0
39,36701,0.0
39,36702,0.0
39,36703,0.0
39,36704,0.0
39,36705,0.0
39,36706,0.0
39,36707,0.0
39,36708,0.0
39,36709,0.0
39,36710,0.0
39,36711,0.0
39,36712,0.0
39,36713,0.0
39,36714,0.0
39,36715,0.0
39,36716,0.0
39,36717,0.0
39,36718,0.38
39,36719,0.38
39,36720,0.38
39,36721,0.38
39,36722,0.38
39,36723,0.38
39,36724,0.38
39,36725,0.38
39,36726,0.38
39,36727,0.38
39,36728,0.38
39,36729,0.38
39,36730,0.38
39,36731,0.38
39,36732,0.38
39,36733,0.38
39,36734,0.38
39,36735,0.38
39,36736,0.38
39,36737,0.38
39,36738,0.38
39,36739,0.38
39,36740,0.38
39,36741,0.38
39,36742,0.0
39,36743,0.0
39,36744,0.0
39,36745,0.0
39,36746,0.0
39,36747,0.0
39,36748,0.0
39,36801,0.0
39,36802,0.0
39,36803,0.0
39,36804,0.0
39,36805,0.0
39,36806,0.0
39,36807,0.0
39,36808,0.0
39,36809,0.0
39,36810,0.0
39,36811,0.0
39,36812,0.0
39,36813,0.0
39,36814,0.0
39,36815,0.0
39,36816,0.0
39,36817,0.38
39,36818,0.38
39,36819,0.38
39,36820,0.38
39,36821,0.38
39,36822,0.38
39,36823,0.38
39,36824,0.38
39,36825,0.38
39,36826,0.38
39,36827,0.38
39,36828,0.38
39,36829,0.38
39,36830,0.38
39,36831,0.38
39,36832,0.38
39,36833,0.38
39,36834,0.38
39,36835,0.38
39,36836,0.38
39,36837,0.38
39,36838,0.38
39,36839,0.38
39,36840,0.38
39,36841,0.38
39,36842,0.0
39,36843,0.0
39,36844,0.0
39,36845,0.0
39,36846,0.0
39,36847,0.0
39,36848,0.0
39,36901,0.0
39,36902,0.0
39,36903,0.0
39,36904,0.0
39,36905,0.0
39,36906,0.0
39,36907,0.0
39,36908,0.0
39,36909,0.0
39,36910,0.0
39,36911,0.0
39,36912,0.0
39,36913,0.0
39,36914,0.0
39,36915,0.0
39,36916,0.0
39,36917,0.38
39,36918,0.38
39,36919,0.38
39,36920,0.38
39,36921,0.38
39,36922,0.38
39,36923,0.38
39,36924,0.38
39,36925,0.38
39,36926,0.38
39,36927,0.38
39,36928,0.38
39,36929,0.38
39,36930,0.38
39,36931,0.38
39,36932,0.38
39,36933,0.38
39,36934,0.38
39,36935,0.38
39,36936,0.38
39,36937,0.38
39,36938,0.38
39,36939,0.38
39,36940,0.38
39,36941,0.38
39,36942,0.0
39,36943,0.0
39,36944,0.0
39,36945,0.0
39,36946,0.0
39,36947,0.0
39,36948,0.0
39,37001,0.0
39,37002,0.0
39,37003,0.0
39,37004,0.0
39,37005,0.0
39,37006,0.0
39,37007,0.0
39,37008,0.0
39,37009,0.0
39,37010,0.0
39,37011,0.0
39,37012,0.0
39,37013,0.0
39,37014,0.0
39,37015,0.0
39,37016,0.0
39,37017,0.37
39,37018,0.37
39,37019,0.37
39,37020,0.37
39,37021,0.37
39,37022,0.37
39,37023,0.37
39,37024,0.37
39,37025,0.37
39,37026,0.37
39,37027,0.37
39,37028,0.37
39,37029,0.37
39,37030,0.37
39,37031,0.37
39,37032,0.37
39,37033,0.37
39,37034,0.37
39,37035,0.37
39,37036,0.37
39,37037,0.37
39,37038,0.37
39,37039,0.37
39,37040,0.37
39,37041,0.37
39,37042,0.0
39,37043,0.0
39,37044,0.0
39,37045,0.0
39,37046,0.0
39,37047,0.0
39,37048,0.0
39,37101,0.0
39,37102,0.0
39,37103,0.0
39,37104,0.0
39,37105,0.0
39,37106,0.0
39,37107,0.0
39,37108,0.0
39,37109,0.0
39,37110,0.0
39,37111,0.0
39,37112,0.0
39,37113,0.0
39,37114,0.0
39,37115,0.0
39,37116,0.0
39,37117,0.37
39,37118,0.37
39,37119,0.37
39,37120,0.37
39,37121,0.37
39,37122,0.37
39,37123,0.37
39,37124,0.37
39,37125,0.37
39,37126,0.37
39,37127,0.37
39,37128,0.37
39,37129,0.37
39,37130,0.37
39,37131,0.37
39,37132,0.37
39,37133,0.37
39,37134,0.37
39,37135,0.37
39,37136,0.37
39,37137,0.37
39,37138,0.37
39,37139,0.37
39,37140,0.37
39,37141,0.37
39,37142,0.0
39,37143,0.0
39,37144,0.0
39,37145,0.0
39,37146,0.0
39,37147,0.0
39,37148,0.0
39,37201,0.0
39,37202,0.0
39,37203,0.0
39,37204,0.0
39,37205,0.0
39,37206,0.0
39,37207,0.0
39,37208,0.0
39,37209,0.0
39,37210,0.0
39,37211,0.0
39,37212,0.0
39,37213,0.0
39,37214,0.0
39,37215,0.0
39,37216,0.0
39,37217,0.37
39,37218,0.37
39,37219,0.37
39,37220,0.37
39,37221,0.37
39,37222,0.37
39,37223,0.37
39,37224,0.37
39,37225,0.37
39,37226,0.37
39,37227,0.37
39,37228,0.37
39,37229,0.37
39,37230,0.37
39,37231,0.37
39,37232,0.37
39,37233,0.37
39,37234,0.37
39,37235,0.37
39,37236,0.37
39,37237,0.37
39,37238,0.37
39,37239,0.37
39,37240,0.37
39,37241,0.37
39,37242,0.0
39,37243,0.0
39,37244,0.0
39,37245,0.0
39,37246,0.0
39,37247,0.0
39,37248,0.0
39,37301,0.0
39,37302,0.0
39,37303,0.0
39,37304,0.0
39,37305,0.0
39,37306,0.0
39,37307,0.0
39,37308,0.0
39,37309,0.0
39,37310,0.0
39,37311,0.0
39,37312,0.0
39,37313,0.0
39,37314,0.0
39,37315,0.0
39,37316,0.0
39,37317,0.37
39,37318,0.37
39,37319,0.37
39,37320,0.37
39,37321,0.37
39,37322,0.37
39,37323,0.37
39,37324,0.37
39,37325,0.37
39,37326,0.37
39,37327,0.37
39,37328,0.37
39,37329,0.37
39,37330,0.37
39,37331,0.37
39,37332,0.37
39,37333,0.37
39,37334,0.37
39,37335,0.37
39,37336,0.37
39,37337,0.37
39,37338,0.37
39,37339,0.37
39,37340,0.37
39,37341,0.37
39,37342,0.0
39,37343,0.0
39,37344,0.0
39,37345,0.0
39,37346,0.0
39,37347,0.0
39,37348,0.0
39,37401,0.0
39,37402,0.0
39,37403,0.0
39,37404,0.0
39,37405,0.0
39,37406,0.0
39,37407,0.0
39,37408,0.0
39,37409,0.0
39,37410,0.0
39,37411,0.0
39,37412,0.0
39,37413,0.0
39,37414,0.0
39,37415,0.0
39,37416,0.0
39,37417,0.37
39,37418,0.37
39,37419,0.37
39,37420,0.37
39,37421,0.37
39,37422,0.37
39,37423,0.37
39,37424,0.37
39,37425,0.37
39,37426,0.37
39,37427,0.37
39,37428,0.37
39,37429,0.37
39,37430,0.37
39,37431,0.37
39,37432,0.37
39,37433,0.37
39,37434,0.37
39,37435,0.37
39,37436,0.37
39,37437,0.37
39,37438,0.37
39,37439,0.37
39,37440,0.37
39,37441,0.37
39,37442,0.0
39,37443,0.0
39,37444,0.0
39,37445,0.0
39,37446,0.0
39,37447,0.0
39,37448,0.0
39,37501,0.0
39,37502,0.0
39,37503,0.0
39,37504,0.0
39,37505,0.0
39,37506,0.0
39,37507,0.0
39,37508,0.0
39,37509,0.0
39,37510,0.0
39,37511,0.0
39,37512,0.0
39,37513,0.0
39,37514,0.0
39,37515,0.0
39,37516,0.0
39,37517,0.37
39,37518,0.37
39,37519,0.37
39,37520,0.37
39,37521,0.37
39,37522,0.37
39,37523,0.37
39,37524,0.37
39,37525,0.37
39,37526,0.37
39,37527,0.37
39,37528,0.37
39,37529,0.37
39,37530,0.37
39,37531,0.37
39,37532,0.37
39,37533,0.37
39,37534,0.37
39,37535,0.37
39,37536,0.37
39,37537,0.37
39,37538,0.37
39,37539,0.37
39,37540,0.37
39,37541,0.37
39,37542,0.0
39,37543,0.0
39,37544,0.0
39,37545,0.0
39,37546,0.0
39,37547,0.0
39,37548,0.0
39,37601,0.0
39,37602,0.0
39,37603,0.0
39,37604,0.0
39,37605,0.0
39,37606,0.0
39,37607,0.0
39,37608,0.0
39,37609,0.0
39,37610,0.0
39,37611,0.0
39,37612,0.0
39,37613,0.0
39,37614,0.0
39,37615,0.0
39,37616,0.0
39,37617,0.37
39,37618,0.37
39,37619,0.37
39,37620,0.37
39,37621,0.37
39,37622,0.37
39,37623,0.37
39,37624,0.37
39,37625,0.37
39,37626,0.37
39,37627,0.37
39,37628,0.37
39,37629,0.37
39,37630,0.37
39,37631,0.37
39,37632,0.37
39,37633,0.37
39,37634,0.37
39,37635,0.37
39,37636,0.37
39,37637,0.37
39,37638,0.37
39,37639,0.37
39,37640,0.37
39,37641,0.37
39,37642,0.0
39,37643,0.0
39,37644,0.0
39,37645,0.0
39,37646,0.0
39,37647,0.0
39,37648,0.0
39,37701,0.0
39,37702,0.0
39,37703,0.0
39,37704,0.0
39,37705,0.0
39,37706,0.0
39,37707,0.0
39,37708,0.0
39,37709,0.0
39,37710,0.0
39,37711,0.0
39,37712,0.0
39,37713,0.0
39,37714,0.0
39,37715,0.0
39,37716,0.0
39,37717,0.38
39,37718,0.38
39,37719,0.38
39,37720,0.38
39,37721,0.38
39,37722,0.38
39,37723,0.38
39,37724,0.38
39,37725,0.38
39,37726,0.38
39,37727,0.38
39,37728,0.38
39,37729,0.38
39,37730,0.38
39,37731,0.38
39,37732,0.38
39,37733,0.38
39,37734,0.38
39,37735,0.38
39,37736,0.38
39,37737,0.38
39,37738,0.38
39,37739,0.38
39,37740,0.38
39,37741,0.38
39,37742,0.0
39,37743,0.0
39,37744,0.0
39,37745,0.0
39,37746,0.0
39,37747,0.0
39,37748,0.0
39,37801,0.0
39,37802,0.0
39,37803,0.0
39,37804,0.0
39,37805,0.0
39,37806,0.0
39,37807,0.0
39,37808,0.0
39,37809,0.0
39,37810,0.0
39,37811,0.0
39,37812,0.0
39,37813,0.0
39,37814,0.0
39,37815,0.0
39,37816,0.0
39,37817,0.38
39,37818,0.38
39,37819,0.38
39,37820,0.38
39,37821,0.38
39,37822,0.38
39,37823,0.38
39,37824,0.38
39,37825,0.38
39,37826,0.38
39,37827,0.38
39,37828,0.38
39,37829,0.38
39,37830,0.38
39,37831,0.38
39,37832,0.38
39,37833,0.38
39,37834,0.38
39,37835,0.38
39,37836,0.38
39,37837,0.38
39,37838,0.38
39,37839,0.38
39,37840,0.38
39,37841,0.38
39,37842,0.0
39,37843,0.0
39,37844,0.0
39,37845,0.0
39,37846,0.0
39,37847,0.0
39,37848,0.0
39,37901,0.0
39,37902,0.0
39,37903,0.0
39,37904,0.0
39,37905,0.0
39,37906,0.0
39,37907,0.0
39,37908,0.0
39,37909,0.0
39,37910,0.0
39,37911,0.0
39,37912,0.0
39,37913,0.0
39,37914,0.0
39,37915,0.0
39,37916,0.0
39,37917,0.38
39,37918,0.38
39,37919,0.38
39,37920,0.38
39,37921,0.38
39,37922,0.38
39,37923,0.38
39,37924,0.38
39,37925,0.38
39,37926,0.38
39,37927,0.38
39,37928,0.38
39,37929,0.38
39,37930,0.38
39,37931,0.38
39,37932,0.38
39,37933,0.38
39,37934,0.38
39,37935,0.38
39,37936,0.38
39,37937,0.38
39,37938,0.38
39,37939,0.38
39,37940,0.38
39,37941,0.38
39,37942,0.0
39,37943,0.0
39,37944,0.0
39,37945,0.0
39,37946,0.0
39,37947,0.0
39,37948,0.0
39,38001,0.0
39,38002,0.0
39,38003,0.0
39,38004,0.0
39,38005,0.0
39,38006,0.0
39,38007,0.0
39,38008,0.0
39,38009,0.0
39,38010,0.0
39,38011,0.0
39,38012,0.0
39,38013,0.0
39,38014,0.0
39,38015,0.0
39,38016,0.0
39,38017,0.38
39,38018,0.38
39,38019,0.38
39,38020,0.38
39,38021,0.38
39,38022,0.38
39,38023,0.38
39,38024,0.38
39,38025,0.38
39,38026,0.38
39,38027,0.38
39,38028,0.38
39,38029,0.38
39,38030,0.38
39,38031,0.38
39,38032,0.38
39,38033,0.38
39,38034,0.38
39,38035,0.38
39,38036,0.38
39,38037,0.38
39,38038,0.38
39,38039,0.38
39,38040,0.38
39,38041,0.38
39,38042,0.0
39,38043,0.0
39,38044,0.0
39,38045,0.0
39,38046,0.0
39,38047,0.0
39,38048,0.0
39,38101,0.0
39,38102,0.0
39,38103,0.0
39,38104,0.0
39,38105,0.0
39,38106,0.0
39,38107,0.0
39,38108,0.0
39,38109,0.0
39,38110,0.0
39,38111,0.0
39,38112,0.0
39,38113,0.0
39,38114,0.0
39,38115,0.0
39,38116,0.0
39,38117,0.38
39,38118,0.38
39,38119,0.38
39,38120,0.38
39,38121,0.38
39,38122,0.38
39,38123,0.38
39,38124,0.38
39,38125,0.38
39,38126,0.38
39,38127,0.38
39,38128,0.38
39,38129,0.38
39,38130,0.38
39,38131,0.38
39,38132,0.38
39,38133,0.38
39,38134,0.38
39,38135,0.38
39,38136,0.38
39,38137,0.38
39,38138,0.38
39,38139,0.38
39,38140,0.38
39,38141,0.38
39,38142,0.0
39,38143,0.0
39,38144,0.0
39,38145,0.0
39,38146,0.0
39,38147,0.0
39,38148,0.0
39,38201,0.0
39,38202,0.0
39,38203,0.0
39,38204,0.0
39,38205,0.0
39,38206,0.0
39,38207,0.0
39,38208,0.0
39,38209,0.0
39,38210,0.0
39,38211,0.0
39,38212,0.0
39,38213,0.0
39,38214,0.0
39,38215,0.0
39,38216,0.0
39,38217,0.38
39,38218,0.38
39,38219,0.38
39,38220,0.38
39,38221,0.38
39,38222,0.38
39,38223,0.38
39,38224,0.38
39,38225,0.38
39,38226,0.38
39,38227,0.38
39,38228,0.38
39,38229,0.38
39,38230,0.38
39,38231,0.38
39,38232,0.38
39,38233,0.38
39,38234,0.38
39,38235,0.38
39,38236,0.38
39,38237,0.38
39,38238,0.38
39,38239,0.38
39,38240,0.38
39,38241,0.38
39,38242,0.0
39,38243,0.0
39,38244,0.0
39,38245,0.0
39,38246,0.0
39,38247,0.0
39,38248,0.0
39,38301,0.0
39,38302,0.0
39,38303,0.0
39,38304,0.0
39,38305,0.0
39,38306,0.0
39,38307,0.0
39,38308,0.0
39,38309,0.0
39,38310,0.0
39,38311,0.0
39,38312,0.0
39,38313,0.0
39,38314,0.0
39,38315,0.0
39,38316,0.0
39,38317,0.38
39,38318,0.38
39,38319,0.38
39,38320,0.38
39,38321,0.38
39,38322,0.38
39,38323,0.38
39,38324,0.38
39,38325,0.38
39,38326,0.38
39,38327,0.38
39,38328,0.38
39,38329,0.38
39,38330,0.38
39,38331,0.38
39,38332,0.38
39,38333,0.38
39,38334,0.38
39,38335,0.38
39,38336,0.38
39,38337,0.38
39,38338,0.38
39,38339,0.38
39,38340,0.38
39,38341,0.38
39,38342,0.0
39,38343,0.0
39,38344,0.0
39,38345,0.0
39,38346,0.0
39,38347,0.0
39,38348,0.0
39,38401,0.0
39,38402,0.0
39,38403,0.0
39,38404,0.0
39,38405,0.0
39,38406,0.0
39,38407,0.0
39,38408,0.0
39,38409,0.0
39,38410,0.0
39,38411,0.0
39,38412,0.0
39,38413,0.0
39,38414,0.0
39,38415,0.0
39,38416,0.0
39,38417,0.4
39,38418,0.4
39,38419,0.4
39,38420,0.4
39,38421,0.4
39,38422,0.4
39,38423,0.4
39,38424,0.4
39,38425,0.4
39,38426,0.4
39,38427,0.4
39,38428,0.4
39,38429,0.4
39,38430,0.4
39,38431,0.4
39,38432,0.4
39,38433,0.4
39,38434,0.4
39,38435,0.4
39,38436,0.4
39,38437,0.4
39,38438,0.4
39,38439,0.4
39,38440,0.4
39,38441,0.4
39,38442,0.0
39,38443,0.0
39,38444,0.0
39,38445,0.0
39,38446,0.0
39,38447,0.0
39,38448,0.0
39,38501,0.0
39,38502,0.0
39,38503,0.0
39,38504,0.0
39,38505,0.0
39,38506,0.0
39,38507,0.0
39,38508,0.0
39,38509,0.0
39,38510,0.0
39,38511,0.0
39,38512,0.0
39,38513,0.0
39,38514,0.0
39,38515,0.0
39,38516,0.0
39,38517,0.4
39,38518,0.4
39,38519,0.4
39,38520,0.4
39,38521,0.4
39,38522,0.4
39,38523,0.4
39,38524,0.4
39,38525,0.4
39,38526,0.4
39,38527,0.4
39,38528,0.4
39,38529,0.4
39,38530,0.4
39,38531,0.4
39,38532,0.4
39,38533,0.4
39,38534,0.4
39,38535,0.4
39,38536,0.4
39,38537,0.4
39,38538,0.4
39,38539,0.4
39,38540,0.4
39,38541,0.4
39,38542,0.0
39,38543,0.0
39,38544,0.0
39,38545,0.0
39,38546,0.0
39,38547,0.0
39,38548,0.0
39,38601,0.0
39,38602,0.0
39,38603,0.0
39,38604,0.0
39,38605,0.0
39,38606,0.0
39,38607,0.0
39,38608,0.0
39,38609,0.0
39,38610,0.0
39,38611,0.0
39,38612,0.0
39,38613,0.0
39,38614,0.0
39,38615,0.0
39,38616,0.0
39,38617,0.4
39,38618,0.4
39,38619,0.4
39,38620,0.4
39,38621,0.4
39,38622,0.4
39,38623,0.4
39,38624,0.4
39,38625,0.4
39,38626,0.4
39,38627,0.4
39,38628,0.4
39,38629,0.4
39,38630,0.4
39,38631,0.4
39,38632,0.4
39,38633,0.4
39,38634,0.4
39,38635,0.4
39,38636,0.4
39,38637,0.4
39,38638,0.4
39,38639,0.4
39,38640,0.4
39,38641,0.4
39,38642,0.0
39,38643,0.0
39,38644,0.0
39,38645,0.0
39,38646,0.0
39,38647,0.0
39,38648,0.0
39,38701,0.0
39,38702,0.0
39,38703,0.0
39,38704,0.0
39,38705,0.0
39,38706,0.0
39,38707,0.0
39,38708,0.0
39,38709,0.0
39,38710,0.0
39,38711,0.0
39,38712,0.0
39,38713,0.0
39,38714,0.0
39,38715,0.0
39,38716,0.0
39,38717,0.4
39,38718,0.4
39,38719,0.4
39,38720,0.4
39,38721,0.4
39,38722,0.4
39,38723,0.4
39,38724,0.4
39,38725,0.4
39,38726,0.4
39,38727,0.4
39,38728,0.4
39,38729,0.4
39,38730,0.4
39,38731,0.4
39,38732,0.4
39,38733,0.4
39,38734,0.4
39,38735,0.4
39,38736,0.4
39,38737,0.4
39,38738,0.4
39,38739,0.4
39,38740,0.4
39,38741,0.4
39,38742,0.0
39,38743,0.0
39,38744,0.0
39,38745,0.0
39,38746,0.0
39,38747,0.0
39,38748,0.0
39,38801,0.0
39,38802,0.0
39,38803,0.0
39,38804,0.0
39,38805,0.0
39,38806,0.0
39,38807,0.0
39,38808,0.0
39,38809,0.0
39,38810,0.0
39,38811,0.0
39,38812,0.0
39,38813,0.0
39,38814,0.0
39,38815,0.0
39,38816,0.0
39,38817,0.4
39,38818,0.4
39,38819,0.4
39,38820,0.4
39,38821,0.4
39,38822,0.4
39,38823,0.4
39,38824,0.4
39,38825,0.4
39,38826,0.4
39,38827,0.4
39,38828,0.4
39,38829,0.4
39,38830,0.4
39,38831,0.4
39,38832,0.4
39,38833,0.4
39,38834,0.4
39,38835,0.4
39,38836,0.4
39,38837,0.4
39,38838,0.4
39,38839,0.4
39,38840,0.4
39,38841,0.4
39,38842,0.0
39,38843,0.0
39,38844,0.0
39,38845,0.0
39,38846,0.0
39,38847,0.0
39,38848,0.0
39,38901,0.0
39,38902,0.0
39,38903,0.0
39,38904,0.0
39,38905,0.0
39,38906,0.0
39,38907,0.0
39,38908,0.0
39,38909,0.0
39,38910,0.0
39,38911,0.0
39,38912,0.0
39,38913,0.0
39,38914,0.0
39,38915,0.0
39,38916,0.0
39,38917,0.4
39,38918,0.4
39,38919,0.4
39,38920,0.4
39,38921,0.4
39,38922,0.4
39,38923,0.4
39,38924,0.4
39,38925,0.4
39,38926,0.4
39,38927,0.4
39,38928,0.4
39,38929,0.4
39,38930,0.4
39,38931,0.4
39,38932,0.4
39,38933,0.4
39,38934,0.4
39,38935,0.4
39,38936,0.4
39,38937,0.4
39,38938,0.4
39,38939,0.4
39,38940,0.4
39,38941,0.4
39,38942,0.0
39,38943,0.0
39,38944,0.0
39,38945,0.0
39,38946,0.0
39,38947,0.0
39,38948,0.0
39,39001,0.0
39,39002,0.0
39,39003,0.0
39,39004,0.0
39,39005,0.0
39,39006,0.0
39,39007,0.0
39,39008,0.0
39,39009,0.0
39,39010,0.0
39,39011,0.0
39,39012,0.0
39,39013,0.0
39,39014,0.0
39,39015,0.0
39,39016,0.0
39,39017,0.4
39,39018,0.4
39,39019,0.4
39,39020,0.4
39,39021,0.4
39,39022,0.4
39,39023,0.4
39,39024,0.4
39,39025,0.4
39,39026,0.4
39,39027,0.4
39,39028,0.4
39,39029,0.4
39,39030,0.4
39,39031,0.4
39,39032,0.4
39,39033,0.4
39,39034,0.4
39,39035,0.4
39,39036,0.4
39,39037,0.4
39,39038,0.4
39,39039,0.4
39,39040,0.4
39,39041,0.4
39,39042,0.0
39,39043,0.0
39,39044,0.0
39,39045,0.0
39,39046,0.0
39,39047,0.0
39,39048,0.0
39,39101,0.0
39,39102,0.0
39,39103,0.0
39,39104,0.0
39,39105,0.0
39,39106,0.0
39,39107,0.0
39,39108,0.0
39,39109,0.0
39,39110,0.0
39,39111,0.0
39,39112,0.0
39,39113,0.0
39,39114,0.0
39,39115,0.0
39,39116,0.34
39,39117,0.34
39,39118,0.34
39,39119,0.34
39,39120,0.34
39,39121,0.34
39,39122,0.34
39,39123,0.34
39,39124,0.34
39,39125,0.34
39,39126,0.34
39,39127,0.34
39,39128,0.34
39,39129,0.34
39,39130,0.34
39,39131,0.34
39,39132,0.34
39,39133,0.34
39,39134,0.34
39,39135,0.34
39,39136,0.34
39,39137,0.34
39,39138,0.34
39,39139,0.34
39,39140,0.34
39,39141,0.34
39,39142,0.0
39,39143,0.0
39,39144,0.0
39,39145,0.0
39,39146,0.0
39,39147,0.0
39,39148,0.0
39,39201,0.0
39,39202,0.0
39,39203,0.0
39,39204,0.0
39,39205,0.0
39,39206,0.0
39,39207,0.0
39,39208,0.0
39,39209,0.0
39,39210,0.0
39,39211,0.0
39,39212,0.0
39,39213,0.0
39,39214,0.0
39,39215,0.0
39,39216,0.34
39,39217,0.34
39,39218,0.34
39,39219,0.34
39,39220,0.34
39,39221,0.34
39,39222,0.34
39,39223,0.34
39,39224,0.34
39,39225,0.34
39,39226,0.34
39,39227,0.34
39,39228,0.34
39,39229,0.34
39,39230,0.34
39,39231,0.34
39,39232,0.34
39,39233,0.34
39,39234,0.34
39,39235,0.34
39,39236,0.34
39,39237,0.34
39,39238,0.34
39,39239,0.34
39,39240,0.34
39,39241,0.34
39,39242,0.0
39,39243,0.0
39,39244,0.0
39,39245,0.0
39,39246,0.0
39,39247,0.0
39,39248,0.0
39,39301,0.0
39,39302,0.0
39,39303,0.0
39,39304,0.0
39,39305,0.0
39,39306,0.0
39,39307,0.0
39,39308,0.0
39,39309,0.0
39,39310,0.0
39,39311,0.0
39,39312,0.0
39,39313,0.0
39,39314,0.0
39,39315,0.0
39,39316,0.34
39,39317,0.34
39,39318,0.34
39,39319,0.34
39,39320,0.34
39,39321,0.34
39,39322,0.34
39,39323,0.34
39,39324,0.34
39,39325,0.34
39,39326,0.34
39,39327,0.34
39,39328,0.34
39,39329,0.34
39,39330,0.34
39,39331,0.34
39,39332,0.34
39,39333,0.34
39,39334,0.34
39,39335,0.34
39,39336,0.34
39,39337,0.34
39,39338,0.34
39,39339,0.34
39,39340,0.34
39,39341,0.34
39,39342,0.0
39,39343,0.0
39,39344,0.0
39,39345,0.0
39,39346,0.0
39,39347,0.0
39,39348,0.0
39,39401,0.0
39,39402,0.0
39,39403,0.0
39,39404,0.0
39,39405,0.0
39,39406,0.0
39,39407,0.0
39,39408,0.0
39,39409,0.0
39,39410,0.0
39,39411,0.0
39,39412,0.0
39,39413,0.0
39,39414,0.0
39,39415,0.0
39,39416,0.34
39,39417,0.34
39,39418,0.34
39,39419,0.34
39,39420,0.34
39,39421,0.34
39,39422,0.34
39,39423,0.34
39,39424,0.34
39,39425,0.34
39,39426,0.34
39,39427,0.34
39,39428,0.34
39,39429,0.34
39,39430,0.34
39,39431,0.34
39,39432,0.34
39,39433,0.34
39,39434,0.34
39,39435,0.34
39,39436,0.34
39,39437,0.34
39,39438,0.34
39,39439,0.34
39,39440,0.34
39,39441,0.34
39,39442,0.0
39,39443,0.0
39,39444,0.0
39,39445,0.0
39,39446,0.0
39,39447,0.0
39,39448,0.0
39,39501,0.0
39,39502,0.0
39,39503,0.0
39,39504,0.0
39,39505,0.0
39,39506,0.0
39,39507,0.0
39,39508,0.0
39,39509,0.0
39,39510,0.0
39,39511,0.0
39,39512,0.0
39,39513,0.0
39,39514,0.0
39,39515,0.0
39,39516,0.34
39,39517,0.34
39,39518,0.34
39,39519,0.34
39,39520,0.34
39,39521,0.34
39,39522,0.34
39,39523,0.34
39,39524,0.34
39,39525,0.34
39,39526,0.34
39,39527,0.34
39,39528,0.34
39,39529,0.34
39,39530,0.34
39,39531,0.34
39,39532,0.34
39,39533,0.34
39,39534,0.34
39,39535,0.34
39,39536,0.34
39,39537,0.34
39,39538,0.34
39,39539,0.34
39,39540,0.34
39,39541,0.34
39,39542,0.0
39,39543,0.0
39,39544,0.0
39,39545,0.0
39,39546,0.0
39,39547,0.0
39,39548,0.0
39,39601,0.0
39,39602,0.0
39,39603,0.0
39,39604,0.0
39,39605,0.0
39,39606,0.0
39,39607,0.0
39,39608,0.0
39,39609,0.0
39,39610,0.0
39,39611,0.0
39,39612,0.0
39,39613,0.0
39,39614,0.0
39,39615,0.0
39,39616,0.34
39,39617,0.34
39,39618,0.34
39,39619,0.34
39,39620,0.34
39,39621,0.34
39,39622,0.34
39,39623,0.34
39,39624,0.34
39,39625,0.34
39,39626,0.34
39,39627,0.34
39,39628,0.34
39,39629,0.34
39,39630,0.34
39,39631,0.34
39,39632,0.34
39,39633,0.34
39,39634,0.34
39,39635,0.34
39,39636,0.34
39,39637,0.34
39,39638,0.34
39,39639,0.34
39,39640,0.34
39,39641,0.34
39,39642,0.0
39,39643,0.0
39,39644,0.0
39,39645,0.0
39,39646,0.0
39,39647,0.0
39,39648,0.0
39,39701,0.0
39,39702,0.0
39,39703,0.0
39,39704,0.0
39,39705,0.0
39,39706,0.0
39,39707,0.0
39,39708,0.0
39,39709,0.0
39,39710,0.0
39,39711,0.0
39,39712,0.0
39,39713,0.0
39,39714,0.0
39,39715,0.0
39,39716,0.34
39,39717,0.34
39,39718,0.34
39,39719,0.34
39,39720,0.34
39,39721,0.34
39,39722,0.34
39,39723,0.34
39,39724,0.34
39,39725,0.34
39,39726,0.34
39,39727,0.34
39,39728,0.34
39,39729,0.34
39,39730,0.34
39,39731,0.34
39,39732,0.34
39,39733,0.34
39,39734,0.34
39,39735,0.34
39,39736,0.34
39,39737,0.34
39,39738,0.34
39,39739,0.34
39,39740,0.34
39,39741,0.34
39,39742,0.0
39,39743,0.0
39,39744,0.0
39,39745,0.0
39,39746,0.0
39,39747,0.0
39,39748,0.0
39,39801,0.0
39,39802,0.0
39,39803,0.0
39,39804,0.0
39,39805,0.0
39,39806,0.0
39,39807,0.0
39,39808,0.0
39,39809,0.0
39,39810,0.0
39,39811,0.0
39,39812,0.0
39,39813,0.0
39,39814,0.0
39,39815,0.0
39,39816,0.36
39,39817,0.36
39,39818,0.36
39,39819,0.36
39,39820,0.36
39,39821,0.36
39,39822,0.36
39,39823,0.36
39,39824,0.36
39,39825,0.36
39,39826,0.36
39,39827,0.36
39,39828,0.36
39,39829,0.36
39,39830,0.36
39,39831,0.36
39,39832,0.36
39,39833,0.36
39,39834,0.36
39,39835,0.36
39,39836,0.36
39,39837,0.36
39,39838,0.36
39,39839,0.36
39,39840,0.36
39,39841,0.36
39,39842,0.0
39,39843,0.0
39,39844,0.0
39,39845,0.0
39,39846,0.0
39,39847,0.0
39,39848,0.0
39,39901,0.0
39,39902,0.0
39,39903,0.0
39,39904,0.0
39,39905,0.0
39,39906,0.0
39,39907,0.0
39,39908,0.0
39,39909,0.0
39,39910,0.0
39,39911,0.0
39,39912,0.0
39,39913,0.0
39,39914,0.0
39,39915,0.0
39,39916,0.36
39,39917,0.36
39,39918,0.36
39,39919,0.36
39,39920,0.36
39,39921,0.36
39,39922,0.36
39,39923,0.36
39,39924,0.36
39,39925,0.36
39,39926,0.36
39,39927,0.36
39,39928,0.36
39,39929,0.36
39,39930,0.36
39,39931,0.36
39,39932,0.36
39,39933,0.36
39,39934,0.36
39,39935,0.36
39,39936,0.36
39,39937,0.36
39,39938,0.36
39,39939,0.36
39,39940,0.36
39,39941,0.36
39,39942,0.0
39,39943,0.0
39,39944,0.0
39,39945,0.0
39,39946,0.0
39,39947,0.0
39,39948,0.0
39,40001,0.0
39,40002,0.0
39,40003,0.0
39,40004,0.0
39,40005,0.0
39,40006,0.0
39,40007,0.0
39,40008,0.0
39,40009,0.0
39,40010,0.0
39,40011,0.0
39,40012,0.0
39,40013,0.0
39,40014,0.0
39,40015,0.0
39,40016,0.36
39,40017,0.36
39,40018,0.36
39,40019,0.36
39,40020,0.36
39,40021,0.36
39,40022,0.36
39,40023,0.36
39,40024,0.36
39,40025,0.36
39,40026,0.36
39,40027,0.36
39,40028,0.36
39,40029,0.36
39,40030,0.36
39,40031,0.36
39,40032,0.36
39,40033,0.36
39,40034,0.36
39,40035,0.36
39,40036,0.36
39,40037,0.36
39,40038,0.36
39,40039,0.36
39,40040,0.36
39,40041,0.36
39,40042,0.0
39,40043,0.0
39,40044,0.0
39,40045,0.0
39,40046,0.0
39,40047,0.0
39,40048,0.0
39,40101,0.0
39,40102,0.0
39,40103,0.0
39,40104,0.0
39,40105,0.0
39,40106,0.0
39,40107,0.0
39,40108,0.0
39,40109,0.0
39,40110,0.0
39,40111,0.0
39,40112,0.0
39,40113,0.0
39,40114,0.0
39,40115,0.0
39,40116,0.36
39,40117,0.36
39,40118,0.36
39,40119,0.36
39,40120,0.36
39,40121,0.36
39,40122,0.36
39,40123,0.36
39,40124,0.36
39,40125,0.36
39,40126,0.36
39,40127,0.36
39,40128,0.36
39,40129,0.36
39,40130,0.36
39,40131,0.36
39,40132,0.36
39,40133,0.36
39,40134,0.36
39,40135,0.36
39,40136,0.36
39,40137,0.36
39,40138,0.36
39,40139,0.36
39,40140,0.36
39,40141,0.36
39,40142,0.0
39,40143,0.0
39,40144,0.0
39,40145,0.0
39,40146,0.0
39,40147,0.0
39,40148,0.0
39,40201,0.0
39,40202,0.0
39,40203,0.0
39,40204,0.0
39,40205,0.0
39,40206,0.0
39,40207,0.0
39,40208,0.0
39,40209,0.0
39,40210,0.0
39,40211,0.0
39,40212,0.0
39,40213,0.0
39,40214,0.0
39,40215,0.0
39,40216,0.36
39,40217,0.36
39,40218,0.36
39,40219,0.36
39,40220,0.36
39,40221,0.36
39,40222,0.36
39,40223,0.36
39,40224,0.36
39,40225,0.36
39,40226,0.36
39,40227,0.36
39,40228,0.36
39,40229,0.36
39,40230,0.36
39,40231,0.36
39,40232,0.36
39,40233,0.36
39,40234,0.36
39,40235,0.36
39,40236,0.36
39,40237,0.36
39,40238,0.36
39,40239,0.36
39,40240,0.36
39,40241,0.36
39,40242,0.0
39,40243,0.0
39,40244,0.0
39,40245,0.0
39,40246,0.0
39,40247,0.0
39,40248,0.0
39,40301,0.0
39,40302,0.0
39,40303,0.0
39,40304,0.0
39,40305,0.0
39,40306,0.0
39,40307,0.0
39,40308,0.0
39,40309,0.0
39,40310,0.0
39,40311,0.0
39,40312,0.0
39,40313,0.0
39,40314,0.0
39,40315,0.0
39,40316,0.36
39,40317,0.36
39,40318,0.36
39,40319,0.36
39,40320,0.36
39,40321,0.36
39,40322,0.36
39,40323,0.36
39,40324,0.36
39,40325,0.36
39,40326,0.36
39,40327,0.36
39,40328,0.36
39,40329,0.36
39,40330,0.36
39,40331,0.36
39,40332,0.36
39,40333,0.36
39,40334,0.36
39,40335,0.36
39,40336,0.36
39,40337,0.36
39,40338,0.36
39,40339,0.36
39,40340,0.36
39,40341,0.36
39,40342,0.0
39,40343,0.0
39,40344,0.0
39,40345,0.0
39,40346,0.0
39,40347,0.0
39,40348,0.0
39,40401,0.0
39,40402,0.0
39,40403,0.0
39,40404,0.0
39,40405,0.0
39,40406,0.0
39,40407,0.0
39,40408,0.0
39,40409,0.0
39,40410,0.0
39,40411,0.0
39,40412,0.0
39,40413,0.0
39,40414,0.0
39,40415,0.0
39,40416,0.36
39,40417,0.36
39,40418,0.36
39,40419,0.36
39,40420,0.36
39,40421,0.36
39,40422,0.36
39,40423,0.36
39,40424,0.36
39,40425,0.36
39,40426,0.36
39,40427,0.36
39,40428,0.36
39,40429,0.36
39,40430,0.36
39,40431,0.36
39,40432,0.36
39,40433,0.36
39,40434,0.36
39,40435,0.36
39,40436,0.36
39,40437,0.36
39,40438,0.36
39,40439,0.36
39,40440,0.36
39,40441,0.36
39,40442,0.0
39,40443,0.0
39,40444,0.0
39,40445,0.0
39,40446,0.0
39,40447,0.0
39,40448,0.0
39,40501,0.0
39,40502,0.0
39,40503,0.0
39,40504,0.0
39,40505,0.0
39,40506,0.0
39,40507,0.0
39,40508,0.0
39,40509,0.0
39,40510,0.0
39,40511,0.0
39,40512,0.0
39,40513,0.0
39,40514,0.0
39,40515,0.0
39,40516,0.36
39,40517,0.36
39,40518,0.36
39,40519,0.36
39,40520,0.36
39,40521,0.36
39,40522,0.36
39,40523,0.36
39,40524,0.36
39,40525,0.36
39,40526,0.36
39,40527,0.36
39,40528,0.36
39,40529,0.36
39,40530,0.36
39,40531,0.36
39,40532,0.36
39,40533,0.36
39,40534,0.36
39,40535,0.36
39,40536,0.36
39,40537,0.36
39,40538,0.36
39,40539,0.36
39,40540,0.36
39,40541,0.36
39,40542,0.0
39,40543,0.0
39,40544,0.0
39,40545,0.0
39,40546,0.0
39,40547,0.0
39,40548,0.0
39,40601,0.0
39,40602,0.0
39,40603,0.0
39,40604,0.0
39,40605,0.0
39,40606,0.0
39,40607,0.0
39,40608,0.0
39,40609,0.0
39,40610,0.0
39,40611,0.0
39,40612,0.0
39,40613,0.0
39,40614,0.0
39,40615,0.0
39,40616,0.36
39,40617,0.36
39,40618,0.36
39,40619,0.36
39,40620,0.36
39,40621,0.36
39,40622,0.36
39,40623,0.36
39,40624,0.36
39,40625,0.36
39,40626,0.36
39,40627,0.36
39,40628,0.36
39,40629,0.36
39,40630,0.36
39,40631,0.36
39,40632,0.36
39,40633,0.36
39,40634,0.36
39,40635,0.36
39,40636,0.36
39,40637,0.36
39,40638,0.36
39,40639,0.36
39,40640,0.36
39,40641,0.36
39,40642,0.0
39,40643,0.0
39,40644,0.0
39,40645,0.0
39,40646,0.0
39,40647,0.0
39,40648,0.0
39,40701,0.0
39,40702,0.0
39,40703,0.0
39,40704,0.0
39,40705,0.0
39,40706,0.0
39,40707,0.0
39,40708,0.0
39,40709,0.0
39,40710,0.0
39,40711,0.0
39,40712,0.0
39,40713,0.0
39,40714,0.0
39,40715,0.0
39,40716,0.36
39,40717,0.36
39,40718,0.36
39,40719,0.36
39,40720,0.36
39,40721,0.36
39,40722,0.36
39,40723,0.36
39,40724,0.36
39,40725,0.36
39,40726,0.36
39,40727,0.36
39,40728,0.36
39,40729,0.36
39,40730,0.36
39,40731,0.36
39,40732,0.36
39,40733,0.36
39,40734,0.36
39,40735,0.36
39,40736,0.36
39,40737,0.36
39,40738,0.36
39,40739,0.36
39,40740,0.36
39,40741,0.36
39,40742,0.36
39,40743,0.0
39,40744,0.0
39,40745,0.0
39,40746,0.0
39,40747,0.0
39,40748,0.0
39,40801,0.0
39,40802,0.0
39,40803,0.0
39,40804,0.0
39,40805,0.0
39,40806,0.0
39,40807,0.0
39,40808,0.0
39,40809,0.0
39,40810,0.0
39,40811,0.0
39,40812,0.0
39,40813,0.0
39,40814,0.0
39,40815,0.0
39,40816,0.36
39,40817,0.36
39,40818,0.36
39,40819,0.36
39,40820,0.36
39,40821,0.36
39,40822,0.36
39,40823,0.36
39,40824,0.36
39,40825,0.36
39,40826,0.36
39,40827,0.36
39,40828,0.36
39,40829,0.36
39,40830,0.36
39,40831,0.36
39,40832,0.36
39,40833,0.36
39,40834,0.36
39,40835,0.36
39,40836,0.36
39,40837,0.36
39,40838,0.36
39,40839,0.36
39,40840,0.36
39,40841,0.36
39,40842,0.36
39,40843,0.0
39,40844,0.0
39,40845,0.0
39,40846,0.0
39,40847,0.0
39,40848,0.0
39,40901,0.0
39,40902,0.0
39,40903,0.0
39,40904,0.0
39,40905,0.0
39,40906,0.0
39,40907,0.0
39,40908,0.0
39,40909,0.0
39,40910,0.0
39,40911,0.0
39,40912,0.0
39,40913,0.0
39,40914,0.0
39,40915,0.0
39,40916,0.36
39,40917,0.36
39,40918,0.36
39,40919,0.36
39,40920,0.36
39,40921,0.36
39,40922,0.36
39,40923,0.36
39,40924,0.36
39,40925,0.36
39,40926,0.36
39,40927,0.36
39,40928,0.36
39,40929,0.36
39,40930,0.36
39,40931,0.36
39,40932,0.36
39,40933,0.36
39,40934,0.36
39,40935,0.36
39,40936,0.36
39,40937,0.36
39,40938,0.36
39,40939,0.36
39,40940,0.36
39,40941,0.36
39,40942,0.36
39,40943,0.0
39,40944,0.0
39,40945,0.0
39,40946,0.0
39,40947,0.0
39,40948,0.0
39,41001,0.0
39,41002,0.0
39,41003,0.0
39,41004,0.0
39,41005,0.0
39,41006,0.0
39,41007,0.0
39,41008,0.0
39,41009,0.0
39,41010,0.0
39,41011,0.0
39,41012,0.0
39,41013,0.0
39,41014,0.0
39,41015,0.0
39,41016,0.36
39,41017,0.36
39,41018,0.36
39,41019,0.36
39,41020,0.36
39,41021,0.36
39,41022,0.36
39,41023,0.36
39,41024,0.36
39,41025,0.36
39,41026,0.36
39,41027,0.36
39,41028,0.36
39,41029,0.36
39,41030,0.36
39,41031,0.36
39,41032,0.36
39,41033,0.36
39,41034,0.36
39,41035,0.36
39,41036,0.36
39,41037,0.36
39,41038,0.36
39,41039,0.36
39,41040,0.36
39,41041,0.36
39,41042,0.36
39,41043,0.0
39,41044,0.0
39,41045,0.0
39,41046,0.0
39,41047,0.0
39,41048,0.0
39,41101,0.0
39,41102,0.0
39,41103,0.0
39,41104,0.0
39,41105,0.0
39,41106,0.0
39,41107,0.0
39,41108,0.0
39,41109,0.0
39,41110,0.0
39,41111,0.0
39,41112,0.0
39,41113,0.0
39,41114,0.0
39,41115,0.0
39,41116,0.36
39,41117,0.36
39,41118,0.36
39,41119,0.36
39,41120,0.36
39,41121,0.36
39,41122,0.36
39,41123,0.36
39,41124,0.36
39,41125,0.36
39,41126,0.36
39,41127,0.36
39,41128,0.36
39,41129,0.36
39,41130,0.36
39,41131,0.36
39,41132,0.36
39,41133,0.36
39,41134,0.36
39,41135,0.36
39,41136,0.36
39,41137,0.36
39,41138,0.36
39,41139,0.36
39,41140,0.36
39,41141,0.36
39,41142,0.36
39,41143,0.0
39,41144,0.0
39,41145,0.0
39,41146,0.0
39,41147,0.0
39,41148,0.0
39,41201,0.0
39,41202,0.0
39,41203,0.0
39,41204,0.0
39,41205,0.0
39,41206,0.0
39,41207,0.0
39,41208,0.0
39,41209,0.0
39,41210,0.0
39,41211,0.0
39,41212,0.0
39,41213,0.0
39,41214,0.0
39,41215,0.0
39,41216,0.37
39,41217,0.37
39,41218,0.37
39,41219,0.37
39,41220,0.37
39,41221,0.37
39,41222,0.37
39,41223,0.37
39,41224,0.37
39,41225,0.37
39,41226,0.37
39,41227,0.37
39,41228,0.37
39,41229,0.37
39,41230,0.37
39,41231,0.37
39,41232,0.37
39,41233,0.37
39,41234,0.37
39,41235,0.37
39,41236,0.37
39,41237,0.37
39,41238,0.37
39,41239,0.37
39,41240,0.37
39,41241,0.37
39,41242,0.37
39,41243,0.0
39,41244,0.0
39,41245,0.0
39,41246,0.0
39,41247,0.0
39,41248,0.0
39,41301,0.0
39,41302,0.0
39,41303,0.0
39,41304,0.0
39,41305,0.0
39,41306,0.0
39,41307,0.0
39,41308,0.0
39,41309,0.0
39,41310,0.0
39,41311,0.0
39,41312,0.0
39,41313,0.0
39,41314,0.0
39,41315,0.0
39,41316,0.37
39,41317,0.37
39,41318,0.37
39,41319,0.37
39,41320,0.37
39,41321,0.37
39,41322,0.37
39,41323,0.37
39,41324,0.37
39,41325,0.37
39,41326,0.37
39,41327,0.37
39,41328,0.37
39,41329,0.37
39,41330,0.37
39,41331,0.37
39,41332,0.37
39,41333,0.37
39,41334,0.37
39,41335,0.37
39,41336,0.37
39,41337,0.37
39,41338,0.37
39,41339,0.37
39,41340,0.37
39,41341,0.37
39,41342,0.37
39,41343,0.0
39,41344,0.0
39,41345,0.0
39,41346,0.0
39,41347,0.0
39,41348,0.0
39,41401,0.0
39,41402,0.0
39,41403,0.0
39,41404,0.0
39,41405,0.0
39,41406,0.0
39,41407,0.0
39,41408,0.0
39,41409,0.0
39,41410,0.0
39,41411,0.0
39,41412,0.0
39,41413,0.0
39,41414,0.0
39,41415,0.0
39,41416,0.37
39,41417,0.37
39,41418,0.37
39,41419,0.37
39,41420,0.37
39,41421,0.37
39,41422,0.37
39,41423,0.37
39,41424,0.37
39,41425,0.37
39,41426,0.37
39,41427,0.37
39,41428,0.37
39,41429,0.37
39,41430,0.37
39,41431,0.37
39,41432,0.37
39,41433,0.37
39,41434,0.37
39,41435,0.37
39,41436,0.37
39,41437,0.37
39,41438,0.37
39,41439,0.37
39,41440,0.37
39,41441,0.37
39,41442,0.37
39,41443,0.0
39,41444,0.0
39,41445,0.0
39,41446,0.0
39,41447,0.0
39,41448,0.0
39,41501,0.0
39,41502,0.0
39,41503,0.0
39,41504,0.0
39,41505,0.0
39,41506,0.0
39,41507,0.0
39,41508,0.0
39,41509,0.0
39,41510,0.0
39,41511,0.0
39,41512,0.0
39,41513,0.0
39,41514,0.0
39,41515,0.0
39,41516,0.37
39,41517,0.37
39,41518,0.37
39,41519,0.37
39,41520,0.37
39,41521,0.37
39,41522,0.37
39,41523,0.37
39,41524,0.37
39,41525,0.37
39,41526,0.37
39,41527,0.37
39,41528,0.37
39,41529,0.37
39,41530,0.37
39,41531,0.37
39,41532,0.37
39,41533,0.37
39,41534,0.37
39,41535,0.37
39,41536,0.37
39,41537,0.37
39,41538,0.37
39,41539,0.37
39,41540,0.37
39,41541,0.37
39,41542,0.37
39,41543,0.0
39,41544,0.0
39,41545,0.0
39,41546,0.0
39,41547,0.0
39,41548,0.0
39,41601,0.0
39,41602,0.0
39,41603,0.0
39,41604,0.0
39,41605,0.0
39,41606,0.0
39,41607,0.0
39,41608,0.0
39,41609,0.0
39,41610,0.0
39,41611,0.0
39,41612,0.0
39,41613,0.0
39,41614,0.0
39,41615,0.0
39,41616,0.37
39,41617,0.37
39,41618,0.37
39,41619,0.37
39,41620,0.37
39,41621,0.37
39,41622,0.37
39,41623,0.37
39,41624,0.37
39,41625,0.37
39,41626,0.37
39,41627,0.37
39,41628,0.37
39,41629,0.37
39,41630,0.37
39,41631,0.37
39,41632,0.37
39,41633,0.37
39,41634,0.37
39,41635,0.37
39,41636,0.37
39,41637,0.37
39,41638,0.37
39,41639,0.37
39,41640,0.37
39,41641,0.37
39,41642,0.37
39,41643,0.0
39,41644,0.0
39,41645,0.0
39,41646,0.0
39,41647,0.0
39,41648,0.0
39,41701,0.0
39,41702,0.0
39,41703,0.0
39,41704,0.0
39,41705,0.0
39,41706,0.0
39,41707,0.0
39,41708,0.0
39,41709,0.0
39,41710,0.0
39,41711,0.0
39,41712,0.0
39,41713,0.0
39,41714,0.0
39,41715,0.0
39,41716,0.37
39,41717,0.37
39,41718,0.37
39,41719,0.37
39,41720,0.37
39,41721,0.37
39,41722,0.37
39,41723,0.37
39,41724,0.37
39,41725,0.37
39,41726,0.37
39,41727,0.37
39,41728,0.37
39,41729,0.37
39,41730,0.37
39,41731,0.37
39,41732,0.37
39,41733,0.37
39,41734,0.37
39,41735,0.37
39,41736,0.37
39,41737,0.37
39,41738,0.37
39,41739,0.37
39,41740,0.37
39,41741,0.37
39,41742,0.37
39,41743,0.0
39,41744,0.0
39,41745,0.0
39,41746,0.0
39,41747,0.0
39,41748,0.0
39,41801,0.0
39,41802,0.0
39,41803,0.0
39,41804,0.0
39,41805,0.0
39,41806,0.0
39,41807,0.0
39,41808,0.0
39,41809,0.0
39,41810,0.0
39,41811,0.0
39,41812,0.0
39,41813,0.0
39,41814,0.0
39,41815,0.0
39,41816,0.37
39,41817,0.37
39,41818,0.37
39,41819,0.37
39,41820,0.37
39,41821,0.37
39,41822,0.37
39,41823,0.37
39,41824,0.37
39,41825,0.37
39,41826,0.37
39,41827,0.37
39,41828,0.37
39,41829,0.37
39,41830,0.37
39,41831,0.37
39,41832,0.37
39,41833,0.37
39,41834,0.37
39,41835,0.37
39,41836,0.37
39,41837,0.37
39,41838,0.37
39,41839,0.37
39,41840,0.37
39,41841,0.37
39,41842,0.37
39,41843,0.0
39,41844,0.0
39,41845,0.0
39,41846,0.0
39,41847,0.0
39,41848,0.0
39,41901,0.0
39,41902,0.0
39,41903,0.0
39,41904,0.0
39,41905,0.0
39,41906,0.0
39,41907,0.0
39,41908,0.0
39,41909,0.0
39,41910,0.0
39,41911,0.0
39,41912,0.0
39,41913,0.0
39,41914,0.0
39,41915,0.0
39,41916,0.35
39,41917,0.35
39,41918,0.35
39,41919,0.35
39,41920,0.35
39,41921,0.35
39,41922,0.35
39,41923,0.35
39,41924,0.35
39,41925,0.35
39,41926,0.35
39,41927,0.35
39,41928,0.35
39,41929,0.35
39,41930,0.35
39,41931,0.35
39,41932,0.35
39,41933,0.35
39,41934,0.35
39,41935,0.35
39,41936,0.35
39,41937,0.35
39,41938,0.35
39,41939,0.35
39,41940,0.35
39,41941,0.35
39,41942,0.35
39,41943,0.0
39,41944,0.0
39,41945,0.0
39,41946,0.0
39,41947,0.0
39,41948,0.0
39,42001,0.0
39,42002,0.0
39,42003,0.0
39,42004,0.0
39,42005,0.0
39,42006,0.0
39,42007,0.0
39,42008,0.0
39,42009,0.0
39,42010,0.0
39,42011,0.0
39,42012,0.0
39,42013,0.0
39,42014,0.0
39,42015,0.0
39,42016,0.35
39,42017,0.35
39,42018,0.35
39,42019,0.35
39,42020,0.35
39,42021,0.35
39,42022,0.35
39,42023,0.35
39,42024,0.35
39,42025,0.35
39,42026,0.35
39,42027,0.35
39,42028,0.35
39,42029,0.35
39,42030,0.35
39,42031,0.35
39,42032,0.35
39,42033,0.35
39,42034,0.35
39,42035,0.35
39,42036,0.35
39,42037,0.35
39,42038,0.35
39,42039,0.35
39,42040,0.35
39,42041,0.35
39,42042,0.35
39,42043,0.0
39,42044,0.0
39,42045,0.0
39,42046,0.0
39,42047,0.0
39,42048,0.0
39,42101,0.0
39,42102,0.0
39,42103,0.0
39,42104,0.0
39,42105,0.0
39,42106,0.0
39,42107,0.0
39,42108,0.0
39,42109,0.0
39,42110,0.0
39,42111,0.0
39,42112,0.0
39,42113,0.0
39,42114,0.0
39,42115,0.0
39,42116,0.35
39,42117,0.35
39,42118,0.35
39,42119,0.35
39,42120,0.35
39,42121,0.35
39,42122,0.35
39,42123,0.35
39,42124,0.35
39,42125,0.35
39,42126,0.35
39,42127,0.35
39,42128,0.35
39,42129,0.35
39,42130,0.35
39,42131,0.35
39,42132,0.35
39,42133,0.35
39,42134,0.35
39,42135,0.35
39,42136,0.35
39,42137,0.35
39,42138,0.35
39,42139,0.35
39,42140,0.35
39,42141,0.35
39,42142,0.35
39,42143,0.0
39,42144,0.0
39,42145,0.0
39,42146,0.0
39,42147,0.0
39,42148,0.0
39,42201,0.0
39,42202,0.0
39,42203,0.0
39,42204,0.0
39,42205,0.0
39,42206,0.0
39,42207,0.0
39,42208,0.0
39,42209,0.0
39,42210,0.0
39,42211,0.0
39,42212,0.0
39,42213,0.0
39,42214,0.0
39,42215,0.0
39,42216,0.35
39,42217,0.35
39,42218,0.35
39,42219,0.35
39,42220,0.35
39,42221,0.35
39,42222,0.35
39,42223,0.35
39,42224,0.35
39,42225,0.35
39,42226,0.35
39,42227,0.35
39,42228,0.35
39,42229,0.35
39,42230,0.35
39,42231,0.35
39,42232,0.35
39,42233,0.35
39,42234,0.35
39,42235,0.35
39,42236,0.35
39,42237,0.35
39,42238,0.35
39,42239,0.35
39,42240,0.35
39,42241,0.35
39,42242,0.35
39,42243,0.0
39,42244,0.0
39,42245,0.0
39,42246,0.0
39,42247,0.0
39,42248,0.0
39,42301,0.0
39,42302,0.0
39,42303,0.0
39,42304,0.0
39,42305,0.0
39,42306,0.0
39,42307,0.0
39,42308,0.0
39,42309,0.0
39,42310,0.0
39,42311,0.0
39,42312,0.0
39,42313,0.0
39,42314,0.0
39,42315,0.0
39,42316,0.35
39,42317,0.35
39,42318,0.35
39,42319,0.35
39,42320,0.35
39,42321,0.35
39,42322,0.35
39,42323,0.35
39,42324,0.35
39,42325,0.35
39,42326,0.35
39,42327,0.35
39,42328,0.35
39,42329,0.35
39,42330,0.35
39,42331,0.35
39,42332,0.35
39,42333,0.35
39,42334,0.35
39,42335,0.35
39,42336,0.35
39,42337,0.35
39,42338,0.35
39,42339,0.35
39,42340,0.35
39,42341,0.35
39,42342,0.35
39,42343,0.0
39,42344,0.0
39,42345,0.0
39,42346,0.0
39,42347,0.0
39,42348,0.0
39,42401,0.0
39,42402,0.0
39,42403,0.0
39,42404,0.0
39,42405,0.0
39,42406,0.0
39,42407,0.0
39,42408,0.0
39,42409,0.0
39,42410,0.0
39,42411,0.0
39,42412,0.0
39,42413,0.0
39,42414,0.0
39,42415,0.0
39,42416,0.35
39,42417,0.35
39,42418,0.35
39,42419,0.35
39,42420,0.35
39,42421,0.35
39,42422,0.35
39,42423,0.35
39,42424,0.35
39,42425,0.35
39,42426,0.35
39,42427,0.35
39,42428,0.35
39,42429,0.35
39,42430,0.35
39,42431,0.35
39,42432,0.35
39,42433,0.35
39,42434,0.35
39,42435,0.35
39,42436,0.35
39,42437,0.35
39,42438,0.35
39,42439,0.35
39,42440,0.35
39,42441,0.35
39,42442,0.35
39,42443,0.0
39,42444,0.0
39,42445,0.0
39,42446,0.0
39,42447,0.0
39,42448,0.0
39,42501,0.0
39,42502,0.0
39,42503,0.0
39,42504,0.0
39,42505,0.0
39,42506,0.0
39,42507,0.0
39,42508,0.0
39,42509,0.0
39,42510,0.0
39,42511,0.0
39,42512,0.0
39,42513,0.0
39,42514,0.0
39,42515,0.35
39,42516,0.35
39,42517,0.35
39,42518,0.35
39,42519,0.35
39,42520,0.35
39,42521,0.35
39,42522,0.35
39,42523,0.35
39,42524,0.35
39,42525,0.35
39,42526,0.35
39,42527,0.35
39,42528,0.35
39,42529,0.35
39,42530,0.35
39,42531,0.35
39,42532,0.35
39,42533,0.35
39,42534,0.35
39,42535,0.35
39,42536,0.35
39,42537,0.35
39,42538,0.35
39,42539,0.35
39,42540,0.35
39,42541,0.35
39,42542,0.35
39,42543,0.0
39,42544,0.0
39,42545,0.0
39,42546,0.0
39,42547,0.0
39,42548,0.0
39,42601,0.0
39,42602,0.0
39,42603,0.0
39,42604,0.0
39,42605,0.0
39,42606,0.0
39,42607,0.0
39,42608,0.0
39,42609,0.0
39,42610,0.0
39,42611,0.0
39,42612,0.0
39,42613,0.0
39,42614,0.0
39,42615,0.32
39,42616,0.32
39,42617,0.32
39,42618,0.32
39,42619,0.32
39,42620,0.32
39,42621,0.32
39,42622,0.32
39,42623,0.32
39,42624,0.32
39,42625,0.32
39,42626,0.32
39,42627,0.32
39,42628,0.32
39,42629,0.32
39,42630,0.32
39,42631,0.32
39,42632,0.32
39,42633,0.32
39,42634,0.32
39,42635,0.32
39,42636,0.32
39,42637,0.32
39,42638,0.32
39,42639,0.32
39,42640,0.32
39,42641,0.32
39,42642,0.32
39,42643,0.0
39,42644,0.0
39,42645,0.0
39,42646,0.0
39,42647,0.0
39,42648,0.0
39,42701,0.0
39,42702,0.0
39,42703,0.0
39,42704,0.0
39,42705,0.0
39,42706,0.0
39,42707,0.0
39,42708,0.0
39,42709,0.0
39,42710,0.0
39,42711,0.0
39,42712,0.0
39,42713,0.0
39,42714,0.0
39,42715,0.32
39,42716,0.32
39,42717,0.32
39,42718,0.32
39,42719,0.32
39,42720,0.32
39,42721,0.32
39,42722,0.32
39,42723,0.32
39,42724,0.32
39,42725,0.32
39,42726,0.32
39,42727,0.32
39,42728,0.32
39,42729,0.32
39,42730,0.32
39,42731,0.32
39,42732,0.32
39,42733,0.32
39,42734,0.32
39,42735,0.32
39,42736,0.32
39,42737,0.32
39,42738,0.32
39,42739,0.32
39,42740,0.32
39,42741,0.32
39,42742,0.32
39,42743,0.0
39,42744,0.0
39,42745,0.0
39,42746,0.0
39,42747,0.0
39,42748,0.0
39,42801,0.0
39,42802,0.0
39,42803,0.0
39,42804,0.0
39,42805,0.0
39,42806,0.0
39,42807,0.0
39,42808,0.0
39,42809,0.0
39,42810,0.0
39,42811,0.0
39,42812,0.0
39,42813,0.0
39,42814,0.0
39,42815,0.32
39,42816,0.32
39,42817,0.32
39,42818,0.32
39,42819,0.32
39,42820,0.32
39,42821,0.32
39,42822,0.32
39,42823,0.32
39,42824,0.32
39,42825,0.32
39,42826,0.32
39,42827,0.32
39,42828,0.32
39,42829,0.32
39,42830,0.32
39,42831,0.32
39,42832,0.32
39,42833,0.32
39,42834,0.32
39,42835,0.32
39,42836,0.32
39,42837,0.32
39,42838,0.32
39,42839,0.32
39,42840,0.32
39,42841,0.32
39,42842,0.32
39,42843,0.0
39,42844,0.0
39,42845,0.0
39,42846,0.0
39,42847,0.0
39,42848,0.0
39,42901,0.0
39,42902,0.0
39,42903,0.0
39,42904,0.0
39,42905,0.0
39,42906,0.0
39,42907,0.0
39,42908,0.0
39,42909,0.0
39,42910,0.0
39,42911,0.0
39,42912,0.0
39,42913,0.0
39,42914,0.0
39,42915,0.32
39,42916,0.32
39,42917,0.32
39,42918,0.32
39,42919,0.32
39,42920,0.32
39,42921,0.32
39,42922,0.32
39,42923,0.32
39,42924,0.32
39,42925,0.32
39,42926,0.32
39,42927,0.32
39,42928,0.32
39,42929,0.32
39,42930,0.32
39,42931,0.32
39,42932,0.32
39,42933,0.32
39,42934,0.32
39,42935,0.32
39,42936,0.32
39,42937,0.32
39,42938,0.32
39,42939,0.32
39,42940,0.32
39,42941,0.32
39,42942,0.32
39,42943,0.0
39,42944,0.0
39,42945,0.0
39,42946,0.0
39,42947,0.0
39,42948,0.0
39,43001,0.0
39,43002,0.0
39,43003,0.0
39,43004,0.0
39,43005,0.0
39,43006,0.0
39,43007,0.0
39,43008,0.0
39,43009,0.0
39,43010,0.0
39,43011,0.0
39,43012,0.0
39,43013,0.0
39,43014,0.0
39,43015,0.32
39,43016,0.32
39,43017,0.32
39,43018,0.32
39,43019,0.32
39,43020,0.32
39,43021,0.32
39,43022,0.32
39,43023,0.32
39,43024,0.32
39,43025,0.32
39,43026,0.32
39,43027,0.32
39,43028,0.32
39,43029,0.32
39,43030,0.32
39,43031,0.32
39,43032,0.32
39,43033,0.32
39,43034,0.32
39,43035,0.32
39,43036,0.32
39,43037,0.32
39,43038,0.32
39,43039,0.32
39,43040,0.32
39,43041,0.32
39,43042,0.32
39,43043,0.0
39,43044,0.0
39,43045,0.0
39,43046,0.0
39,43047,0.0
39,43048,0.0
39,43101,0.0
39,43102,0.0
39,43103,0.0
39,43104,0.0
39,43105,0.0
39,43106,0.0
39,43107,0.0
39,43108,0.0
39,43109,0.0
39,43110,0.0
39,43111,0.0
39,43112,0.0
39,43113,0.0
39,43114,0.0
39,43115,0.32
39,43116,0.32
39,43117,0.32
39,43118,0.32
39,43119,0.32
39,43120,0.32
39,43121,0.32
39,43122,0.32
39,43123,0.32
39,43124,0.32
39,43125,0.32
39,43126,0.32
39,43127,0.32
39,43128,0.32
39,43129,0.32
39,43130,0.32
39,43131,0.32
39,43132,0.32
39,43133,0.32
39,43134,0.32
39,43135,0.32
39,43136,0.32
39,43137,0.32
39,43138,0.32
39,43139,0.32
39,43140,0.32
39,43141,0.32
39,43142,0.32
39,43143,0.0
39,43144,0.0
39,43145,0.0
39,43146,0.0
39,43147,0.0
39,43148,0.0
39,43201,0.0
39,43202,0.0
39,43203,0.0
39,43204,0.0
39,43205,0.0
39,43206,0.0
39,43207,0.0
39,43208,0.0
39,43209,0.0
39,43210,0.0
39,43211,0.0
39,43212,0.0
39,43213,0.0
39,43214,0.0
39,43215,0.32
39,43216,0.32
39,43217,0.32
39,43218,0.32
39,43219,0.32
39,43220,0.32
39,43221,0.32
39,43222,0.32
39,43223,0.32
39,43224,0.32
39,43225,0.32
39,43226,0.32
39,43227,0.32
39,43228,0.32
39,43229,0.32
39,43230,0.32
39,43231,0.32
39,43232,0.32
39,43233,0.32
39,43234,0.32
39,43235,0.32
39,43236,0.32
39,43237,0.32
39,43238,0.32
39,43239,0.32
39,43240,0.32
39,43241,0.32
39,43242,0.32
39,43243,0.0
39,43244,0.0
39,43245,0.0
39,43246,0.0
39,43247,0.0
39,43248,0.0
39,43301,0.0
39,43302,0.0
39,43303,0.0
39,43304,0.0
39,43305,0.0
39,43306,0.0
39,43307,0.0
39,43308,0.0
39,43309,0.0
39,43310,0.0
39,43311,0.0
39,43312,0.0
39,43313,0.0
39,43314,0.0
39,43315,0.33
39,43316,0.33
39,43317,0.33
39,43318,0.33
39,43319,0.33
39,43320,0.33
39,43321,0.33
39,43322,0.33
39,43323,0.33
39,43324,0.33
39,43325,0.33
39,43326,0.33
39,43327,0.33
39,43328,0.33
39,43329,0.33
39,43330,0.33
39,43331,0.33
39,43332,0.33
39,43333,0.33
39,43334,0.33
39,43335,0.33
39,43336,0.33
39,43337,0.33
39,43338,0.33
39,43339,0.33
39,43340,0.33
39,43341,0.33
39,43342,0.33
39,43343,0.0
39,43344,0.0
39,43345,0.0
39,43346,0.0
39,43347,0.0
39,43348,0.0
39,43401,0.0
39,43402,0.0
39,43403,0.0
39,43404,0.0
39,43405,0.0
39,43406,0.0
39,43407,0.0
39,43408,0.0
39,43409,0.0
39,43410,0.0
39,43411,0.0
39,43412,0.0
39,43413,0.0
39,43414,0.0
39,43415,0.33
39,43416,0.33
39,43417,0.33
39,43418,0.33
39,43419,0.33
39,43420,0.33
39,43421,0.33
39,43422,0.33
39,43423,0.33
39,43424,0.33
39,43425,0.33
39,43426,0.33
39,43427,0.33
39,43428,0.33
39,43429,0.33
39,43430,0.33
39,43431,0.33
39,43432,0.33
39,43433,0.33
39,43434,0.33
39,43435,0.33
39,43436,0.33
39,43437,0.33
39,43438,0.33
39,43439,0.33
39,43440,0.33
39,43441,0.33
39,43442,0.33
39,43443,0.0
39,43444,0.0
39,43445,0.0
39,43446,0.0
39,43447,0.0
39,43448,0.0
39,43501,0.0
39,43502,0.0
39,43503,0.0
39,43504,0.0
39,43505,0.0
39,43506,0.0
39,43507,0.0
39,43508,0.0
39,43509,0.0
39,43510,0.0
39,43511,0.0
39,43512,0.0
39,43513,0.0
39,43514,0.0
39,43515,0.33
39,43516,0.33
39,43517,0.33
39,43518,0.33
39,43519,0.33
39,43520,0.33
39,43521,0.33
39,43522,0.33
39,43523,0.33
39,43524,0.33
39,43525,0.33
39,43526,0.33
39,43527,0.33
39,43528,0.33
39,43529,0.33
39,43530,0.33
39,43531,0.33
39,43532,0.33
39,43533,0.33
39,43534,0.33
39,43535,0.33
39,43536,0.33
39,43537,0.33
39,43538,0.33
39,43539,0.33
39,43540,0.33
39,43541,0.33
39,43542,0.33
39,43543,0.0
39,43544,0.0
39,43545,0.0
39,43546,0.0
39,43547,0.0
39,43548,0.0
39,43601,0.0
39,43602,0.0
39,43603,0.0
39,43604,0.0
39,43605,0.0
39,43606,0.0
39,43607,0.0
39,43608,0.0
39,43609,0.0
39,43610,0.0
39,43611,0.0
39,43612,0.0
39,43613,0.0
39,43614,0.0
39,43615,0.33
39,43616,0.33
39,43617,0.33
39,43618,0.33
39,43619,0.33
39,43620,0.33
39,43621,0.33
39,43622,0.33
39,43623,0.33
39,43624,0.33
39,43625,0.33
39,43626,0.33
39,43627,0.33
39,43628,0.33
39,43629,0.33
39,43630,0.33
39,43631,0.33
39,43632,0.33
39,43633,0.33
39,43634,0.33
39,43635,0.33
39,43636,0.33
39,43637,0.33
39,43638,0.33
39,43639,0.33
39,43640,0.33
39,43641,0.33
39,43642,0.33
39,43643,0.0
39,43644,0.0
39,43645,0.0
39,43646,0.0
39,43647,0.0
39,43648,0.0
39,43701,0.0
39,43702,0.0
39,43703,0.0
39,43704,0.0
39,43705,0.0
39,43706,0.0
39,43707,0.0
39,43708,0.0
39,43709,0.0
39,43710,0.0
39,43711,0.0
39,43712,0.0
39,43713,0.0
39,43714,0.0
39,43715,0.33
39,43716,0.33
39,43717,0.33
39,43718,0.33
39,43719,0.33
39,43720,0.33
39,43721,0.33
39,43722,0.33
39,43723,0.33
39,43724,0.33
39,43725,0.33
39,43726,0.33
39,43727,0.33
39,43728,0.33
39,43729,0.33
39,43730,0.33
39,43731,0.33
39,43732,0.33
39,43733,0.33
39,43734,0.33
39,43735,0.33
39,43736,0.33
39,43737,0.33
39,43738,0.33
39,43739,0.33
39,43740,0.33
39,43741,0.33
39,43742,0.33
39,43743,0.0
39,43744,0.0
39,43745,0.0
39,43746,0.0
39,43747,0.0
39,43748,0.0
39,43801,0.0
39,43802,0.0
39,43803,0.0
39,43804,0.0
39,43805,0.0
39,43806,0.0
39,43807,0.0
39,43808,0.0
39,43809,0.0
39,43810,0.0
39,43811,0.0
39,43812,0.0
39,43813,0.0
39,43814,0.0
39,43815,0.33
39,43816,0.33
39,43817,0.33
39,43818,0.33
39,43819,0.33
39,43820,0.33
39,43821,0.33
39,43822,0.33
39,43823,0.33
39,43824,0.33
39,43825,0.33
39,43826,0.33
39,43827,0.33
39,43828,0.33
39,43829,0.33
39,43830,0.33
39,43831,0.33
39,43832,0.33
39,43833,0.33
39,43834,0.33
39,43835,0.33
39,43836,0.33
39,43837,0.33
39,43838,0.33
39,43839,0.33
39,43840,0.33
39,43841,0.33
39,43842,0.33
39,43843,0.0
39,43844,0.0
39,43845,0.0
39,43846,0.0
39,43847,0.0
39,43848,0.0
39,43901,0.0
39,43902,0.0
39,43903,0.0
39,43904,0.0
39,43905,0.0
39,43906,0.0
39,43907,0.0
39,43908,0.0
39,43909,0.0
39,43910,0.0
39,43911,0.0
39,43912,0.0
39,43913,0.0
39,43914,0.0
39,43915,0.33
39,43916,0.33
39,43917,0.33
39,43918,0.33
39,43919,0.33
39,43920,0.33
39,43921,0.33
39,43922,0.33
39,43923,0.33
39,43924,0.33
39,43925,0.33
39,43926,0.33
39,43927,0.33
39,43928,0.33
39,43929,0.33
39,43930,0.33
39,43931,0.33
39,43932,0.33
39,43933,0.33
39,43934,0.33
39,43935,0.33
39,43936,0.33
39,43937,0.33
39,43938,0.33
39,43939,0.33
39,43940,0.33
39,43941,0.33
39,43942,0.33
39,43943,0.0
39,43944,0.0
39,43945,0.0
39,43946,0.0
39,43947,0.0
39,43948,0.0
39,44001,0.0
39,44002,0.0
39,44003,0.0
39,44004,0.0
39,44005,0.0
39,44006,0.0
39,44007,0.0
39,44008,0.0
39,44009,0.0
39,44010,0.0
39,44011,0.0
39,44012,0.0
39,44013,0.0
39,44014,0.0
39,44015,0.36
39,44016,0.36
39,44017,0.36
39,44018,0.36
39,44019,0.36
39,44020,0.36
39,44021,0.36
39,44022,0.36
39,44023,0.36
39,44024,0.36
39,44025,0.36
39,44026,0.36
39,44027,0.36
39,44028,0.36
39,44029,0.36
39,44030,0.36
39,44031,0.36
39,44032,0.36
39,44033,0.36
39,44034,0.36
39,44035,0.36
39,44036,0.36
39,44037,0.36
39,44038,0.36
39,44039,0.36
39,44040,0.36
39,44041,0.36
39,44042,0.36
39,44043,0.0
39,44044,0.0
39,44045,0.0
39,44046,0.0
39,44047,0.0
39,44048,0.0
39,44101,0.0
39,44102,0.0
39,44103,0.0
39,44104,0.0
39,44105,0.0
39,44106,0.0
39,44107,0.0
39,44108,0.0
39,44109,0.0
39,44110,0.0
39,44111,0.0
39,44112,0.0
39,44113,0.0
39,44114,0.0
39,44115,0.36
39,44116,0.36
39,44117,0.36
39,44118,0.36
39,44119,0.36
39,44120,0.36
39,44121,0.36
39,44122,0.36
39,44123,0.36
39,44124,0.36
39,44125,0.36
39,44126,0.36
39,44127,0.36
39,44128,0.36
39,44129,0.36
39,44130,0.36
39,44131,0.36
39,44132,0.36
39,44133,0.36
39,44134,0.36
39,44135,0.36
39,44136,0.36
39,44137,0.36
39,44138,0.36
39,44139,0.36
39,44140,0.36
39,44141,0.36
39,44142,0.36
39,44143,0.0
39,44144,0.0
39,44145,0.0
39,44146,0.0
39,44147,0.0
39,44148,0.0
39,44201,0.0
39,44202,0.0
39,44203,0.0
39,44204,0.0
39,44205,0.0
39,44206,0.0
39,44207,0.0
39,44208,0.0
39,44209,0.0
39,44210,0.0
39,44211,0.0
39,44212,0.0
39,44213,0.0
39,44214,0.0
39,44215,0.36
39,44216,0.36
39,44217,0.36
39,44218,0.36
39,44219,0.36
39,44220,0.36
39,44221,0.36
39,44222,0.36
39,44223,0.36
39,44224,0.36
39,44225,0.36
39,44226,0.36
39,44227,0.36
39,44228,0.36
39,44229,0.36
39,44230,0.36
39,44231,0.36
39,44232,0.36
39,44233,0.36
39,44234,0.36
39,44235,0.36
39,44236,0.36
39,44237,0.36
39,44238,0.36
39,44239,0.36
39,44240,0.36
39,44241,0.36
39,44242,0.36
39,44243,0.0
39,44244,0.0
39,44245,0.0
39,44246,0.0
39,44247,0.0
39,44248,0.0
39,44301,0.0
39,44302,0.0
39,44303,0.0
39,44304,0.0
39,44305,0.0
39,44306,0.0
39,44307,0.0
39,44308,0.0
39,44309,0.0
39,44310,0.0
39,44311,0.0
39,44312,0.0
39,44313,0.0
39,44314,0.0
39,44315,0.36
39,44316,0.36
39,44317,0.36
39,44318,0.36
39,44319,0.36
39,44320,0.36
39,44321,0.36
39,44322,0.36
39,44323,0.36
39,44324,0.36
39,44325,0.36
39,44326,0.36
39,44327,0.36
39,44328,0.36
39,44329,0.36
39,44330,0.36
39,44331,0.36
39,44332,0.36
39,44333,0.36
39,44334,0.36
39,44335,0.36
39,44336,0.36
39,44337,0.36
39,44338,0.36
39,44339,0.36
39,44340,0.36
39,44341,0.36
39,44342,0.36
39,44343,0.0
39,44344,0.0
39,44345,0.0
39,44346,0.0
39,44347,0.0
39,44348,0.0
39,44401,0.0
39,44402,0.0
39,44403,0.0
39,44404,0.0
39,44405,0.0
39,44406,0.0
39,44407,0.0
39,44408,0.0
39,44409,0.0
39,44410,0.0
39,44411,0.0
39,44412,0.0
39,44413,0.0
39,44414,0.0
39,44415,0.36
39,44416,0.36
39,44417,0.36
39,44418,0.36
39,44419,0.36
39,44420,0.36
39,44421,0.36
39,44422,0.36
39,44423,0.36
39,44424,0.36
39,44425,0.36
39,44426,0.36
39,44427,0.36
39,44428,0.36
39,44429,0.36
39,44430,0.36
39,44431,0.36
39,44432,0.36
39,44433,0.36
39,44434,0.36
39,44435,0.36
39,44436,0.36
39,44437,0.36
39,44438,0.36
39,44439,0.36
39,44440,0.36
39,44441,0.36
39,44442,0.36
39,44443,0.0
39,44444,0.0
39,44445,0.0
39,44446,0.0
39,44447,0.0
39,44448,0.0
39,44501,0.0
39,44502,0.0
39,44503,0.0
39,44504,0.0
39,44505,0.0
39,44506,0.0
39,44507,0.0
39,44508,0.0
39,44509,0.0
39,44510,0.0
39,44511,0.0
39,44512,0.0
39,44513,0.0
39,44514,0.0
39,44515,0.36
39,44516,0.36
39,44517,0.36
39,44518,0.36
39,44519,0.36
39,44520,0.36
39,44521,0.36
39,44522,0.36
39,44523,0.36
39,44524,0.36
39,44525,0.36
39,44526,0.36
39,44527,0.36
39,44528,0.36
39,44529,0.36
39,44530,0.36
39,44531,0.36
39,44532,0.36
39,44533,0.36
39,44534,0.36
39,44535,0.36
39,44536,0.36
39,44537,0.36
39,44538,0.36
39,44539,0.36
39,44540,0.36
39,44541,0.36
39,44542,0.36
39,44543,0.0
39,44544,0.0
39,44545,0.0
39,44546,0.0
39,44547,0.0
39,44548,0.0
39,44601,0.0
39,44602,0.0
39,44603,0.0
39,44604,0.0
39,44605,0.0
39,44606,0.0
39,44607,0.0
39,44608,0.0
39,44609,0.0
39,44610,0.0
39,44611,0.0
39,44612,0.0
39,44613,0.0
39,44614,0.0
39,44615,0.36
39,44616,0.36
39,44617,0.36
39,44618,0.36
39,44619,0.36
39,44620,0.36
39,44621,0.36
39,44622,0.36
39,44623,0.36
39,44624,0.36
39,44625,0.36
39,44626,0.36
39,44627,0.36
39,44628,0.36
39,44629,0.36
39,44630,0.36
39,44631,0.36
39,44632,0.36
39,44633,0.36
39,44634,0.36
39,44635,0.36
39,44636,0.36
39,44637,0.36
39,44638,0.36
39,44639,0.36
39,44640,0.36
39,44641,0.36
39,44642,0.36
39,44643,0.0
39,44644,0.0
39,44645,0.0
39,44646,0.0
39,44647,0.0
39,44648,0.0
39,44701,0.0
39,44702,0.0
39,44703,0.0
39,44704,0.0
39,44705,0.0
39,44706,0.0
39,44707,0.0
39,44708,0.0
39,44709,0.0
39,44710,0.0
39,44711,0.0
39,44712,0.0
39,44713,0.0
39,44714,0.0
39,44715,0.3320000000000001
39,44716,0.3320000000000001
39,44717,0.3320000000000001
39,44718,0.3320000000000001
39,44719,0.3320000000000001
39,44720,0.3320000000000001
39,44721,0.3320000000000001
39,44722,0.3320000000000001
39,44723,0.3320000000000001
39,44724,0.3320000000000001
39,44725,0.3320000000000001
39,44726,0.3320000000000001
39,44727,0.3320000000000001
39,44728,0.3320000000000001
39,44729,0.3320000000000001
39,44730,0.3320000000000001
39,44731,0.3320000000000001
39,44732,0.3320000000000001
39,44733,0.3320000000000001
39,44734,0.3320000000000001
39,44735,0.3320000000000001
39,44736,0.3320000000000001
39,44737,0.3320000000000001
39,44738,0.3320000000000001
39,44739,0.3320000000000001
39,44740,0.3320000000000001
39,44741,0.3320000000000001
39,44742,0.3320000000000001
39,44743,0.0
39,44744,0.0
39,44745,0.0
39,44746,0.0
39,44747,0.0
39,44748,0.0
39,44801,0.0
39,44802,0.0
39,44803,0.0
39,44804,0.0
39,44805,0.0
39,44806,0.0
39,44807,0.0
39,44808,0.0
39,44809,0.0
39,44810,0.0
39,44811,0.0
39,44812,0.0
39,44813,0.0
39,44814,0.0
39,44815,0.3320000000000001
39,44816,0.3320000000000001
39,44817,0.3320000000000001
39,44818,0.3320000000000001
39,44819,0.3320000000000001
39,44820,0.3320000000000001
39,44821,0.3320000000000001
39,44822,0.3320000000000001
39,44823,0.3320000000000001
39,44824,0.3320000000000001
39,44825,0.3320000000000001
39,44826,0.3320000000000001
39,44827,0.3320000000000001
39,44828,0.3320000000000001
39,44829,0.3320000000000001
39,44830,0.3320000000000001
39,44831,0.3320000000000001
39,44832,0.3320000000000001
39,44833,0.3320000000000001
39,44834,0.3320000000000001
39,44835,0.3320000000000001
39,44836,0.3320000000000001
39,44837,0.3320000000000001
39,44838,0.3320000000000001
39,44839,0.3320000000000001
39,44840,0.3320000000000001
39,44841,0.3320000000000001
39,44842,0.3320000000000001
39,44843,0.0
39,44844,0.0
39,44845,0.0
39,44846,0.0
39,44847,0.0
39,44848,0.0
39,44901,0.0
39,44902,0.0
39,44903,0.0
39,44904,0.0
39,44905,0.0
39,44906,0.0
39,44907,0.0
39,44908,0.0
39,44909,0.0
39,44910,0.0
39,44911,0.0
39,44912,0.0
39,44913,0.0
39,44914,0.0
39,44915,0.3320000000000001
39,44916,0.3320000000000001
39,44917,0.3320000000000001
39,44918,0.3320000000000001
39,44919,0.3320000000000001
39,44920,0.3320000000000001
39,44921,0.3320000000000001
39,44922,0.3320000000000001
39,44923,0.3320000000000001
39,44924,0.3320000000000001
39,44925,0.3320000000000001
39,44926,0.3320000000000001
39,44927,0.3320000000000001
39,44928,0.3320000000000001
39,44929,0.3320000000000001
39,44930,0.3320000000000001
39,44931,0.3320000000000001
39,44932,0.3320000000000001
39,44933,0.3320000000000001
39,44934,0.3320000000000001
39,44935,0.3320000000000001
39,44936,0.3320000000000001
39,44937,0.3320000000000001
39,44938,0.3320000000000001
39,44939,0.3320000000000001
39,44940,0.3320000000000001
39,44941,0.3320000000000001
39,44942,0.3320000000000001
39,44943,0.0
39,44944,0.0
39,44945,0.0
39,44946,0.0
39,44947,0.0
39,44948,0.0
39,45001,0.0
39,45002,0.0
39,45003,0.0
39,45004,0.0
39,45005,0.0
39,45006,0.0
39,45007,0.0
39,45008,0.0
39,45009,0.0
39,45010,0.0
39,45011,0.0
39,45012,0.0
39,45013,0.0
39,45014,0.0
39,45015,0.3320000000000001
39,45016,0.3320000000000001
39,45017,0.3320000000000001
39,45018,0.3320000000000001
39,45019,0.3320000000000001
39,45020,0.3320000000000001
39,45021,0.3320000000000001
39,45022,0.3320000000000001
39,45023,0.3320000000000001
39,45024,0.3320000000000001
39,45025,0.3320000000000001
39,45026,0.3320000000000001
39,45027,0.3320000000000001
39,45028,0.3320000000000001
39,45029,0.3320000000000001
39,45030,0.3320000000000001
39,45031,0.3320000000000001
39,45032,0.3320000000000001
39,45033,0.3320000000000001
39,45034,0.3320000000000001
39,45035,0.3320000000000001
39,45036,0.3320000000000001
39,45037,0.3320000000000001
39,45038,0.3320000000000001
39,45039,0.3320000000000001
39,45040,0.3320000000000001
39,45041,0.3320000000000001
39,45042,0.3320000000000001
39,45043,0.0
39,45044,0.0
39,45045,0.0
39,45046,0.0
39,45047,0.0
39,45048,0.0
39,45101,0.0
39,45102,0.0
39,45103,0.0
39,45104,0.0
39,45105,0.0
39,45106,0.0
39,45107,0.0
39,45108,0.0
39,45109,0.0
39,45110,0.0
39,45111,0.0
39,45112,0.0
39,45113,0.0
39,45114,0.0
39,45115,0.3320000000000001
39,45116,0.3320000000000001
39,45117,0.3320000000000001
39,45118,0.3320000000000001
39,45119,0.3320000000000001
39,45120,0.3320000000000001
39,45121,0.3320000000000001
39,45122,0.3320000000000001
39,45123,0.3320000000000001
39,45124,0.3320000000000001
39,45125,0.3320000000000001
39,45126,0.3320000000000001
39,45127,0.3320000000000001
39,45128,0.3320000000000001
39,45129,0.3320000000000001
39,45130,0.3320000000000001
39,45131,0.3320000000000001
39,45132,0.3320000000000001
39,45133,0.3320000000000001
39,45134,0.3320000000000001
39,45135,0.3320000000000001
39,45136,0.3320000000000001
39,45137,0.3320000000000001
39,45138,0.3320000000000001
39,45139,0.3320000000000001
39,45140,0.3320000000000001
39,45141,0.3320000000000001
39,45142,0.3320000000000001
39,45143,0.0
39,45144,0.0
39,45145,0.0
39,45146,0.0
39,45147,0.0
39,45148,0.0
39,45201,0.0
39,45202,0.0
39,45203,0.0
39,45204,0.0
39,45205,0.0
39,45206,0.0
39,45207,0.0
39,45208,0.0
39,45209,0.0
39,45210,0.0
39,45211,0.0
39,45212,0.0
39,45213,0.0
39,45214,0.0
39,45215,0.3320000000000001
39,45216,0.3320000000000001
39,45217,0.3320000000000001
39,45218,0.3320000000000001
39,45219,0.3320000000000001
39,45220,0.3320000000000001
39,45221,0.3320000000000001
39,45222,0.3320000000000001
39,45223,0.3320000000000001
39,45224,0.3320000000000001
39,45225,0.3320000000000001
39,45226,0.3320000000000001
39,45227,0.3320000000000001
39,45228,0.3320000000000001
39,45229,0.3320000000000001
39,45230,0.3320000000000001
39,45231,0.3320000000000001
39,45232,0.3320000000000001
39,45233,0.3320000000000001
39,45234,0.3320000000000001
39,45235,0.3320000000000001
39,45236,0.3320000000000001
39,45237,0.3320000000000001
39,45238,0.3320000000000001
39,45239,0.3320000000000001
39,45240,0.3320000000000001
39,45241,0.3320000000000001
39,45242,0.3320000000000001
39,45243,0.0
39,45244,0.0
39,45245,0.0
39,45246,0.0
39,45247,0.0
39,45248,0.0
39,45301,0.0
39,45302,0.0
39,45303,0.0
39,45304,0.0
39,45305,0.0
39,45306,0.0
39,45307,0.0
39,45308,0.0
39,45309,0.0
39,45310,0.0
39,45311,0.0
39,45312,0.0
39,45313,0.0
39,45314,0.0
39,45315,0.3320000000000001
39,45316,0.3320000000000001
39,45317,0.3320000000000001
39,45318,0.3320000000000001
39,45319,0.3320000000000001
39,45320,0.3320000000000001
39,45321,0.3320000000000001
39,45322,0.3320000000000001
39,45323,0.3320000000000001
39,45324,0.3320000000000001
39,45325,0.3320000000000001
39,45326,0.3320000000000001
39,45327,0.3320000000000001
39,45328,0.3320000000000001
39,45329,0.3320000000000001
39,45330,0.3320000000000001
39,45331,0.3320000000000001
39,45332,0.3320000000000001
39,45333,0.3320000000000001
39,45334,0.3320000000000001
39,45335,0.3320000000000001
39,45336,0.3320000000000001
39,45337,0.3320000000000001
39,45338,0.3320000000000001
39,45339,0.3320000000000001
39,45340,0.3320000000000001
39,45341,0.3320000000000001
39,45342,0.3320000000000001
39,45343,0.0
39,45344,0.0
39,45345,0.0
39,45346,0.0
39,45347,0.0
39,45348,0.0
39,45401,0.0
39,45402,0.0
39,45403,0.0
39,45404,0.0
39,45405,0.0
39,45406,0.0
39,45407,0.0
39,45408,0.0
39,45409,0.0
39,45410,0.0
39,45411,0.0
39,45412,0.0
39,45413,0.0
39,45414,0.0
39,45415,0.34
39,45416,0.34
39,45417,0.34
39,45418,0.34
39,45419,0.34
39,45420,0.34
39,45421,0.34
39,45422,0.34
39,45423,0.34
39,45424,0.34
39,45425,0.34
39,45426,0.34
39,45427,0.34
39,45428,0.34
39,45429,0.34
39,45430,0.34
39,45431,0.34
39,45432,0.34
39,45433,0.34
39,45434,0.34
39,45435,0.34
39,45436,0.34
39,45437,0.34
39,45438,0.34
39,45439,0.34
39,45440,0.34
39,45441,0.34
39,45442,0.34
39,45443,0.0
39,45444,0.0
39,45445,0.0
39,45446,0.0
39,45447,0.0
39,45448,0.0
39,45501,0.0
39,45502,0.0
39,45503,0.0
39,45504,0.0
39,45505,0.0
39,45506,0.0
39,45507,0.0
39,45508,0.0
39,45509,0.0
39,45510,0.0
39,45511,0.0
39,45512,0.0
39,45513,0.0
39,45514,0.0
39,45515,0.34
39,45516,0.34
39,45517,0.34
39,45518,0.34
39,45519,0.34
39,45520,0.34
39,45521,0.34
39,45522,0.34
39,45523,0.34
39,45524,0.34
39,45525,0.34
39,45526,0.34
39,45527,0.34
39,45528,0.34
39,45529,0.34
39,45530,0.34
39,45531,0.34
39,45532,0.34
39,45533,0.34
39,45534,0.34
39,45535,0.34
39,45536,0.34
39,45537,0.34
39,45538,0.34
39,45539,0.34
39,45540,0.34
39,45541,0.34
39,45542,0.34
39,45543,0.0
39,45544,0.0
39,45545,0.0
39,45546,0.0
39,45547,0.0
39,45548,0.0
39,45601,0.0
39,45602,0.0
39,45603,0.0
39,45604,0.0
39,45605,0.0
39,45606,0.0
39,45607,0.0
39,45608,0.0
39,45609,0.0
39,45610,0.0
39,45611,0.0
39,45612,0.0
39,45613,0.0
39,45614,0.0
39,45615,0.34
39,45616,0.34
39,45617,0.34
39,45618,0.34
39,45619,0.34
39,45620,0.34
39,45621,0.34
39,45622,0.34
39,45623,0.34
39,45624,0.34
39,45625,0.34
39,45626,0.34
39,45627,0.34
39,45628,0.34
39,45629,0.34
39,45630,0.34
39,45631,0.34
39,45632,0.34
39,45633,0.34
39,45634,0.34
39,45635,0.34
39,45636,0.34
39,45637,0.34
39,45638,0.34
39,45639,0.34
39,45640,0.34
39,45641,0.34
39,45642,0.34
39,45643,0.0
39,45644,0.0
39,45645,0.0
39,45646,0.0
39,45647,0.0
39,45648,0.0
39,45701,0.0
39,45702,0.0
39,45703,0.0
39,45704,0.0
39,45705,0.0
39,45706,0.0
39,45707,0.0
39,45708,0.0
39,45709,0.0
39,45710,0.0
39,45711,0.0
39,45712,0.0
39,45713,0.0
39,45714,0.0
39,45715,0.34
39,45716,0.34
39,45717,0.34
39,45718,0.34
39,45719,0.34
39,45720,0.34
39,45721,0.34
39,45722,0.34
39,45723,0.34
39,45724,0.34
39,45725,0.34
39,45726,0.34
39,45727,0.34
39,45728,0.34
39,45729,0.34
39,45730,0.34
39,45731,0.34
39,45732,0.34
39,45733,0.34
39,45734,0.34
39,45735,0.34
39,45736,0.34
39,45737,0.34
39,45738,0.34
39,45739,0.34
39,45740,0.34
39,45741,0.34
39,45742,0.34
39,45743,0.0
39,45744,0.0
39,45745,0.0
39,45746,0.0
39,45747,0.0
39,45748,0.0
39,45801,0.0
39,45802,0.0
39,45803,0.0
39,45804,0.0
39,45805,0.0
39,45806,0.0
39,45807,0.0
39,45808,0.0
39,45809,0.0
39,45810,0.0
39,45811,0.0
39,45812,0.0
39,45813,0.0
39,45814,0.0
39,45815,0.34
39,45816,0.34
39,45817,0.34
39,45818,0.34
39,45819,0.34
39,45820,0.34
39,45821,0.34
39,45822,0.34
39,45823,0.34
39,45824,0.34
39,45825,0.34
39,45826,0.34
39,45827,0.34
39,45828,0.34
39,45829,0.34
39,45830,0.34
39,45831,0.34
39,45832,0.34
39,45833,0.34
39,45834,0.34
39,45835,0.34
39,45836,0.34
39,45837,0.34
39,45838,0.34
39,45839,0.34
39,45840,0.34
39,45841,0.34
39,45842,0.34
39,45843,0.0
39,45844,0.0
39,45845,0.0
39,45846,0.0
39,45847,0.0
39,45848,0.0
39,45901,0.0
39,45902,0.0
39,45903,0.0
39,45904,0.0
39,45905,0.0
39,45906,0.0
39,45907,0.0
39,45908,0.0
39,45909,0.0
39,45910,0.0
39,45911,0.0
39,45912,0.0
39,45913,0.0
39,45914,0.0
39,45915,0.34
39,45916,0.34
39,45917,0.34
39,45918,0.34
39,45919,0.34
39,45920,0.34
39,45921,0.34
39,45922,0.34
39,45923,0.34
39,45924,0.34
39,45925,0.34
39,45926,0.34
39,45927,0.34
39,45928,0.34
39,45929,0.34
39,45930,0.34
39,45931,0.34
39,45932,0.34
39,45933,0.34
39,45934,0.34
39,45935,0.34
39,45936,0.34
39,45937,0.34
39,45938,0.34
39,45939,0.34
39,45940,0.34
39,45941,0.34
39,45942,0.34
39,45943,0.0
39,45944,0.0
39,45945,0.0
39,45946,0.0
39,45947,0.0
39,45948,0.0
39,46001,0.0
39,46002,0.0
39,46003,0.0
39,46004,0.0
39,46005,0.0
39,46006,0.0
39,46007,0.0
39,46008,0.0
39,46009,0.0
39,46010,0.0
39,46011,0.0
39,46012,0.0
39,46013,0.0
39,46014,0.0
39,46015,0.34
39,46016,0.34
39,46017,0.34
39,46018,0.34
39,46019,0.34
39,46020,0.34
39,46021,0.34
39,46022,0.34
39,46023,0.34
39,46024,0.34
39,46025,0.34
39,46026,0.34
39,46027,0.34
39,46028,0.34
39,46029,0.34
39,46030,0.34
39,46031,0.34
39,46032,0.34
39,46033,0.34
39,46034,0.34
39,46035,0.34
39,46036,0.34
39,46037,0.34
39,46038,0.34
39,46039,0.34
39,46040,0.34
39,46041,0.34
39,46042,0.34
39,46043,0.0
39,46044,0.0
39,46045,0.0
39,46046,0.0
39,46047,0.0
39,46048,0.0
