ID,DT,Usage
292,18601,0.04919669159174498
292,18602,0.010640199453082356
292,18603,0.04522534138699873
292,18604,0.025883655505638394
292,18605,0.04292606267690504
292,18606,0.021791755447953757
292,18607,0.02553281347100232
292,18608,0.01973749745713751
292,18609,0.07641313770884861
292,18610,0.06471414497227487
292,18611,0.07490988489664706
292,18612,0.0311900477353938
292,18613,0.06763687165922877
292,18614,0.01341595968653437
292,18615,0.08905735261179953
292,18616,0.40768888389594093
292,18617,0.060046748291014466
292,18618,0.03174569585129657
292,18619,0.035654356553934334
292,18620,0.017036690941454054
292,18621,0.03621556065334192
292,18622,0.024243332585090985
292,18623,0.04126466257443209
292,18624,0.039177252630307004
292,18625,0.03905883635154282
292,18626,0.02737285905746388
292,18627,0.03861757428571109
292,18628,0.033872583331507444
292,18629,0.01968551852759048
292,18630,0.043900032455787726
292,18631,0.032960563995665014
292,18632,0.06414257754641244
292,18633,0.1439795119974781
292,18634,0.0508694476098387
292,18635,0.9270771778515723
292,18636,1.7037486077573936
292,18637,1.3410408892027106
292,18638,0.6771234682757232
292,18639,0.25989730761936486
292,18640,0.12295015731215742
292,18641,0.46011639423812317
292,18642,0.16826739103254376
292,18643,0.015247898965006794
292,18644,0.03278685941121064
292,18645,0.03154914381017495
292,18646,0.04284572048171366
292,18647,0.008260238035164772
292,18648,0.05366339789667325
292,18701,0.009243496400455789
292,18702,0.04670984605235229
292,18703,0.011157092522412145
292,18704,0.04488352284051907
292,18705,0.03994376204532381
292,18706,0.04142397905982061
292,18707,0.011575806322646893
292,18708,0.0332128146010576
292,18709,0.028663757911679213
292,18710,0.05673937567241371
292,18711,0.194856322300627
292,18712,0.2738766629630671
292,18713,0.024052649395588467
292,18714,0.03747895713263362
292,18715,0.08029423666863611
292,18716,0.03711360999205217
292,18717,0.014882306142301002
292,18718,0.039993114722039425
292,18719,0.040579934730063334
292,18720,0.023725981535041313
292,18721,0.015953706543498765
292,18722,0.022465858280797783
292,18723,0.017013813635390725
292,18724,0.022897798586362796
292,18725,0.0234268947454293
292,18726,0.031611613291788104
292,18727,0.04395914959414976
292,18728,0.031093540990638872
292,18729,0.476876284362039
292,18730,0.043027742101375034
292,18731,0.02669987323966937
292,18732,0.025354465345592034
292,18733,0.028945135401305486
292,18734,0.07407354500636303
292,18735,0.1083593336732527
292,18736,0.053580301421791814
292,18737,0.033351142341934634
292,18738,0.01717388505750446
292,18739,0.08437557932215649
292,18740,0.03941753958745468
292,18741,0.17954009941761
292,18742,0.9874177575580715
292,18743,1.2589357448053726
292,18744,0.22048599548163228
292,18745,0.0605961536762281
292,18746,0.04335699520821652
292,18747,0.03342718157935614
292,18748,0.01957096587092978
292,18801,0.3028561476167035
292,18802,0.054122208548518985
292,18803,0.03570748695972706
292,18804,0.04406884476981304
292,18805,0.012118334654390193
292,18806,0.036956370172273455
292,18807,0.02146194575463838
292,18808,0.035285435545611796
292,18809,0.0422079108215441
292,18810,0.023718290543947352
292,18811,0.01972257694483745
292,18812,0.027701049411673343
292,18813,0.047311804423595775
292,18814,0.01613134956180311
292,18815,0.08018060944356
292,18816,0.03198748202028158
292,18817,0.02745911001706831
292,18818,0.3072362005675943
292,18819,0.05652457831011155
292,18820,0.026055592949655943
292,18821,0.020081046267357096
292,18822,0.012574324355367825
292,18823,0.038776615772946305
292,18824,0.026177111664663796
292,18825,0.03513331468174861
292,18826,0.030240759790651366
292,18827,0.05189877620358861
292,18828,0.00585427219668833
292,18829,0.044516900981504216
292,18830,0.031116155548647623
292,18831,0.05328829268441546
292,18832,0.016812714234007223
292,18833,0.20720041827712582
292,18834,1.2725818378232518
292,18835,1.2716959881356076
292,18836,0.04840060312502328
292,18837,0.02697159122493416
292,18838,0.06128032939819953
292,18839,0.05058640692249177
292,18840,0.02955765834607498
292,18841,0.043205290207517726
292,18842,0.06641014055988562
292,18843,0.053214179164000265
292,18844,0.04731645448283643
292,18845,0.0879665534586066
292,18846,0.042584742962875004
292,18847,0.22330632804304615
292,18848,0.1820021406167018
292,18901,0.037736926313324086
292,18902,0.015503218274281916
292,18903,0.06561185447170292
292,18904,0.017613432557816066
292,18905,0.04544517632234164
292,18906,0.00961787640963239
292,18907,0.02573325140739931
292,18908,0.01258670723323868
292,18909,0.023800473770977718
292,18910,0.010568505964037645
292,18911,0.01703709882276298
292,18912,0.01673157910198122
292,18913,0.05098456248308221
292,18914,0.029917875367720646
292,18915,0.7361650219683529
292,18916,0.009512638059536045
292,18917,0.018241005885554898
292,18918,0.02016684718714563
292,18919,0.033209985364841786
292,18920,0.010504934545042827
292,18921,0.04219821291212478
292,18922,0.025154679347669875
292,18923,0.0260716416657751
292,18924,0.022740648713353122
292,18925,0.015105781593889587
292,18926,0.03369857853164838
292,18927,0.02818832014092004
292,18928,0.034812285832474504
292,18929,0.032003395936812
292,18930,0.0570264426192457
292,18931,0.018356128921353937
292,18932,0.08622173963571866
292,18933,0.32628096723866507
292,18934,0.09155401784183491
292,18935,1.2014157063517201
292,18936,1.4720708112990557
292,18937,0.372876411859466
292,18938,0.4536213558349586
292,18939,1.2069404507308028
292,18940,0.6999051369441549
292,18941,0.8297922221805554
292,18942,0.3032886910821339
292,18943,0.5932183471954738
292,18944,0.03895161578626064
292,18945,0.5801439134169438
292,18946,0.019517848284656986
292,18947,0.02569704030056769
292,18948,0.02714736956428469
292,19001,0.008305621160558448
292,19002,0.06581646943108105
292,19003,0.007240644916709889
292,19004,0.030711527108415182
292,19005,0.007265971639045517
292,19006,0.06652052421295497
292,19007,0.024924556272122023
292,19008,0.037811018508862565
292,19009,0.01833539735514326
292,19010,0.010829552343647623
292,19011,0.034195619209572294
292,19012,0.006596513881799144
292,19013,0.05137735995574633
292,19014,0.05110410015541306
292,19015,0.49303362411506796
292,19016,0.020481357177506876
292,19017,0.0628374714279484
292,19018,0.01670355616893497
292,19019,0.04189409684001213
292,19020,0.03909860719659469
292,19021,0.012995097132457833
292,19022,0.06429812800133944
292,19023,0.021784602170053985
292,19024,0.06450435414753178
292,19025,0.015305461050850424
292,19026,0.05689773367913735
292,19027,0.029093073730485728
292,19028,0.03028191151999869
292,19029,0.07330870972319257
292,19030,0.035566734587902625
292,19031,0.03280448154202842
292,19032,0.20957905772382152
292,19033,0.37790796529808157
292,19034,1.2419830439046364
292,19035,2.231190452830291
292,19036,2.8143441928460553
292,19037,0.9980702927253514
292,19038,1.0484306135187698
292,19039,0.3779298744114677
292,19040,0.1558829150644731
292,19041,0.08776169661452905
292,19042,0.07937926466210019
292,19043,0.08159825236983746
292,19044,0.10689542132597864
292,19045,0.03206136904685319
292,19046,0.03891949238665844
292,19047,0.030971771289795356
292,19048,0.02259525815630434
292,19101,0.026999372701739167
292,19102,0.027590068183568538
292,19103,0.012529758162972296
292,19104,0.016842041161548978
292,19105,0.033690757213811255
292,19106,0.019852701255062947
292,19107,0.025118673646524585
292,19108,0.010469298469035323
292,19109,0.4957962839300606
292,19110,0.01238607011245982
292,19111,0.06289232683423057
292,19112,0.007622454292916632
292,19113,0.0237728521114749
292,19114,0.021079457083989492
292,19115,0.017576619540123708
292,19116,0.015899710990766293
292,19117,0.09564515348065421
292,19118,0.02632549847783295
292,19119,0.0389900416636223
292,19120,0.06883961060202301
292,19121,0.02647379015240527
292,19122,0.18302017677531612
292,19123,0.09967234100319694
292,19124,0.06732022078584879
292,19125,0.5144656684201978
292,19126,0.06216740223100698
292,19127,0.008860482115479507
292,19128,0.18616551912426332
292,19129,0.1382561555985814
292,19130,0.14288981592146174
292,19131,0.13544580379554153
292,19132,0.5126822953758956
292,19133,0.6336767997499481
292,19134,0.8931455773065924
292,19135,0.8658971476990702
292,19136,0.6873142979545257
292,19137,0.3528968798366497
292,19138,0.45149594253900727
292,19139,1.0777714022200091
292,19140,0.48111601789936426
292,19141,0.307545222595064
292,19142,0.3819281669737095
292,19143,0.2802450370370924
292,19144,0.4775647526243173
292,19145,0.3005204645205568
292,19146,0.24591259583641886
292,19147,0.01151012803298791
292,19148,0.07123771496377826
292,19201,0.01662649030591859
292,19202,0.07268810665833715
292,19203,0.011682756644279806
292,19204,0.03935174791107926
292,19205,0.013029537406707245
292,19206,0.021928927930509764
292,19207,0.023186677277301383
292,19208,0.015325742405951581
292,19209,0.07890053792686771
292,19210,0.2923356626888466
292,19211,0.025717205628570158
292,19212,0.016840773687912373
292,19213,0.04206738290578538
292,19214,0.009093986086208579
292,19215,0.024904640368016824
292,19216,0.2011295284227248
292,19217,0.11330533994297205
292,19218,0.09823642183204045
292,19219,0.08661861239448211
292,19220,0.12254892569168174
292,19221,0.19372538816525045
292,19222,0.02413101939411506
292,19223,0.06105928378494363
292,19224,0.5770009997507939
292,19225,0.3464110813319819
292,19226,0.11787509201268302
292,19227,0.17139224791544982
292,19228,0.06971569235484695
292,19229,0.008947706536248523
292,19230,0.02878004766604318
292,19231,0.01096474526099121
292,19232,0.010490999732603581
292,19233,0.03068910041401411
292,19234,0.005883668638336662
292,19235,0.019416120389850702
292,19236,0.3976039580648876
292,19237,1.4484416803283378
292,19238,0.8573951445407751
292,19239,0.4374340281198404
292,19240,0.4493221887400447
292,19241,0.3764509624689877
292,19242,0.3427482020998532
292,19243,0.38568279256598104
292,19244,0.5816580977029087
292,19245,0.02112142786632415
292,19246,0.05636238073205506
292,19247,0.01486917544556374
292,19248,0.034416755395770396
292,19301,0.08503556128354793
292,19302,0.028652302993455506
292,19303,0.0172271590952214
292,19304,0.05457649904409477
292,19305,0.02656007888992658
292,19306,0.031099730792637455
292,19307,0.21251786359585503
292,19308,0.012533815735247297
292,19309,0.046948431699073985
292,19310,0.016659153560442008
292,19311,0.026028013031433393
292,19312,0.0449764521624077
292,19313,0.013189466811399883
292,19314,0.057494050872396285
292,19315,0.0365784927300648
292,19316,0.018029527887969767
292,19317,0.028826945002232495
292,19318,0.017049364401966437
292,19319,0.045310301172534644
292,19320,0.006772521184366297
292,19321,0.04815343604984612
292,19322,0.03881371921961028
292,19323,0.3177473722576738
292,19324,0.055032561227324306
292,19325,0.019144370149773413
292,19326,0.01742843500248775
292,19327,0.02067988860848
292,19328,0.029885995744849417
292,19329,0.04135946549985076
292,19330,0.02127533836844364
292,19331,0.05001089638180673
292,19332,0.018813362662005378
292,19333,0.0242195175609771
292,19334,0.04119533475791941
292,19335,0.009224218279193909
292,19336,0.037623914557782266
292,19337,0.020600075667773818
292,19338,0.03516039576995932
292,19339,0.17667200961771604
292,19340,0.4894343046949327
292,19341,0.5002021188759964
292,19342,0.303604659537513
292,19343,0.07304910877755431
292,19344,0.03614125529086552
292,19345,0.025003282670940333
292,19346,0.03008473217850647
292,19347,0.04534498248811216
292,19348,0.014281834449041894
292,19401,0.04107398447309938
292,19402,0.02526244317138527
292,19403,0.03390212730650725
292,19404,0.028901520751754686
292,19405,0.03068257149208946
292,19406,0.05308576316347521
292,19407,0.010812852684050895
292,19408,0.05460691899604691
292,19409,0.016240835740355068
292,19410,0.015267719069633952
292,19411,0.397515356693496
292,19412,0.018959637460087345
292,19413,0.020876879580387815
292,19414,0.03579366917461902
292,19415,0.025276221430213876
292,19416,0.01845130450398545
292,19417,0.030689453731691442
292,19418,0.04527172133509086
292,19419,0.010123165864402572
292,19420,0.02907463058688755
292,19421,0.0293082269683606
292,19422,0.010165019828056846
292,19423,0.04998090892319188
292,19424,0.015451680292291806
292,19425,0.04458501997348365
292,19426,0.012656509673660435
292,19427,0.011586025094009814
292,19428,0.2561871540785114
292,19429,0.010733579066375476
292,19430,0.04178116086770318
292,19431,0.010579966343689169
292,19432,0.03269151918717254
292,19433,0.049639986578177926
292,19434,0.1824643184946724
292,19435,0.1274415898772062
292,19436,0.045625527521898496
292,19437,0.037997796049980805
292,19438,0.12741893112677655
292,19439,0.11015642668611979
292,19440,0.7903182485119775
292,19441,0.2298414374344537
292,19442,0.07844437921741247
292,19443,0.12807031919925677
292,19444,0.05794366648339154
292,19445,0.043998919351991975
292,19446,0.03265677386264126
292,19447,0.022732472775361993
292,19448,0.03684055498046515
292,19501,0.009151521555798774
292,19502,0.01657120544571301
292,19503,0.010432335721771064
292,19504,0.019142218012231732
292,19505,0.042783770101779486
292,19506,0.017407045482411183
292,19507,0.04521156886188844
292,19508,0.017976472028438096
292,19509,0.02164180540453877
292,19510,0.2869071996865197
292,19511,0.01964902053515601
292,19512,0.03866393868797651
292,19513,0.009597012036243384
292,19514,0.06377361570607262
292,19515,0.052523294862775266
292,19516,0.03347472748803382
292,19517,0.014904940425410705
292,19518,0.043446106291443506
292,19519,0.011925357839579914
292,19520,0.02349544590011828
292,19521,0.01918295874756497
292,19522,0.017056322289432053
292,19523,0.03670000131394885
292,19524,0.021766074593293903
292,19525,0.03893097243184501
292,19526,0.02131837220311275
292,19527,0.21324933938645185
292,19528,0.2456348170101741
292,19529,0.020741372943473346
292,19530,0.02594620332868708
292,19531,0.026032225641798867
292,19532,0.07516651110636802
292,19533,0.060121784673627186
292,19534,0.040779500832052805
292,19535,0.5962390997876326
292,19536,0.24796673446134723
292,19537,0.13766748203751994
292,19538,0.04291100423757383
292,19539,0.06401983644925417
292,19540,0.1143837411592747
292,19541,1.653840265896803
292,19542,0.44375698420966386
292,19543,0.03813834005280391
292,19544,0.051821403160699595
292,19545,0.03197836971928132
292,19546,0.023777668434139653
292,19547,0.014885374534196517
292,19548,0.013625759543099927
292,19601,0.04029931536555921
292,19602,0.02854145002920147
292,19603,0.04421059531239026
292,19604,0.008200549615940663
292,19605,0.037001342026968156
292,19606,0.019283153538363382
292,19607,0.07655218459313888
292,19608,0.020359525600808132
292,19609,0.04468271602246847
292,19610,0.5374361598780657
292,19611,0.049182109145932906
292,19612,0.010079493797799636
292,19613,0.042910248014777094
292,19614,0.006462646071016122
292,19615,0.0489949755061309
292,19616,0.07774350237481335
292,19617,0.3666757477274447
292,19618,0.3945295936256724
292,19619,0.03820493353580338
292,19620,0.04761338911178294
292,19621,0.08142070472978832
292,19622,0.10452674789686686
292,19623,0.10567982994836038
292,19624,0.19765689338730633
292,19625,0.5241176213349412
292,19626,0.29266406701116343
292,19627,0.20496110516048646
292,19628,0.08599374854572425
292,19629,0.12400695377927928
292,19630,0.7344628755247242
292,19631,1.0677878529151534
292,19632,1.1108366290590865
292,19633,0.744329347111215
292,19634,0.5939270032418393
292,19635,1.0614644310162558
292,19636,1.960573873892839
292,19637,0.8064124934212665
292,19638,0.5123804491442994
292,19639,0.8069298579279734
292,19640,0.8609877342976787
292,19641,0.7857050856004288
292,19642,0.7699399456747532
292,19643,0.7716045304376471
292,19644,0.7017881497993546
292,19645,0.16511623245593973
292,19646,0.012919746129181635
292,19647,0.042901471671292594
292,19648,0.006168136283690378
292,19701,0.030829923372938012
292,19702,0.02504513152233257
292,19703,0.055374135140944074
292,19704,0.0209113898853996
292,19705,0.05261657823960654
292,19706,0.0123204795970301
292,19707,0.04204813317872407
292,19708,0.018032600883791054
292,19709,0.019501955359248844
292,19710,0.1257787520734051
292,19711,0.020770248182122874
292,19712,0.05749043761663897
292,19713,0.050165044002194466
292,19714,0.016249703011884345
292,19715,0.042427472244805524
292,19716,0.19863040598357143
292,19717,1.397150556209312
292,19718,0.6973545064624928
292,19719,0.24194962793568733
292,19720,0.3739599793549757
292,19721,0.08075689838745917
292,19722,0.05939867093644336
292,19723,0.43251623710841847
292,19724,0.02895247148483632
292,19725,0.02087249240839233
292,19726,0.0463568137804123
292,19727,0.02774263718939759
292,19728,0.04818414472337522
292,19729,0.02060385937818658
292,19730,0.04671110984170081
292,19731,0.021555742767191563
292,19732,0.031513323452332445
292,19733,0.031935192283065836
292,19734,0.019214942259453076
292,19735,0.02246112022843917
292,19736,0.022343424165149325
292,19737,0.042084041917103
292,19738,0.01735675910586142
292,19739,0.04196811852370876
292,19740,0.24712603721777543
292,19741,0.013647247342020287
292,19742,0.030413155566931742
292,19743,0.030875441622104954
292,19744,0.008102290705806191
292,19745,0.05934572445982884
292,19746,0.01862493596959192
292,19747,0.015614193497267633
292,19748,0.01777740483302545
292,19801,0.06416552560527405
292,19802,0.00708886009517108
292,19803,0.044033663585536155
292,19804,0.009438466313984007
292,19805,0.03499609196229285
292,19806,0.010460608221124396
292,19807,0.03750273559409265
292,19808,0.5614352862365931
292,19809,0.12494885168177684
292,19810,0.011254937558903486
292,19811,0.05086339234137506
292,19812,0.01222597668232666
292,19813,0.0291505240384617
292,19814,0.015898738154331387
292,19815,0.029369467610121946
292,19816,0.043707295853403424
292,19817,0.012704926326223106
292,19818,0.03496955364189744
292,19819,0.010303893605433177
292,19820,0.03103860246638311
292,19821,0.010373489592811116
292,19822,0.016289113139537705
292,19823,0.008439841949238636
292,19824,0.08995321674319771
292,19825,0.15046562319074785
292,19826,0.052454569997984694
292,19827,0.016748805552448964
292,19828,0.018046768364082255
292,19829,0.011844562884977941
292,19830,0.05966799870776733
292,19831,0.015674627740755735
292,19832,0.02011641836714623
292,19833,0.019524960258844693
292,19834,0.018860023625843155
292,19835,0.03126847953319129
292,19836,0.024405939607699968
292,19837,0.030948011956940955
292,19838,0.011946709822864238
292,19839,0.06429254656849305
292,19840,0.018458265552826574
292,19841,0.019257771135741068
292,19842,0.3926670694445651
292,19843,0.0587231604508527
292,19844,0.012546158842403829
292,19845,0.0201743223746874
292,19846,0.01223378478866231
292,19847,0.021932478390260402
292,19848,0.019879441799950152
292,19901,0.037673950317728404
292,19902,0.01851431160345515
292,19903,0.034605116942477254
292,19904,0.013037382990629516
292,19905,0.0536918494906373
292,19906,0.009236730468941367
292,19907,0.04190555487754637
292,19908,0.030137509435171784
292,19909,0.06570539080490677
292,19910,0.2959633149269101
292,19911,0.022209933647118475
292,19912,0.04491476423181062
292,19913,0.022062716063591496
292,19914,0.0452615834514371
292,19915,0.008893678000785634
292,19916,0.06376446303943417
292,19917,0.015485783305939582
292,19918,0.050630564610601426
292,19919,0.007155893067466598
292,19920,0.061348040531564396
292,19921,0.011953287315222827
292,19922,0.01607458683573018
292,19923,0.005082279144034308
292,19924,0.0408443135225772
292,19925,0.018190040252861896
292,19926,0.24945689515008787
292,19927,0.04234717852053496
292,19928,0.11672914115400523
292,19929,0.34461351375959903
292,19930,0.08238891194948984
292,19931,0.08404749237863776
292,19932,0.03220132333070624
292,19933,0.08825210652726728
292,19934,0.02728828341839087
292,19935,0.04108563397289974
292,19936,0.0887177715612235
292,19937,0.45340569807355907
292,19938,0.8574078143252561
292,19939,1.3428599990808463
292,19940,1.0816399480354986
292,19941,1.0172905433471802
292,19942,0.6256124600492977
292,19943,1.0948985854583624
292,19944,0.1254945555385441
292,19945,0.04399862106666484
292,19946,0.017542848646660322
292,19947,0.0507829303637996
292,19948,0.02205304658791986
292,20001,0.06444505587345876
292,20002,0.0132895629518814
292,20003,0.025961386383900654
292,20004,0.03206711619150393
292,20005,0.03520654773307583
292,20006,0.022503007660600746
292,20007,0.021990168051582333
292,20008,0.012833021696895748
292,20009,0.20354729218065434
292,20010,0.009713601646999252
292,20011,0.04534796878719521
292,20012,0.012040226530816506
292,20013,0.023679267006497806
292,20014,0.021859831607467843
292,20015,0.07910920272182628
292,20016,0.020243545682004715
292,20017,0.016153129460498877
292,20018,0.025998421286109047
292,20019,0.04778895524919546
292,20020,0.018493373297694904
292,20021,0.022314454065627754
292,20022,0.018595045071405938
292,20023,0.02317605720022294
292,20024,0.31627282243007926
292,20025,0.02732247774212715
292,20026,0.03581774978029368
292,20027,0.027987843186386495
292,20028,0.02930472349169906
292,20029,0.02178979771263051
292,20030,0.04513724620787694
292,20031,0.013778467998844409
292,20032,0.03142982865340022
292,20033,0.016123592047631804
292,20034,0.05028918810182687
292,20035,0.015053230665029518
292,20036,0.02947567513927605
292,20037,0.22551028859759845
292,20038,0.31557708809041235
292,20039,0.6293428910118294
292,20040,0.061429648010812105
292,20041,0.6386212226722348
292,20042,0.8913177909353646
292,20043,0.4846766271234238
292,20044,0.6670183706502489
292,20045,0.7712580512457161
292,20046,0.18787843398582413
292,20047,0.03309942788105582
292,20048,0.04409305539070157
292,20101,0.012114515194668015
292,20102,0.02352561010351235
292,20103,0.021686388633371845
292,20104,0.018686484243557278
292,20105,0.008181445707810731
292,20106,0.06007236530237639
292,20107,0.0403196435663582
292,20108,0.031004242914490488
292,20109,0.01718760036365556
292,20110,0.12226584003616942
292,20111,0.08067105697310371
292,20112,0.011144086284135366
292,20113,0.060446190777013804
292,20114,0.031191793622718757
292,20115,0.06105710954365305
292,20116,0.026559316094480954
292,20117,0.024234355092221254
292,20118,0.02427956389763137
292,20119,0.010300617365789744
292,20120,0.0657796374285233
292,20121,0.014546445499887076
292,20122,0.04188779040373539
292,20123,0.01117135860106462
292,20124,0.039376463521790014
292,20125,0.02791979477447623
292,20126,0.1742679045200273
292,20127,0.0801666298153907
292,20128,0.010547305729384204
292,20129,0.03613578816354923
292,20130,0.026263281614681562
292,20131,0.015416379588959896
292,20132,0.013449326007420149
292,20133,0.026226091696832602
292,20134,0.0408907092575057
292,20135,0.09777775257281807
292,20136,0.052768085725205305
292,20137,0.04249996586409408
292,20138,0.03941083225744194
292,20139,0.05958153821001141
292,20140,2.616519735479028
292,20141,1.7040412593395053
292,20142,1.3619441794788225
292,20143,1.2541922158228007
292,20144,0.21137933506598006
292,20145,0.04371620159001548
292,20146,0.018530388898277333
292,20147,0.04889197748963942
292,20148,0.011522699652801007
292,20201,0.01231164438681004
292,20202,0.06163144613476097
292,20203,0.01969026478498763
292,20204,0.04380592619458044
292,20205,0.029183570889167506
292,20206,0.010193065564530472
292,20207,0.39300035353863166
292,20208,0.022347351218985987
292,20209,0.03801605446362504
292,20210,0.011317026153792407
292,20211,0.04497369852765739
292,20212,0.014708895823964598
292,20213,0.04150568289233699
292,20214,0.019156114416818918
292,20215,0.33074586381960147
292,20216,0.24802616450604734
292,20217,0.021118418004349385
292,20218,0.01923672316857172
292,20219,0.05231997316650403
292,20220,0.01695650202035787
292,20221,0.01759436116357325
292,20222,0.499589119058986
292,20223,0.01187700034057316
292,20224,0.026513370983116704
292,20225,0.023463803957069578
292,20226,0.011221908805614765
292,20227,0.06198846231315487
292,20228,0.017812650901693608
292,20229,0.031747360485587905
292,20230,0.04200821918491966
292,20231,0.024953885633304446
292,20232,0.04858936104242217
292,20233,0.010206321375887124
292,20234,0.10954388099161219
292,20235,1.2125689635715602
292,20236,1.723902175630022
292,20237,1.6668494864297836
292,20238,1.2647363584724638
292,20239,0.49404701798061645
292,20240,1.026209680255221
292,20241,1.1738334173187728
292,20242,0.3360662210074533
292,20243,0.24777157050973192
292,20244,0.028893300048218367
292,20245,0.0652044310012733
292,20246,0.015682666524132107
292,20247,0.048030707046280985
292,20248,0.0188948579620387
292,20301,0.03447232991554627
292,20302,0.012417653970218765
292,20303,0.03739851049368511
292,20304,0.0242629400985819
292,20305,0.03491166864661348
292,20306,0.009634663843584333
292,20307,0.026902851884857557
292,20308,0.02005388541547157
292,20309,0.3219056056127769
292,20310,0.023891784258216264
292,20311,0.02661909407127637
292,20312,0.023999348352871357
292,20313,0.032922751207147466
292,20314,0.014543765399875404
292,20315,0.05023606942717502
292,20316,0.01685863011439445
292,20317,0.010029333856620588
292,20318,0.011391791182961524
292,20319,0.016306815802761162
292,20320,0.04223598540531832
292,20321,0.042114599222656625
292,20322,0.03820226545947535
292,20323,0.03860450221051064
292,20324,0.0436476928411596
292,20325,0.06890407607412448
292,20326,0.34678325194765863
292,20327,0.026328281762181282
292,20328,0.042781812438116074
292,20329,0.06721186945531571
292,20330,0.03914096503466032
292,20331,0.0797304621931523
292,20332,0.006888789400117327
292,20333,0.05707039160401007
292,20334,0.006234846436976499
292,20335,0.03176724486005817
292,20336,0.7770283631181585
292,20337,0.03198637456230173
292,20338,0.0294371427595254
292,20339,0.09034469493435102
292,20340,0.8142319377121917
292,20341,1.8195651682881164
292,20342,0.9566526459996119
292,20343,0.8876123738601363
292,20344,0.7657824944685723
292,20345,0.6754324742722678
292,20346,0.028599879101412998
292,20347,0.03239556300259885
292,20348,0.028033521607409666
292,20401,0.027641712963865264
292,20402,0.026734500320713155
292,20403,0.00751172529685702
292,20404,0.052020968413802375
292,20405,0.006650799092136415
292,20406,0.01931489060333322
292,20407,0.01024992047447507
292,20408,0.02493701902404653
292,20409,0.01635736734217117
292,20410,0.08666611688703486
292,20411,0.00920601681549911
292,20412,0.02236861595213538
292,20413,0.014437965377085402
292,20414,0.4255675255011602
292,20415,0.028932014122212905
292,20416,0.050719693340081334
292,20417,0.00814828231796784
292,20418,0.06520870908633203
292,20419,0.008098551444685465
292,20420,0.06330902310893753
292,20421,0.02315746817894837
292,20422,0.015266515482107853
292,20423,0.5223867782892266
292,20424,0.24945106362133448
292,20425,0.02547470811209998
292,20426,0.11825082164273527
292,20427,0.06538605903209892
292,20428,0.5066045250050945
292,20429,1.0817455510865435
292,20430,0.5626576725445258
292,20431,0.46705452791430635
292,20432,1.030452788475902
292,20433,0.5827062270418022
292,20434,0.2932939313534499
292,20435,0.41449353623183394
292,20436,0.7238842891095119
292,20437,1.021631687238531
292,20438,0.8406170444692038
292,20439,0.5267438359089445
292,20440,1.1274310722657317
292,20441,0.5862058167727833
292,20442,0.26000329162436847
292,20443,0.6395026905813374
292,20444,0.11052102736321574
292,20445,0.05682216644584288
292,20446,0.01820981200009304
292,20447,0.01862160048318418
292,20448,0.02108892627950895
292,20501,0.022622244574349692
292,20502,0.03481717428673455
292,20503,0.03989829677926099
292,20504,0.01976629185659979
292,20505,0.04315313246076827
292,20506,0.05170279824366847
292,20507,0.03312045107909415
292,20508,0.01642028127455252
292,20509,0.3634797329612799
292,20510,0.024376130818738666
292,20511,0.021807190052453563
292,20512,0.047252678154179516
292,20513,0.02409843176713303
292,20514,0.020852868173505464
292,20515,0.06457038232409744
292,20516,0.14108425079841955
292,20517,1.1535233336871045
292,20518,2.578165151472138
292,20519,0.5945780109528394
292,20520,0.03852587472431582
292,20521,0.07012367344322956
292,20522,0.023821276148539
292,20523,0.04058651200406328
292,20524,0.0532896426407437
292,20525,0.06576439800669528
292,20526,0.04636993624221113
292,20527,0.01646572164718979
292,20528,0.019942318315566532
292,20529,0.020189242287382243
292,20530,0.07699390198915808
292,20531,0.03649737248097192
292,20532,0.05415795454791181
292,20533,0.03730548474887379
292,20534,0.5368429168597667
292,20535,0.24694829261772536
292,20536,0.37346350337210893
292,20537,0.5137697192247458
292,20538,0.7253021367975797
292,20539,0.9380573296574972
292,20540,0.20030737629134746
292,20541,0.20476334859033146
292,20542,0.534651921073701
292,20543,0.22711842119546374
292,20544,0.3800480921336039
292,20545,0.4695334833535743
292,20546,0.05433301647292451
292,20547,0.04393994903051009
292,20548,0.04434358613050132
292,20601,0.04226278231841347
292,20602,0.06343552517285572
292,20603,0.0740296678417861
292,20604,0.08796255712704967
292,20605,0.09579952232951604
292,20606,0.023503643691449586
292,20607,0.2227027978184726
292,20608,0.013074491800064179
292,20609,0.06545767525951106
292,20610,0.031028466351054006
292,20611,0.05130545141229267
292,20612,0.029749634257765018
292,20613,0.02673823783634093
292,20614,0.01836927709573153
292,20615,0.010132087870655778
292,20616,1.1882098934538181
292,20617,0.21226998337650352
292,20618,0.36289421524026677
292,20619,0.15116173414161657
292,20620,0.06851164397875584
292,20621,0.013811747354515161
292,20622,0.6095248450975516
292,20623,0.01575366463718136
292,20624,0.041000144820491274
292,20625,0.01006136704844772
292,20626,0.04297502118136974
292,20627,0.0051522631219856185
292,20628,0.04125419410880243
292,20629,0.027789708308683242
292,20630,0.058612495719414605
292,20631,0.042188826997449774
292,20632,0.04153616802176393
292,20633,0.08218304101438739
292,20634,0.3569460444400821
292,20635,0.563190334279476
292,20636,0.5447718257918096
292,20637,0.7008490046302961
292,20638,0.46638962120979727
292,20639,0.18529057410552088
292,20640,1.3317349073694864
292,20641,0.3015091420118966
292,20642,0.13874450332608876
292,20643,0.10634996376880469
292,20644,0.08462936160434073
292,20645,0.06259774161069738
292,20646,0.04214917399353018
292,20647,0.043844424443755796
292,20648,0.032851051494505526
292,20701,0.024211535068207276
292,20702,0.025712394380149304
292,20703,0.02348047658667139
292,20704,0.0780158628165902
292,20705,0.03156901203328777
292,20706,0.033092032921207847
292,20707,0.012197670325533379
292,20708,0.041247440823868
292,20709,0.24780951869854562
292,20710,0.027345957787908506
292,20711,0.009615941782622482
292,20712,0.048896951937625534
292,20713,0.021107148441635415
292,20714,0.05813188680601714
292,20715,0.046870158449248904
292,20716,0.027258686665153
292,20717,0.05170036734397872
292,20718,0.030155375324002785
292,20719,0.02352750626991166
292,20720,0.006434008025271235
292,20721,0.022812013716285127
292,20722,0.006312139210336344
292,20723,0.04090962819213333
292,20724,0.20608298529400612
292,20725,0.16574102163071758
292,20726,0.011819075711373719
292,20727,0.058630463961340425
292,20728,0.13636102506827755
292,20729,0.047136009894854565
292,20730,0.04468583600131061
292,20731,0.043865306937063545
292,20732,0.023314164084114068
292,20733,0.020347796713899236
292,20734,0.05375711087299451
292,20735,1.300446694376481
292,20736,1.4401576354458507
292,20737,0.9593935401488558
292,20738,0.45952811714345937
292,20739,0.2525238912299509
292,20740,0.8966544652517898
292,20741,0.48687492304693714
292,20742,0.16786396398183703
292,20743,0.4219584053424262
292,20744,0.29624309244104885
292,20745,0.3865074520525219
292,20746,0.5602386555813156
292,20747,0.4624996328788004
292,20748,0.10853138837874764
292,20801,0.11399105494247198
292,20802,0.10990215072835546
292,20803,0.15218564381979138
292,20804,0.25443324266880946
292,20805,0.19684280476147556
292,20806,0.8506150569917238
292,20807,0.11831451544811265
292,20808,0.12998295679817692
292,20809,0.1263919707057438
292,20810,0.11574708383081951
292,20811,0.29658714746994136
292,20812,0.11640094299636718
292,20813,0.8820553261560304
292,20814,0.27151333283915824
292,20815,0.10848892777858245
292,20816,0.3689541554984211
292,20817,0.23889241442708645
292,20818,0.2832855978865343
292,20819,0.10050949161709831
292,20820,0.5405040896880678
292,20821,0.30722195083492243
292,20822,0.22734933579920782
292,20823,0.3056060235474116
292,20824,0.15364254996966914
292,20825,0.11514553321208593
292,20826,0.47249311795439086
292,20827,0.4135260161624201
292,20828,0.06247887160354604
292,20829,0.06705719276927079
292,20830,0.04289450538378497
292,20831,0.15092973846127372
292,20832,0.13725871567987943
292,20833,0.06617027702375533
292,20834,0.07240161093870587
292,20835,1.1685569812873327
292,20836,1.5669152145774081
292,20837,0.08325010038082378
292,20838,0.1625775385003283
292,20839,0.14565675650083632
292,20840,0.15438010402598198
292,20841,0.08830029488587157
292,20842,0.12588227955778497
292,20843,0.1734216564131689
292,20844,0.06271106882005165
292,20845,0.07884081689649902
292,20846,0.05147935418148301
292,20847,0.012011866072253987
292,20848,0.03405989348842485
292,20901,0.014619545437902049
292,20902,0.021323909156500676
292,20903,0.018074695286242694
292,20904,0.03902860201771162
292,20905,0.0434481258978137
292,20906,0.009952297028192027
292,20907,0.038844309752894456
292,20908,0.015214702202224832
292,20909,0.05697013443011114
292,20910,0.19147301524533364
292,20911,0.04827883908644833
292,20912,0.02150639353313887
292,20913,0.042484235520876316
292,20914,0.013626041821967012
292,20915,0.01515047336781666
292,20916,0.03532165957401201
292,20917,0.024610862298272508
292,20918,0.043051394047814565
292,20919,0.012964223797300023
292,20920,0.057234241023065575
292,20921,0.006070250690094175
292,20922,0.029160889018753154
292,20923,0.009787959392698308
292,20924,0.05112437164112241
292,20925,0.029503347194025965
292,20926,0.022093737016220853
292,20927,0.21083085147927597
292,20928,0.027464505518000757
292,20929,0.060628938520121536
292,20930,0.005966845700519128
292,20931,0.047438347783856416
292,20932,0.06437953601365992
292,20933,0.08642994578567975
292,20934,0.05403696287452405
292,20935,0.04270795871520185
292,20936,0.20850797632736365
292,20937,0.26601428422849194
292,20938,0.407315096405286
292,20939,0.3216082599883396
292,20940,0.3526238775304061
292,20941,0.6004708502640798
292,20942,0.05543566906129985
292,20943,0.0785119070169269
292,20944,0.008534665797293155
292,20945,0.0706111248772393
292,20946,0.030149784973688913
292,20947,0.04244806621442168
292,20948,0.008512917509776997
292,21001,0.0476238751216887
292,21002,0.030821613076646923
292,21003,0.06497735527551403
292,21004,0.0370475255999461
292,21005,0.033546847109257476
292,21006,0.021012280133995715
292,21007,0.01497832989198767
292,21008,0.03347382828248953
292,21009,0.023328649634816394
292,21010,0.37504663723229714
292,21011,0.046359247164569635
292,21012,0.026237654532342787
292,21013,0.009987466241817218
292,21014,0.02529987271032079
292,21015,0.036469538959199244
292,21016,0.017966207978204148
292,21017,0.06790879258546115
292,21018,0.06391324900847711
292,21019,0.05762082880233569
292,21020,0.006517774716517286
292,21021,0.07526484744092099
292,21022,0.013753285871278798
292,21023,0.06723865215812663
292,21024,0.015749343701268372
292,21025,0.03965806757901407
292,21026,0.013059438604203473
292,21027,0.05372923439324604
292,21028,0.23154715661587377
292,21029,0.030280223611893423
292,21030,0.032427472392632696
292,21031,0.03329051637009407
292,21032,0.014680519000885812
292,21033,0.033353002225180235
292,21034,0.03444282567449519
292,21035,0.026931614390262634
292,21036,0.05191624835133591
292,21037,0.005512941485337727
292,21038,0.017646214505615276
292,21039,0.013800319008133348
292,21040,0.06092540327676206
292,21041,0.013410871812032092
292,21042,0.06949671200691022
292,21043,0.00595324530583285
292,21044,0.21191294763409482
292,21045,0.8420969977168334
292,21046,0.03880690050578849
292,21047,0.033730732164993726
292,21048,0.013605572298267801
292,21101,0.04208759888426869
292,21102,0.01010497003842503
292,21103,0.03270096190518916
292,21104,0.008249210567563652
292,21105,0.05208630509430902
292,21106,0.016742039493301743
292,21107,0.042266880949193675
292,21108,0.010687688527500577
292,21109,0.07642609263480642
292,21110,0.02494026458939767
292,21111,0.47082539312661315
292,21112,0.04307919838330255
292,21113,0.029941312918232245
292,21114,0.010050582415303391
292,21115,0.07531350364483158
292,21116,0.025129730165950583
292,21117,0.02588362510490595
292,21118,0.011874179886113676
292,21119,0.02605100196893174
292,21120,0.01521427414351963
292,21121,0.011175751980175945
292,21122,0.06541911465521813
292,21123,0.01526755743500434
292,21124,0.03786590035318279
292,21125,0.027079616723245787
292,21126,0.017228857841448758
292,21127,0.014722385729139252
292,21128,0.38845654166642374
292,21129,0.12262362205127215
292,21130,0.06664410442575067
292,21131,0.008927028110993012
292,21132,0.049351704755302504
292,21133,0.011463427575584677
292,21134,0.04766942297806498
292,21135,0.009592400004856384
292,21136,0.0592760775574791
292,21137,0.0453538595011561
292,21138,0.5685701713297611
292,21139,0.19496240635289738
292,21140,0.7623399254798449
292,21141,0.8286495407071146
292,21142,0.2862277401230248
292,21143,0.4147489408586792
292,21144,0.3003085491481079
292,21145,0.021570678315851365
292,21146,0.0331506741974153
292,21147,0.037968287549188774
292,21148,0.046460346610276905
292,21201,0.0902850271937152
292,21202,0.026857099405622746
292,21203,0.012678739592568431
292,21204,0.05125550873472259
292,21205,0.019278737743292553
292,21206,0.03193587993167422
292,21207,0.5155153797442812
292,21208,0.038703784227738014
292,21209,0.017439353238345143
292,21210,0.07450872082326115
292,21211,0.012267873588387268
292,21212,0.0257034411881424
292,21213,0.010821987539486981
292,21214,0.028690030952493843
292,21215,0.013735689351310632
292,21216,0.04949735264418709
292,21217,0.20669672246041443
292,21218,0.22874863470902418
292,21219,0.35779845993012294
292,21220,0.10162390138352105
292,21221,0.06268874996714674
292,21222,0.049075828779777245
292,21223,0.17730928387213246
292,21224,0.07172255748400966
292,21225,0.12172622743552092
292,21226,0.06813997851997398
292,21227,0.033859124446362236
292,21228,0.02116116171247292
292,21229,0.04782100565509228
292,21230,0.023875303480290776
292,21231,0.14291225619280523
292,21232,0.29826491985151804
292,21233,0.42210794544668334
292,21234,3.089855191970023
292,21235,1.0946599138907593
292,21236,1.0428942304308917
292,21237,1.8336403917037138
292,21238,0.3050617641242367
292,21239,1.167870135839073
292,21240,0.49593793465274144
292,21241,0.17078203043812004
292,21242,0.2926376271629389
292,21243,0.07836234710614047
292,21244,0.14405805642799832
292,21245,0.03787607636138066
292,21246,0.10896649868286605
292,21247,0.036445409034725824
292,21248,0.037582396416980746
292,21301,0.007074890812470257
292,21302,0.04778553011816439
292,21303,0.017440479149476832
292,21304,0.03683225880204835
292,21305,0.015294175589419222
292,21306,0.04647953817407719
292,21307,0.34997252095123693
292,21308,0.027277590891594063
292,21309,0.03245508795342187
292,21310,0.016743625778892754
292,21311,0.019377566142106634
292,21312,0.011973825356709164
292,21313,0.018805038267264554
292,21314,0.007332811949734005
292,21315,0.05744511958862755
292,21316,0.18964430950086947
292,21317,0.9677012338822242
292,21318,0.5733598830882674
292,21319,0.25717565349030586
292,21320,0.10883649528601545
292,21321,0.05076023584986841
292,21322,0.015476951017268252
292,21323,0.0209481827970021
292,21324,0.05248932705494255
292,21325,0.09433796804690771
292,21326,0.06751662084627856
292,21327,0.028862679478995793
292,21328,0.2568063935931941
292,21329,0.07648985359133154
292,21330,0.08562499993309809
292,21331,0.026750285915654228
292,21332,0.07193078589607714
292,21333,0.03200772671078835
292,21334,0.4008848840216469
292,21335,0.9975486770432684
292,21336,0.9766466203050397
292,21337,0.038546227406978724
292,21338,0.07865631507884324
292,21339,0.07590054115109221
292,21340,0.7080894406038926
292,21341,0.9457542001166662
292,21342,1.2228546820188975
292,21343,0.8406243656269832
292,21344,0.6183604784123203
292,21345,0.03743729699507475
292,21346,0.024901144907990308
292,21347,0.03599999209026852
292,21348,0.037673153654970454
292,21401,0.021767939037008778
292,21402,0.016449050172937348
292,21403,0.029631489224276882
292,21404,0.026611097574110777
292,21405,0.041403612080908
292,21406,0.039241051686190756
292,21407,0.021544659865504037
292,21408,0.023129092769261794
292,21409,0.5207044909229148
292,21410,0.018918393635419396
292,21411,0.03670045174206983
292,21412,0.026348076152896957
292,21413,0.02457340026253534
292,21414,0.04748268298167008
292,21415,0.06603731999103467
292,21416,0.005808626428736557
292,21417,0.056680790809143795
292,21418,0.008707594757072161
292,21419,0.06445395387922252
292,21420,0.020612276487259856
292,21421,0.05384907776172959
292,21422,0.020830418840932455
292,21423,0.04604747544784044
292,21424,0.30587133374521047
292,21425,0.06051417181203844
292,21426,0.020148280088984793
292,21427,0.034436372301635806
292,21428,0.010720492935503043
292,21429,0.05371891758636469
292,21430,0.014652258595418077
292,21431,0.06404552001830667
292,21432,0.021725241158733373
292,21433,0.05349982830640488
292,21434,0.6462258529406646
292,21435,0.3344244836197475
292,21436,0.3484654715339642
292,21437,0.7424086357866461
292,21438,1.7237412778352454
292,21439,1.3876302268501048
292,21440,0.4169844087116386
292,21441,1.2870964169911023
292,21442,1.0818016288284096
292,21443,0.7574588945160982
292,21444,0.39585677808688813
292,21445,0.023071231313191488
292,21446,0.030639851719768876
292,21447,0.01402525963018615
292,21448,0.10025983825697418
292,21501,0.01505864450605814
292,21502,0.05220143455604302
292,21503,0.05393439909665236
292,21504,0.08061058991655609
292,21505,0.33017703312212443
292,21506,0.03404046074528843
292,21507,0.035841585020623755
292,21508,0.032773751732201734
292,21509,0.03904213520096416
292,21510,0.03401133968873821
292,21511,0.05337311153146893
292,21512,0.008245583561280042
292,21513,0.015621811287968424
292,21514,0.03057944133968591
292,21515,0.03910635156966278
292,21516,0.02626448534137317
292,21517,0.03621475439989852
292,21518,0.01870022886334754
292,21519,0.06132654443054105
292,21520,0.015051167096063855
292,21521,0.32384532602485055
292,21522,0.008238832142984804
292,21523,0.025057887460778736
292,21524,0.0130179172098266
292,21525,0.059017359021835664
292,21526,0.007966237555190435
292,21527,0.030796375329303755
292,21528,0.01564334794773241
292,21529,0.05424562054824661
292,21530,0.011201877544135689
292,21531,0.026266388337344373
292,21532,0.021303822394897125
292,21533,0.04919113202202438
292,21534,0.044158781417177856
292,21535,0.22048521092161458
292,21536,0.0360589119810613
292,21537,0.10543945607849631
292,21538,0.2112025189015552
292,21539,0.05193165660723009
292,21540,0.5077058617728313
292,21541,1.8924580481657867
292,21542,0.9584749161181005
292,21543,0.8240634849822126
292,21544,0.5284900452761488
292,21545,0.08736879139535417
292,21546,0.013757467062983877
292,21547,0.05220186887718224
292,21548,0.01992924456194666
292,21601,0.020906357455999086
292,21602,0.017783787541595517
292,21603,0.03076406426160114
292,21604,0.03247225501793623
292,21605,0.03600514906418415
292,21606,0.03618281549993326
292,21607,0.010448725546373027
292,21608,0.07165667482904958
292,21609,0.06690886008755233
292,21610,0.34092144807555774
292,21611,0.019704359396152275
292,21612,0.02933683111357351
292,21613,0.03794685105928564
292,21614,0.03777723044586201
292,21615,0.060031135407371324
292,21616,0.005995335226299636
292,21617,0.062380088299749524
292,21618,0.015529577066027006
292,21619,0.024551297597210062
292,21620,0.027480213044849777
292,21621,0.03567018209298422
292,21622,0.026309613278547507
292,21623,0.006920637802026047
292,21624,0.05450377761175809
292,21625,0.2816948113113882
292,21626,0.017824478847807062
292,21627,0.010004078509673265
292,21628,0.011470938112477227
292,21629,0.022243837011721168
292,21630,0.022948825964489113
292,21631,0.04403710963097533
292,21632,0.014417201901894577
292,21633,0.06737426861299348
292,21634,0.019342205768491817
292,21635,0.054648624013520934
292,21636,0.06476816043202552
292,21637,1.3316580157559366
292,21638,0.24296470555037916
292,21639,0.08450108156434488
292,21640,0.7342984103669984
292,21641,1.2702506210078144
292,21642,0.10627878509008758
292,21643,0.05314815930780059
292,21644,0.030880600763017203
292,21645,0.05993182415409705
292,21646,0.011221177903422662
292,21647,0.06566197650355966
292,21648,0.013449014927240882
292,21701,0.028381361131472032
292,21702,0.04548412575531819
292,21703,0.014255356059046934
292,21704,0.022606877368390225
292,21705,0.007757543971283554
292,21706,0.04900425511778639
292,21707,0.005724548007304078
292,21708,0.4826697263053415
292,21709,0.01096822866571474
292,21710,0.039789881809285464
292,21711,0.013726297850646092
292,21712,0.02140303903732659
292,21713,0.05456226486029267
292,21714,0.021290762143354475
292,21715,0.07673556920922091
292,21716,0.030239905233997253
292,21717,0.04197330326387677
292,21718,0.02158290553072037
292,21719,0.020836894322626306
292,21720,0.045717730602618536
292,21721,0.011851750635199275
292,21722,0.04904917647020126
292,21723,0.3677224490207424
292,21724,0.01456587872000846
292,21725,0.02628853591015634
292,21726,0.014379083384066469
292,21727,0.02672514446749812
292,21728,0.022521063021634275
292,21729,0.0931010313031745
292,21730,0.037571436268289335
292,21731,0.04124884870523953
292,21732,0.03784634826741496
292,21733,0.01666468972209536
292,21734,0.09341266411026604
292,21735,0.45344291408547216
292,21736,0.1411182225107639
292,21737,0.034170021240144295
292,21738,0.05008135830331888
292,21739,0.02707008102822988
292,21740,0.6200937750965609
292,21741,0.8278581098390069
292,21742,0.6940234593948734
292,21743,0.7344648546324669
292,21744,0.24646823358909392
292,21745,0.025826465845173577
292,21746,0.025216238117050396
292,21747,0.01643396776237202
292,21748,0.014401694456843188
292,21801,0.030348072267171674
292,21802,0.5085115021427865
292,21803,0.011016734293714525
292,21804,0.016039187452858518
292,21805,0.00675113983564377
292,21806,0.04936634290712008
292,21807,0.026793794475873104
292,21808,0.01369599146661645
292,21809,0.06666235412073163
292,21810,0.005357498450218918
292,21811,0.06047855109445203
292,21812,0.02108668274281478
292,21813,0.03946652079631669
292,21814,0.027157120960932285
292,21815,0.03808392071553955
292,21816,0.028824663794463055
292,21817,0.023459226117989562
292,21818,0.30569288219696344
292,21819,0.00797802021451021
292,21820,0.05475432710730462
292,21821,0.018752640152025414
292,21822,0.03122019339648732
292,21823,0.024318918744318428
292,21824,0.066105476526242
292,21825,0.03497526063771723
292,21826,0.013270646918617408
292,21827,0.04162562160330153
292,21828,0.009343144157182593
292,21829,0.01761881037628103
292,21830,0.025837981405475496
292,21831,0.00872583562234228
292,21832,0.07484101233827253
292,21833,0.0163028773263762
292,21834,0.04272243789687631
292,21835,0.24098749571298705
292,21836,0.5066935745917668
292,21837,1.2478779110948448
292,21838,2.3367094746920754
292,21839,0.6029137044889906
292,21840,0.5412345715565785
292,21841,0.33203633946837463
292,21842,0.5760171033047673
292,21843,0.35058273640144877
292,21844,0.6701618763604114
292,21845,0.54793052536518
292,21846,0.2416544293949665
292,21847,0.05798033564600364
292,21848,0.013588110923174506
292,21901,0.22648283705602176
292,21902,0.02152846915144207
292,21903,0.06549344953306907
292,21904,0.007654220313883686
292,21905,0.0462333431442282
292,21906,0.01705160230033478
292,21907,0.04935565417485297
292,21908,0.010728751365595781
292,21909,0.03935486456042979
292,21910,0.03087036106710998
292,21911,0.05016248800850394
292,21912,0.05240244477519178
292,21913,0.01549194739231675
292,21914,0.05675391534564837
292,21915,0.021056038310644874
292,21916,0.1082832529168787
292,21917,1.455970087636674
292,21918,1.068771007859179
292,21919,0.8697062049057663
292,21920,0.1029260250766841
292,21921,0.039380915741258016
292,21922,0.04263711445027272
292,21923,0.04678155369291356
292,21924,0.05659441499846347
292,21925,0.44943324333442175
292,21926,0.20023146140977943
292,21927,0.0414465292985189
292,21928,0.6562770485843541
292,21929,0.09124837153729598
292,21930,0.1345800526440229
292,21931,0.1168014636248367
292,21932,0.06359092783243148
292,21933,0.5939319926640318
292,21934,0.9087747590580857
292,21935,1.0168742631131484
292,21936,1.0178158353955349
292,21937,0.35127937951259525
292,21938,0.7935899528491083
292,21939,0.42511524283211793
292,21940,0.661558200828009
292,21941,0.325154462099015
292,21942,0.6104634779399875
292,21943,0.2880788854331143
292,21944,0.17923566423709908
292,21945,0.5699431619567848
292,21946,0.1469116229416988
292,21947,0.04471224396510725
292,21948,0.13910928832840613
292,22001,0.05767090612010879
292,22002,0.031500256566505395
292,22003,0.022220295511976466
292,22004,0.027317783416835613
292,22005,0.059079544818050514
292,22006,0.032449074707615655
292,22007,0.05987348990764325
292,22008,0.030716509396318994
292,22009,0.0595011842806595
292,22010,0.02526277020183261
292,22011,0.03707051435996821
292,22012,0.013009031097796823
292,22013,0.02532345981048832
292,22014,0.009192057872739969
292,22015,0.09474345794823007
292,22016,0.3036284442436183
292,22017,0.13697637213915248
292,22018,0.05623561477269443
292,22019,0.3809948964989643
292,22020,0.39346885488576383
292,22021,0.8631437813169947
292,22022,0.044379034339025014
292,22023,0.02843116017250799
292,22024,0.045722217333725175
292,22025,0.011865527792698885
292,22026,0.03389791007651998
292,22027,0.02756310880507611
292,22028,0.039666151016173615
292,22029,0.027475752543425786
292,22030,0.030684494479850846
292,22031,0.056288519950712546
292,22032,0.060798792655557606
292,22033,0.00892465696118226
292,22034,0.0409033541009036
292,22035,0.6155530288778959
292,22036,0.3675253309372457
292,22037,0.6384617420737343
292,22038,0.7294312725316169
292,22039,0.5269984943327504
292,22040,0.4714391616856885
292,22041,0.4172078536038304
292,22042,1.268367945477716
292,22043,0.8463787642166477
292,22044,0.013191447813942445
292,22045,0.07311515065803066
292,22046,0.03043313737059888
292,22047,0.0408321136107392
292,22048,0.010440278315277392
292,22101,0.06703624548818819
292,22102,0.012522314151256118
292,22103,0.03424006040127198
292,22104,0.02036860590012406
292,22105,0.04705204896148996
292,22106,0.007459090534433878
292,22107,0.03631033975935825
292,22108,0.5295652935837379
292,22109,0.043994659078188454
292,22110,0.015049977210883482
292,22111,0.04700994999951022
292,22112,0.00909023205276491
292,22113,0.0333283825389038
292,22114,0.009722434061163422
292,22115,0.07528647330355234
292,22116,0.009651083329596803
292,22117,0.02363942980323795
292,22118,0.00892244166317206
292,22119,0.0253169021056128
292,22120,0.042592040761952284
292,22121,0.02746332726033466
292,22122,0.05016262259489884
292,22123,0.01925271002044043
292,22124,0.333365328922984
292,22125,0.008636965825566209
292,22126,0.05143687699722002
292,22127,0.0037544677152935935
292,22128,0.026226944731749597
292,22129,0.018633255168819002
292,22130,0.0403031108817306
292,22131,0.018715135865586364
292,22132,0.033529098548212816
292,22133,0.012529687922686288
292,22134,0.04602176072533874
292,22135,0.29677920035275984
292,22136,1.142528651354223
292,22137,0.28953213622336577
292,22138,0.805512497850135
292,22139,0.5346240870408632
292,22140,0.8392998857750544
292,22141,0.5019867574115646
292,22142,0.8757149962376384
292,22143,0.17262352969013112
292,22144,0.019349136349538307
292,22145,0.07504769793618403
292,22146,0.02076538362150147
292,22147,0.06156672552181951
292,22148,0.018375112590348804
292,22201,0.029839108001654475
292,22202,0.01787159875411363
292,22203,0.05662362589627598
292,22204,0.031150407946751273
292,22205,0.03097829399123041
292,22206,0.03134031593356439
292,22207,0.16436674407635773
292,22208,0.03420303385289137
292,22209,0.022841074799445846
292,22210,0.052845700369293966
292,22211,0.02686597844560943
292,22212,0.04343067610702114
292,22213,0.06059429109378056
292,22214,0.24751664971258083
292,22215,0.014824943444169793
292,22216,0.03809174757924041
292,22217,0.00800067982514645
292,22218,0.036637691058808
292,22219,0.02915383034259778
292,22220,0.02699790229915985
292,22221,0.016178935435659972
292,22222,0.039932295120948064
292,22223,0.4252451298510853
292,22224,0.018308835777034644
292,22225,0.02636056138167678
292,22226,0.03768351882322646
292,22227,0.021849683271650933
292,22228,0.0271103672100228
292,22229,0.01707567859504845
292,22230,0.03030534958219792
292,22231,0.039679854548422634
292,22232,0.01014009023946954
292,22233,0.05812744837541029
292,22234,0.07323624816029352
292,22235,0.135072668773001
292,22236,0.04514098056011132
292,22237,0.1479285159459426
292,22238,0.13021008720019814
292,22239,0.46695356989702896
292,22240,1.1454585497863639
292,22241,0.49289796787084045
292,22242,0.46437259466999425
292,22243,0.029309621896690362
292,22244,0.0765354929500909
292,22245,0.020516457822129172
292,22246,0.04379190359074962
292,22247,0.04402997777856692
292,22248,0.013791266115052951
292,22301,0.07297421375876172
292,22302,0.06380355457726086
292,22303,0.04133460361140986
292,22304,0.05071072913670963
292,22305,0.13520405071773547
292,22306,0.41356300671713964
292,22307,0.013711497859515987
292,22308,0.017551279095259144
292,22309,0.01815042144359329
292,22310,0.033937498301845996
292,22311,0.03790632669186272
292,22312,0.010983037571877682
292,22313,0.03237228130656935
292,22314,0.012974507088821297
292,22315,0.05507113034737581
292,22316,0.03618872392956175
292,22317,0.016939305824220728
292,22318,0.02309698666124329
292,22319,0.012363718008690402
292,22320,0.04051569152782939
292,22321,0.5164184502916369
292,22322,0.025725901990257247
292,22323,0.019276253531726087
292,22324,0.018576138432950792
292,22325,0.032598453850250085
292,22326,0.0084084625689551
292,22327,0.024183028322810243
292,22328,0.03575693396067537
292,22329,0.008818412467581214
292,22330,0.022317056677898288
292,22331,0.0118041092702561
292,22332,0.0505799329552665
292,22333,0.027679023324056473
292,22334,0.022557368864392538
292,22335,0.022725985640312748
292,22336,0.12739139680676506
292,22337,2.364936125571654
292,22338,0.4560625811403335
292,22339,0.9622053887880909
292,22340,0.6347931520692843
292,22341,0.8816984255553338
292,22342,0.328967192619101
292,22343,0.15016581141334803
292,22344,0.04258449656480302
292,22345,0.023155611302932717
292,22346,0.06657673596252034
292,22347,0.031028346447191126
292,22348,0.03201541830624869
292,22401,0.0746401333498234
292,22402,0.005739483026058006
292,22403,0.3218983505876893
292,22404,0.022088355722406222
292,22405,0.010928876873081613
292,22406,0.03376598669489947
292,22407,0.019673042802984465
292,22408,0.02769166051164284
292,22409,0.023837744199914673
292,22410,0.016758843470941986
292,22411,0.05604169901559086
292,22412,0.01856250888092493
292,22413,0.03820116963758485
292,22414,0.06441998524987602
292,22415,0.00874804451681253
292,22416,0.05456394144987698
292,22417,0.02502356879983574
292,22418,0.03407075229581508
292,22419,0.3908929647961042
292,22420,0.01881018062998935
292,22421,0.028210022086508663
292,22422,0.024029786153119757
292,22423,0.02089040545049137
292,22424,0.05254902508640189
292,22425,0.022646141082835518
292,22426,0.05672499419098115
292,22427,0.03164978803426271
292,22428,0.010367415134568488
292,22429,0.06946897240195396
292,22430,0.011049089370674323
292,22431,0.025678344300269246
292,22432,0.031469239643277705
292,22433,0.01682206825721903
292,22434,0.056631068609182884
292,22435,0.03918043253156033
292,22436,0.4866232064774315
292,22437,0.06612110480159386
292,22438,0.02248779030260507
292,22439,0.04337725020407533
292,22440,0.3785087681901512
292,22441,0.751146868749803
292,22442,0.29627260849641385
292,22443,0.009278144773324856
292,22444,0.041197825951627506
292,22445,0.29186022685178864
292,22446,0.016463048859884786
292,22447,0.07561777849949815
292,22448,0.020462767700692424
292,22501,0.05499749625634942
292,22502,0.026682492404591987
292,22503,0.006977695931403166
292,22504,0.04766188587476254
292,22505,0.02419715898531238
292,22506,0.03545362781039802
292,22507,0.052116963176987274
292,22508,0.01988935441047027
292,22509,0.022024879035367078
292,22510,0.016446897943896387
292,22511,0.031377273943907144
292,22512,0.07932898708966953
292,22513,0.08724070676008241
292,22514,0.3552895126794025
292,22515,0.05970331282761708
292,22516,0.008975107950595688
292,22517,0.027292442660959416
292,22518,0.05068846077048448
292,22519,0.007964212507248627
292,22520,0.0757416689362941
292,22521,0.023354993372881445
292,22522,0.01852644952697619
292,22523,0.015336624951579829
292,22524,0.005990712710789578
292,22525,0.07167489715755165
292,22526,0.01646562080983127
292,22527,0.013363562880180471
292,22528,0.016920331089910572
292,22529,0.009024058150812213
292,22530,0.1216520403483841
292,22531,0.40927352929408445
292,22532,0.015151710666604546
292,22533,0.5885066578390169
292,22534,0.2917172617466362
292,22535,0.7092803306201373
292,22536,0.4704282612111641
292,22537,0.8299748143699968
292,22538,0.34988119350465924
292,22539,0.1712697125001913
292,22540,0.21877150606514276
292,22541,0.3041071268965934
292,22542,0.6635242294198708
292,22543,0.2768506746200451
292,22544,0.48499285731477515
292,22545,0.5962115272781707
292,22546,0.24648647922095954
292,22547,0.09564467792924708
292,22548,0.030272045408167938
292,22601,0.04374128611523231
292,22602,0.03274364578187925
292,22603,0.07411153630156482
292,22604,0.00793425712592993
292,22605,0.05526248393733558
292,22606,0.029145094698743337
292,22607,0.007820840216409388
292,22608,0.038655102801743724
292,22609,0.016798049517934673
292,22610,0.14997718060064488
292,22611,0.22282993208485408
292,22612,0.010247882953356258
292,22613,0.062212410418459284
292,22614,0.021843878125056816
292,22615,0.0720133993101228
292,22616,0.03030896419135495
292,22617,0.008775730087760366
292,22618,0.027700878608894208
292,22619,0.018002588452176425
292,22620,0.017371002863092146
292,22621,0.06971328841018977
292,22622,0.015637925640582303
292,22623,0.29126317509480854
292,22624,0.025811578297626783
292,22625,0.013027383978805162
292,22626,0.06081099206299228
292,22627,0.01570339571340791
292,22628,0.05909722814546276
292,22629,0.043413850665237966
292,22630,0.01703401367366598
292,22631,0.062299611217745125
292,22632,0.02067992693031914
292,22633,0.0391561690623909
292,22634,0.06418434645300705
292,22635,0.06522828241535791
292,22636,0.02916712693357915
292,22637,0.0760385675079629
292,22638,0.010434173191357745
292,22639,0.03267502837434648
292,22640,0.0310644209782247
292,22641,0.20333044846575205
292,22642,0.053378063720912035
292,22643,0.01436696198625016
292,22644,0.05393594778055076
292,22645,0.0294557708464772
292,22646,0.03394198914821714
292,22647,0.053123285681296754
292,22648,0.005076220943743334
292,22701,0.04888009930221105
292,22702,0.01954373639189221
292,22703,0.030497825709560118
292,22704,0.05717866461897055
292,22705,0.010077215577409761
292,22706,0.04600887088054882
292,22707,0.031182077966456893
292,22708,0.01799334039757798
292,22709,0.5189193137385318
292,22710,0.019972928752092438
292,22711,0.04654822081812649
292,22712,0.021286259465423042
292,22713,0.015292491340148298
292,22714,0.03877110971147004
292,22715,0.01393629493090777
292,22716,0.037287712378703
292,22717,0.05299491514206196
292,22718,0.015011303947457753
292,22719,0.047804826213493995
292,22720,0.011649068486036581
292,22721,0.016222100323338935
292,22722,0.07531976055117803
292,22723,0.010805241433941761
292,22724,0.03621843433030069
292,22725,0.14974111585298186
292,22726,0.05310943938715641
292,22727,0.06888261832143208
292,22728,0.03397480471805276
292,22729,0.031087273040534068
292,22730,0.06123346353803235
292,22731,0.9863193581950016
292,22732,0.5143419167687399
292,22733,0.15765252205545868
292,22734,0.22745266122848756
292,22735,0.13241754353614416
292,22736,1.6078307030947854
292,22737,0.3491755287494862
292,22738,0.3723996412522064
292,22739,0.2990161265771728
292,22740,0.8687333352280187
292,22741,0.5256203552084628
292,22742,0.38816536879477875
292,22743,0.4858927875505292
292,22744,0.024307203456333276
292,22745,0.023718539409913912
292,22746,0.02871527264241411
292,22747,0.05750867570235215
292,22748,0.022877522226521122
292,22801,0.023367436138282995
292,22802,0.012962353120328871
292,22803,0.05169657715078344
292,22804,0.026130982632572807
292,22805,0.018790076783909405
292,22806,0.05974592730368828
292,22807,0.07649295836307193
292,22808,0.5372427271231501
292,22809,0.013905680390278232
292,22810,0.01872250950526707
292,22811,0.01783543292928777
292,22812,0.027502506695866367
292,22813,0.03639357314151234
292,22814,0.050210936557688726
292,22815,0.05221358044719948
292,22816,0.023536878859612788
292,22817,0.020840212487526086
292,22818,0.02444573662916536
292,22819,0.06162403779606276
292,22820,0.15599979913581977
292,22821,0.05951479254312791
292,22822,0.012913163052788194
292,22823,0.03624883087285771
292,22824,0.02340576593160714
292,22825,0.46806098189218615
292,22826,0.033283684418146754
292,22827,0.17124947885804168
292,22828,0.05999379837724658
292,22829,0.020885869820965065
292,22830,0.046833674780708705
292,22831,0.4204991486938651
292,22832,0.30693617157645003
292,22833,0.020271471308230288
292,22834,0.03988095272162438
292,22835,0.09800500416987763
292,22836,0.2806797416103661
292,22837,0.4612602160581858
292,22838,0.7044414619544722
292,22839,0.5903549774209625
292,22840,0.1098742308459699
292,22841,0.033654584510503446
292,22842,0.03582952195286622
292,22843,0.043756479005668404
292,22844,0.03266199340346824
292,22845,0.009991622484034011
292,22846,0.07947820383413716
292,22847,0.014822060786340147
292,22848,0.05335775897892985
292,22901,0.059026657716102035
292,22902,0.010203354197627097
292,22903,0.024611014915172768
292,22904,0.019342969244659742
292,22905,0.012249766864645023
292,22906,0.04116844648665181
292,22907,0.36883055404444476
292,22908,0.03564801967734105
292,22909,0.01699736143600399
292,22910,0.019070890441249846
292,22911,0.04967120254928485
292,22912,0.09573749246944942
292,22913,0.0384671066110594
292,22914,0.05000252640976839
292,22915,0.014720904006660129
292,22916,0.04196254115931689
292,22917,0.3129465670435228
292,22918,0.6674809483451697
292,22919,0.8313412806700236
292,22920,0.6163627471724573
292,22921,0.8986423766719916
292,22922,0.09890808006179296
292,22923,0.04524864966024717
292,22924,0.0943083535771919
292,22925,0.06396001771243243
292,22926,0.26712135021726435
292,22927,0.6702798322271534
292,22928,0.6816115080264468
292,22929,0.45169579315271213
292,22930,0.32700701856215975
292,22931,0.39552029172462544
292,22932,0.2556477259369512
292,22933,0.4012510170574499
292,22934,0.1746810641696634
292,22935,0.5285055295119236
292,22936,0.3498213597216289
292,22937,0.9674766770596666
292,22938,1.009450440545142
292,22939,0.5446583835455326
292,22940,0.3109381213592404
292,22941,0.6162925759245624
292,22942,0.5502155255367411
292,22943,0.7126095325457465
292,22944,0.26644603329712896
292,22945,0.06917756597747025
292,22946,0.04789579145774889
292,22947,0.02745979236529527
292,22948,0.069256976945519
292,23001,0.01680646534531901
292,23002,0.039985177391712694
292,23003,0.038019287889494276
292,23004,0.24391657878105302
292,23005,0.040463216393319575
292,23006,0.014261121197152874
292,23007,0.025238585384541108
292,23008,0.019858109356703044
292,23009,0.022227840259463668
292,23010,0.02735869084888108
292,23011,0.017767444932106413
292,23012,0.06747967718943203
292,23013,0.0624854100401951
292,23014,0.056338088036500714
292,23015,0.0977985961774241
292,23016,0.015285471339082273
292,23017,0.10480766832701051
292,23018,0.1715715481955986
292,23019,0.20588752583284617
292,23020,0.043500145251644896
292,23021,0.04920589244162419
292,23022,0.10294222263263415
292,23023,0.15004886408220186
292,23024,0.009148729078552426
292,23025,0.42016733288087343
292,23026,0.2495955296443728
292,23027,0.1816401925544503
292,23028,0.04130551854102425
292,23029,0.47469504196666745
292,23030,0.07974540204070973
292,23031,0.05537249007174119
292,23032,0.1073633939695834
292,23033,0.0776460606131149
292,23034,0.053706219992132265
292,23035,0.2965679489837878
292,23036,0.5099985095585707
292,23037,0.4281211616602562
292,23038,0.624582917947351
292,23039,0.6584108872423133
292,23040,0.8145002428242145
292,23041,1.053144686045342
292,23042,0.21258088818663845
292,23043,0.48165148759186516
292,23044,0.6982163649435169
292,23045,0.22142871957974053
292,23046,0.1174223562109523
292,23047,0.09747970129559295
292,23048,0.010705198592537655
292,23101,0.048135629606791075
292,23102,0.03141866959702281
292,23103,0.0478762699282112
292,23104,0.03322507798459815
292,23105,0.027578047727175013
292,23106,0.0732563808084525
292,23107,0.01874533185068007
292,23108,0.03128876127074271
292,23109,0.02157558442134654
292,23110,0.2114606701279209
292,23111,0.05396816357162862
292,23112,0.014252092334464627
292,23113,0.01577915651205976
292,23114,0.017759397438517073
292,23115,0.05430592672500209
292,23116,0.13479820256838757
292,23117,0.317982632850618
292,23118,0.31400694514367433
292,23119,0.23862857953930164
292,23120,0.4623236237307382
292,23121,0.14594913527672554
292,23122,0.06412876480945488
292,23123,0.09508482242400626
292,23124,0.05299087404450798
292,23125,0.09331587896217945
292,23126,0.11171979632498746
292,23127,0.11017881360151933
292,23128,0.10907129060846324
292,23129,0.29274430017449804
292,23130,0.0438734444128649
292,23131,0.07605680005991022
292,23132,0.06885390979777603
292,23133,0.050645448674044004
292,23134,0.03853228388731468
292,23135,0.05436621512520665
292,23136,0.1705839364233199
292,23137,0.4184868037456867
292,23138,0.2724570721225277
292,23139,0.10807398126012274
292,23140,0.10510681975201436
292,23141,0.5615774378592864
292,23142,0.1462379721789797
292,23143,0.06186569066634177
292,23144,0.0837252691434223
292,23145,0.025971822713917615
292,23146,0.08737625381201279
292,23147,0.030330463053293327
292,23148,0.04471876963477318
292,23201,0.037284554845011746
292,23202,0.02012084007004856
292,23203,0.08507584350642616
292,23204,0.013187440001683795
292,23205,0.06783471232461712
292,23206,0.07648968327728116
292,23207,0.0645427624361135
292,23208,0.0783441612232819
292,23209,0.21276565083827498
292,23210,0.019356244773875413
292,23211,0.05761919825898778
292,23212,0.016058100236176362
292,23213,0.07477170840205082
292,23214,0.020311668306969885
292,23215,0.05035247037735594
292,23216,0.3356672524691596
292,23217,0.06809764241086934
292,23218,0.08381950171158938
292,23219,0.3879768451513808
292,23220,0.08751287221118816
292,23221,0.1341358518894472
292,23222,0.03503479754089894
292,23223,0.03371464244099207
292,23224,0.6407435755065407
292,23225,0.08828806287017851
292,23226,0.07204003623062462
292,23227,0.16984329842321025
292,23228,0.07066189830693455
292,23229,0.024594266657982682
292,23230,0.7079512040107218
292,23231,0.04750614004225976
292,23232,0.039917465082925464
292,23233,0.12444110929788121
292,23234,0.03582155569779306
292,23235,0.13501157641847544
292,23236,0.11314521696800424
292,23237,0.8873383817366299
292,23238,1.5580568777842405
292,23239,0.42615998262074806
292,23240,0.9584188713552612
292,23241,1.588921158294746
292,23242,0.17470638495984675
292,23243,0.15666191600240367
292,23244,0.06278360082208917
292,23245,0.1516456604609591
292,23246,0.020985933763328222
292,23247,0.0424550423420453
292,23248,0.03696522917660662
292,23301,0.01403292827584007
292,23302,0.07701595165072142
292,23303,0.02903606957426218
292,23304,0.06408573705549168
292,23305,0.04168366891034822
292,23306,0.41115469406368577
292,23307,0.05450432768409158
292,23308,0.018864344451236362
292,23309,0.040721999707897236
292,23310,0.030770051981002022
292,23311,0.032496663901234624
292,23312,0.06266961421028763
292,23313,0.010962466555965493
292,23314,0.06831905560846449
292,23315,0.014692620827098936
292,23316,0.5560596215404848
292,23317,1.3002095955186415
292,23318,1.1689466294495263
292,23319,0.03106840764302298
292,23320,0.03748696674286056
292,23321,0.02075251272299335
292,23322,0.10240708019240508
292,23323,0.26530796746040664
292,23324,0.08649434012853095
292,23325,0.3058960947016583
292,23326,0.05016707561053074
292,23327,0.20725870277028838
292,23328,0.720932036611235
292,23329,0.11776506081140553
292,23330,0.05216227562687813
292,23331,0.050842450169159066
292,23332,0.016236428101750442
292,23333,0.05397047465402104
292,23334,0.04898499043962987
292,23335,0.04659180831271386
292,23336,1.0297198980456783
292,23337,1.3799396206922936
292,23338,2.049548110330817
292,23339,0.42213554375429607
292,23340,0.2952223900023587
292,23341,0.7855557521074534
292,23342,0.5553920279045016
292,23343,0.8122876392089294
292,23344,0.3328153647139509
292,23345,0.5499270084769696
292,23346,0.409842955977416
292,23347,0.21673704086850235
292,23348,0.0695878057450557
292,23401,0.020923626421057124
292,23402,0.01836558903044194
292,23403,0.08967244735731882
292,23404,0.45579317646915507
292,23405,0.06413227970388083
292,23406,0.02116213155516878
292,23407,0.019633019119849097
292,23408,0.0327990756951356
292,23409,0.019267729204295685
292,23410,0.02967042874393217
292,23411,0.04793882133409711
292,23412,0.019668549373082916
292,23413,0.08686346729100558
292,23414,0.010325212199813354
292,23415,0.017486021177155534
292,23416,0.0625248609914892
292,23417,1.560002843338114
292,23418,0.6939501686017084
292,23419,0.19765466203691898
292,23420,0.6230284062489216
292,23421,0.05134693522467228
292,23422,0.04411336455837608
292,23423,0.06036668315684969
292,23424,0.06757106601800415
292,23425,0.06402387673148696
292,23426,0.021230578868147696
292,23427,0.03428030128074005
292,23428,0.05704316000404503
292,23429,0.012261016486802402
292,23430,0.028930314607944204
292,23431,0.01595468778372914
292,23432,0.012575469943009338
292,23433,0.018005912285996645
292,23434,0.5274084199095319
292,23435,0.8131892267696803
292,23436,0.8182209025599684
292,23437,1.123601349038548
292,23438,0.6128731242952372
292,23439,0.36945096758013224
292,23440,0.8941392941945654
292,23441,0.2391365287974614
292,23442,0.7683758403462876
292,23443,0.4260565595269407
292,23444,0.4841473354773349
292,23445,0.017179425884094997
292,23446,0.05591599783351642
292,23447,0.008737164221798042
292,23448,0.019362346972201794
292,23501,0.014072264745558142
292,23502,0.017212164932128984
292,23503,0.020249548442602756
292,23504,0.39000909094180214
292,23505,0.04199050318348699
292,23506,0.013904959804011793
292,23507,0.040854002455290805
292,23508,0.056932378804007755
292,23509,0.006555572892286874
292,23510,0.07661382067219272
292,23511,0.007648849285703494
292,23512,0.021123373693209914
292,23513,0.05335960994767344
292,23514,0.02478651758021025
292,23515,0.06880661328982568
292,23516,0.010873296925859796
292,23517,0.0341663316531866
292,23518,0.03928115435465128
292,23519,0.021714173554714625
292,23520,0.13064450989844947
292,23521,0.2694449897441883
292,23522,0.03746443965784647
292,23523,0.01644601610351348
292,23524,0.02274812192352008
292,23525,0.023172115454037114
292,23526,0.0053265709494643085
292,23527,0.05121857778954693
292,23528,0.01975759800558975
292,23529,0.037170110064792095
292,23530,0.03572505040020292
292,23531,0.031305255522539016
292,23532,0.03135464445061929
292,23533,0.02744298675031745
292,23534,0.04203916984614267
292,23535,0.0290079702233118
292,23536,0.1320529470061956
292,23537,0.9796890372939177
292,23538,0.2555498269651537
292,23539,1.120806718133766
292,23540,0.18980173367361183
292,23541,0.2519842229248687
292,23542,1.2229679641440885
292,23543,0.3296092814035355
292,23544,1.100511651591111
292,23545,1.1615723438802565
292,23546,0.2750047466299728
292,23547,0.029736873600697926
292,23548,0.01306522931542082
292,23601,0.03452178710631665
292,23602,0.022615581560319516
292,23603,0.015231695525306895
292,23604,0.07156894623978191
292,23605,0.013584485581674511
292,23606,0.050059394286386304
292,23607,0.235927019004183
292,23608,0.032521084756785064
292,23609,0.03319037592431613
292,23610,0.01626650539812544
292,23611,0.03888977917476726
292,23612,0.03319303744025575
292,23613,0.026059364662594148
292,23614,0.02573768479487321
292,23615,0.009770317815619106
292,23616,0.021234620779380906
292,23617,0.03634504207229209
292,23618,0.026244446051283978
292,23619,0.09730523552162977
292,23620,0.023659968007792263
292,23621,0.08736005812584266
292,23622,0.385044430231974
292,23623,0.03106490475936141
292,23624,0.03891356236362321
292,23625,0.011823933651345563
292,23626,0.022597179854033856
292,23627,0.052951855289779026
292,23628,0.007819589801278016
292,23629,0.06674929147083761
292,23630,0.017653147168182066
292,23631,0.05693122952903712
292,23632,0.026373198768460428
292,23633,0.030651596197598458
292,23634,0.08547107984872042
292,23635,0.09067606895755526
292,23636,2.553143413265049
292,23637,1.440819335312497
292,23638,1.8019621293992714
292,23639,0.868920020196605
292,23640,0.9781546577229274
292,23641,0.7343744973100964
292,23642,1.1019148531765894
292,23643,0.9099268530772966
292,23644,0.5323380582346138
292,23645,0.07580085953570814
292,23646,0.03479410854901983
292,23647,0.016115310742183087
292,23648,0.05863354467245304
292,23701,0.16241123378926114
292,23702,0.02506794820872179
292,23703,0.061271048807063105
292,23704,0.028521612775996463
292,23705,0.042966361423403016
292,23706,0.03264801393990869
292,23707,0.025989465327912884
292,23708,0.04161063039237643
292,23709,0.019291798630226994
292,23710,0.03797839295526773
292,23711,0.04344466535754015
292,23712,0.03206914015644465
292,23713,0.019467034368430603
292,23714,0.03433428954406009
292,23715,0.05427331635166994
292,23716,0.034487888585080576
292,23717,0.32306157138944647
292,23718,0.1003561238516572
292,23719,0.029331719360292514
292,23720,0.020698374902939992
292,23721,0.02560112962090081
292,23722,0.010420529540550188
292,23723,0.02684971663181664
292,23724,0.016002274474466997
292,23725,0.022980231317166235
292,23726,0.034001890537634236
292,23727,0.031233370536050298
292,23728,0.06848722022278117
292,23729,0.010728876992943628
292,23730,0.05802201433790986
292,23731,0.021183040119009365
292,23732,0.016113037496081974
292,23733,0.03335366644284492
292,23734,1.1956855984922734
292,23735,0.352509387442805
292,23736,0.1546078236647078
292,23737,0.10234764550131885
292,23738,0.8684129155065335
292,23739,1.1089089747505991
292,23740,0.7354565905976678
292,23741,0.9915617364234536
292,23742,0.7671152768209338
292,23743,0.38309666316812907
292,23744,0.2844392318306037
292,23745,0.024866683883198838
292,23746,0.03814923764045539
292,23747,0.04387007838548396
292,23748,0.017546719548132434
292,23801,0.0752692396987906
292,23802,0.013219645679331178
292,23803,0.021376540605409434
292,23804,0.02917545540866765
292,23805,0.023767364086697815
292,23806,0.04342633964894947
292,23807,0.014231686979461752
292,23808,0.028999806170203913
292,23809,0.4102264676158293
292,23810,0.04186724856619369
292,23811,0.017751091604602087
292,23812,0.020122820832505252
292,23813,0.06788739417201889
292,23814,0.01672833267597095
292,23815,0.05264269983094614
292,23816,0.055778187659186046
292,23817,0.005180924545149797
292,23818,0.026682651294394004
292,23819,0.026977876981865854
292,23820,0.036935615951763145
292,23821,0.015232525153295833
292,23822,0.0188940670896592
292,23823,0.05414220098748917
292,23824,0.009359700831601583
292,23825,0.4754804633668104
292,23826,0.011710598805829298
292,23827,0.03193919649754435
292,23828,0.08955767572739899
292,23829,0.058852641655240595
292,23830,0.04340967568203649
292,23831,0.02236646719371288
292,23832,0.019303913982154
292,23833,0.06519485098905188
292,23834,0.024394871289436803
292,23835,0.04230977155444406
292,23836,0.2737016958746372
292,23837,0.7967254681867478
292,23838,1.1189031430426601
292,23839,1.3649392562935814
292,23840,0.854587678794326
292,23841,0.7541700898961218
292,23842,0.3993125319714735
292,23843,0.34299653947807646
292,23844,0.37294480975049904
292,23845,0.02613421127002274
292,23846,0.06258745445764262
292,23847,0.049653659832363944
292,23848,0.01661853959515195
292,23901,0.03934733329042488
292,23902,0.018468553272270146
292,23903,0.023385824140359408
292,23904,0.03038492975431728
292,23905,0.06117010758023191
292,23906,0.023346941757895798
292,23907,0.13647376897222993
292,23908,0.21795900744403193
292,23909,0.015584994723754481
292,23910,0.01673558584007331
292,23911,0.019244319301452442
292,23912,0.029429866424399896
292,23913,0.022240138524149525
292,23914,0.010479096963201722
292,23915,0.07499792649500617
292,23916,0.01460701046403959
292,23917,0.04785681329801657
292,23918,0.07214107481266056
292,23919,0.026222650616618663
292,23920,0.02858007673291242
292,23921,0.054308484943546086
292,23922,0.04330168847300098
292,23923,0.024562089167771407
292,23924,0.17166080372760173
292,23925,0.008841062253279542
292,23926,0.040228704496109706
292,23927,0.01369419218784205
292,23928,0.06435375883880771
292,23929,0.023684202803887812
292,23930,0.03702448562301484
292,23931,0.06119665268411651
292,23932,0.00947432677574167
292,23933,0.020975840487444195
292,23934,0.01620085720999482
292,23935,0.044806440025387466
292,23936,0.0543112464995316
292,23937,0.8544120992631494
292,23938,2.9456809655271794
292,23939,0.892616736421592
292,23940,1.7308433694795273
292,23941,0.7568088388245331
292,23942,0.7147035615851192
292,23943,0.37093311604455975
292,23944,0.2824811971430855
292,23945,0.5829827359651681
292,23946,0.6671721533482904
292,23947,0.016829360332419968
292,23948,0.059871882857047816
292,24001,0.04156490022230355
292,24002,0.04290733613900441
292,24003,0.04067556965384147
292,24004,0.09465134427992673
292,24005,0.015342070977180867
292,24006,0.03301362928384008
292,24007,0.2123619196396961
292,24008,0.08831320534664042
292,24009,0.01979029343020025
292,24010,0.015195729509967034
292,24011,0.060401476529234006
292,24012,0.027787524032490577
292,24013,0.059575086776634145
292,24014,0.030330312594415928
292,24015,0.015058381773235876
292,24016,0.04754773837796047
292,24017,0.01760028703423583
292,24018,0.6685659924634003
292,24019,0.3705085374517208
292,24020,0.062338667663947835
292,24021,0.031062414145150385
292,24022,0.012585790508566973
292,24023,0.05528059700743515
292,24024,0.3662267906167706
292,24025,0.3964540673295332
292,24026,0.031114226391386113
292,24027,0.24861148434075708
292,24028,0.1651654596591473
292,24029,0.7831154003191129
292,24030,0.10892439768380646
292,24031,0.049156082789792166
292,24032,0.07802738234082245
292,24033,0.04392507302727479
292,24034,0.08175100982295483
292,24035,1.1982187989866415
292,24036,1.1538696128810484
292,24037,0.36045947406467593
292,24038,0.32148684771009456
292,24039,0.22705422118828567
292,24040,0.04566144263604488
292,24041,0.6609150075367927
292,24042,0.393680649109619
292,24043,0.8531654302574785
292,24044,0.6926084415181155
292,24045,0.547851891695554
292,24046,0.45449925414869
292,24047,0.046780755897774834
292,24048,0.019706575721509075
292,24101,0.06793896710387799
292,24102,0.023911999693209434
292,24103,0.04778507611514184
292,24104,0.03325641721381955
292,24105,0.03613174230153603
292,24106,0.043150108700714764
292,24107,0.02322316517294976
292,24108,0.39925868916545987
292,24109,0.025404640465960138
292,24110,0.03231414527760281
292,24111,0.07480279709370327
292,24112,0.005272227095339293
292,24113,0.046718939094179734
292,24114,0.012542459145878494
292,24115,0.016941991399299465
292,24116,0.026493188081165242
292,24117,0.0623590043576
292,24118,0.2610287620407224
292,24119,0.5495805337588145
292,24120,0.5796380523363457
292,24121,0.13151116019526538
292,24122,0.030381423024422094
292,24123,0.020254077694177287
292,24124,0.07914136326633928
292,24125,0.02990264896373445
292,24126,0.02795255915662286
292,24127,0.06562260969238119
292,24128,0.010345411375830092
292,24129,0.04541845637580763
292,24130,0.22882142970302183
292,24131,0.020331401306293944
292,24132,0.0708359141439774
292,24133,0.1797052859813498
292,24134,0.4652274938386976
292,24135,0.4153878391073844
292,24136,0.7396778771165561
292,24137,0.2320846062044006
292,24138,0.12460211501103163
292,24139,0.12759865474956794
292,24140,0.14867358534469374
292,24141,0.6150233776714107
292,24142,0.1454243303844065
292,24143,0.10135409278497096
292,24144,0.053232941369025094
292,24145,0.10623940293074338
292,24146,0.039615864722521564
292,24147,0.08765389057504268
292,24148,0.04496903175395652
292,24201,0.02015240300294425
292,24202,0.03539482884605639
292,24203,0.03580593421262225
292,24204,0.01408630624491683
292,24205,0.04662939013589697
292,24206,0.01746176377350089
292,24207,0.043348572864548664
292,24208,0.012183101111385724
292,24209,0.01675217480175001
292,24210,0.027521389449520192
292,24211,0.16227366342336438
292,24212,0.06958602122939472
292,24213,0.011720005943547914
292,24214,0.07367369853420551
292,24215,0.020747040972233295
292,24216,0.04011039892635431
292,24217,0.024380120018201203
292,24218,0.00830846022752224
292,24219,0.07887099936442625
292,24220,0.014201745155228769
292,24221,0.0562713109386376
292,24222,0.03828077547958952
292,24223,0.027261900957727896
292,24224,0.019850265727542987
292,24225,0.009848365166550705
292,24226,0.05248233043846596
292,24227,0.011308773245556293
292,24228,0.20587731961114167
292,24229,0.05916960727891499
292,24230,0.02721978671962256
292,24231,0.07491123414495376
292,24232,0.019999200176335143
292,24233,0.01877727784982967
292,24234,0.04072856399575371
292,24235,0.5842740027841612
292,24236,0.13318552959682486
292,24237,0.10162231553631144
292,24238,0.5939832449658201
292,24239,0.3009932169599675
292,24240,0.07398363476440753
292,24241,0.11062416506534278
292,24242,0.32176592508686164
292,24243,0.17611549896010426
292,24244,0.24990884895644452
292,24245,0.5572704264980046
292,24246,0.0458516944930686
292,24247,0.04560263843830315
292,24248,0.0320692161638865
292,24301,0.07442461075820919
292,24302,0.032436402017665504
292,24303,0.06689230494736553
292,24304,0.010188693776583607
292,24305,0.049207872741329255
292,24306,0.032842483035660314
292,24307,0.02938854222200631
292,24308,0.04380330026334989
292,24309,0.03289420785958663
292,24310,0.048492660842093804
292,24311,0.03693958585023541
292,24312,0.03522958965535433
292,24313,0.02743378627054989
292,24314,0.14952937280103307
292,24315,0.05314276981399886
292,24316,0.02971980616097632
292,24317,0.04070766859592441
292,24318,0.091289125694421
292,24319,0.06035955975890659
292,24320,0.0929203028687097
292,24321,0.03956770981204958
292,24322,0.036722687362019814
292,24323,0.07631679823980646
292,24324,0.00913699360274232
292,24325,0.04942457742044479
292,24326,0.026407830094351707
292,24327,0.05243568348830571
292,24328,0.023396858138755347
292,24329,0.03170105597639663
292,24330,0.045298602740912124
292,24331,0.07629809420448135
292,24332,0.27189447044583226
292,24333,0.027723755670572597
292,24334,0.04260679221061517
292,24335,0.06443641950037607
292,24336,0.058168624461859594
292,24337,0.0825470358142132
292,24338,0.09083006250955124
292,24339,0.9326302812734867
292,24340,0.08738591306106744
292,24341,0.0961481351893767
292,24342,0.04713752289191229
292,24343,0.06254392852113634
292,24344,0.05873881186660117
292,24345,0.05337557398785059
292,24346,0.03922563267539953
292,24347,0.036246987023088394
292,24348,0.07367617640421974
292,24401,0.019824574873867424
292,24402,0.0452942300270996
292,24403,0.042478408415089694
292,24404,0.03403258571783123
292,24405,0.051811339164870164
292,24406,0.5478479836054266
292,24407,0.09848599147307417
292,24408,0.03787644925995556
292,24409,0.011377990009736556
292,24410,0.052774005795946266
292,24411,0.032283054716403095
292,24412,0.017943907667269204
292,24413,0.024069334072319152
292,24414,0.016848305578066654
292,24415,0.04986652919940696
292,24416,0.04829318905870487
292,24417,0.013319057878502382
292,24418,0.04200175025858433
292,24419,0.03155630068343486
292,24420,0.025649593394105726
292,24421,0.059577168491502144
292,24422,0.36011006804727747
292,24423,0.058130778216716784
292,24424,0.018035735742232335
292,24425,0.03883480604494434
292,24426,0.03998844556023648
292,24427,0.01734861188841741
292,24428,0.05720172034693412
292,24429,0.019694063845573862
292,24430,0.06561910624555482
292,24431,0.03886697662634254
292,24432,0.005455139938072812
292,24433,0.048078431365091344
292,24434,0.027259208673462623
292,24435,0.03569661156253909
292,24436,0.013892915443243498
292,24437,0.01356989857516793
292,24438,0.2484211737005399
292,24439,0.496856421821497
292,24440,0.16117946736232489
292,24441,0.1939862216389214
292,24442,0.21298421711832644
292,24443,0.046799522890433896
292,24444,0.15599347948084488
292,24445,0.09507427493768021
292,24446,0.023788395128789965
292,24447,0.027892373571331543
292,24448,0.03627992052745182
292,24501,0.011080836083018136
292,24502,0.3932419321053427
292,24503,0.009373736521412036
292,24504,0.023008240392431822
292,24505,0.04096151819756359
292,24506,0.0255963066780803
292,24507,0.05670883889180809
292,24508,0.02879017631931194
292,24509,0.06661960155992301
292,24510,0.00839674299543133
292,24511,0.03866748336305977
292,24512,0.01781629691411589
292,24513,0.013147755765109476
292,24514,0.06651148011959977
292,24515,0.04141807562663071
292,24516,0.045217962980236975
292,24517,0.027262682321464837
292,24518,0.041048054428496156
292,24519,0.04367708462114037
292,24520,0.2055512727241584
292,24521,0.04072540427975867
292,24522,0.027636428705757925
292,24523,0.03381128257198077
292,24524,0.04033062218546882
292,24525,0.012739485850598226
292,24526,0.08438202517181892
292,24527,0.015409860236987665
292,24528,0.07331095119987556
292,24529,0.024407772385713837
292,24530,0.036335792913695646
292,24531,0.05778075430123002
292,24532,0.07402646565356892
292,24533,0.07712823896295677
292,24534,0.17501476804248056
292,24535,0.5992616232788879
292,24536,0.16237110460910945
292,24537,0.04085978768414258
292,24538,0.0851220607468708
292,24539,0.06584910236725008
292,24540,0.09294871304580955
292,24541,0.17798795550188865
292,24542,0.06323234799713924
292,24543,0.1588215093383984
292,24544,0.03318078960132753
292,24545,0.029699753948746972
292,24546,0.07308466852918265
292,24547,0.02581704512980947
292,24548,0.03189248897664024
292,24601,0.2256236865129856
292,24602,0.038995914678869655
292,24603,0.008216589905366108
292,24604,0.03172551307560525
292,24605,0.026560292492945232
292,24606,0.01343744232153987
292,24607,0.01644646051800835
292,24608,0.032422588401673925
292,24609,0.03323902223337258
292,24610,0.016353171164158936
292,24611,0.06729511172521577
292,24612,0.00583584037673103
292,24613,0.06640109665704104
292,24614,0.0179288152567977
292,24615,0.09280039701954851
292,24616,0.013860345699852837
292,24617,0.021174333399894954
292,24618,0.35818403818798933
292,24619,0.019865154883801805
292,24620,0.06607167884121999
292,24621,0.04460742699989404
292,24622,0.02220521119756
292,24623,0.019695791750501592
292,24624,0.0069249971619633486
292,24625,0.06664941323432082
292,24626,0.00809437450661666
292,24627,0.06318104541047846
292,24628,0.030804013015825714
292,24629,0.014684792337597431
292,24630,0.039960328023270424
292,24631,0.025586885143358346
292,24632,0.04033945120139016
292,24633,0.019439057861087582
292,24634,0.05269874152689913
292,24635,0.6788637882279644
292,24636,1.5583730672926983
292,24637,0.6892720380730515
292,24638,0.32458460855474325
292,24639,0.29414430895568017
292,24640,0.29643830828549655
292,24641,0.2288941321622709
292,24642,0.15330208090514955
292,24643,0.05784291133956402
292,24644,0.04690351035233511
292,24645,0.031653402592156155
292,24646,0.022401524429149066
292,24647,0.0283147084136658
292,24648,0.020061261196361504
292,24701,0.07903002870711791
292,24702,0.02289882659456452
292,24703,0.0650369003711372
292,24704,0.017686060935435052
292,24705,0.016162838469113688
292,24706,0.022777539347579433
292,24707,0.09119336719404503
292,24708,0.04828870846189454
292,24709,0.025581845146870657
292,24710,0.06004836503254914
292,24711,0.502809762115418
292,24712,0.03577129020948936
292,24713,0.05518402343996077
292,24714,0.01009658634642603
292,24715,0.07398017781238235
292,24716,0.024417220353244944
292,24717,0.07243890079379424
292,24718,0.1768587036907802
292,24719,0.16467877922663338
292,24720,0.30613889987898246
292,24721,0.15168650597653935
292,24722,0.07342148596060419
292,24723,0.03047184202542924
292,24724,0.0476537081099873
292,24725,0.02911157704623752
292,24726,0.15163425610286077
292,24727,0.05636751722074794
292,24728,0.04463168642196508
292,24729,0.08465462403934011
292,24730,0.141501957144738
292,24731,0.6446518566164191
292,24732,0.06410917116127868
292,24733,0.08119768144390908
292,24734,0.06182171187042184
292,24735,0.07384225209186132
292,24736,0.573533151799395
292,24737,0.21929380750511057
292,24738,1.7840530254777507
292,24739,0.7699591576676349
292,24740,0.3947014924401781
292,24741,0.15749523572366192
292,24742,0.17849181630415667
292,24743,0.054919590858729196
292,24744,0.02130377357907871
292,24745,0.03637273666392137
292,24746,0.050775517173296494
292,24747,0.054642922612471445
292,24748,0.03539684421875685
292,24801,0.008083172457429245
292,24802,0.12654076137915754
292,24803,0.17010482767181265
292,24804,0.11325849082636505
292,24805,0.06023973493443758
292,24806,0.04471671268859245
292,24807,0.05082768081782246
292,24808,0.024779872236345354
292,24809,0.0705387170231885
292,24810,0.060482970355235435
292,24811,0.08853166564642341
292,24812,0.06564007461052297
292,24813,0.007870480383245306
292,24814,0.07546212747890954
292,24815,0.006128628816578801
292,24816,0.14578025505539446
292,24817,0.25417644789930405
292,24818,0.5613916432752412
292,24819,0.05942336164558253
292,24820,0.06962575495110712
292,24821,0.09842636388174503
292,24822,0.03254667542310752
292,24823,0.08527639105093666
292,24824,0.013579702871784217
292,24825,0.062426984870967005
292,24826,0.07702047524224027
292,24827,0.05103945037327081
292,24828,0.06969362654189117
292,24829,0.09346606927696083
292,24830,0.29328465729532377
292,24831,0.20250535475124926
292,24832,0.09424427496307385
292,24833,0.47749416266086864
292,24834,0.39046201089730664
292,24835,0.14505002254130986
292,24836,0.07621660292556762
292,24837,0.5549540569876098
292,24838,0.31142448075646223
292,24839,0.3361837655232443
292,24840,0.35856979392185306
292,24841,1.0654132361173188
292,24842,0.24307112814909207
292,24843,0.17787522492664742
292,24844,0.09672479152593427
292,24845,0.10531299954554992
292,24846,0.05483906989094996
292,24847,0.01645589539267152
292,24848,0.05286643267074127
292,24901,0.04359218848071565
292,24902,0.03443693250087581
292,24903,0.04661742204680734
292,24904,0.013340607384974912
292,24905,0.03202458019191921
292,24906,0.03844558900257448
292,24907,0.018088915723990236
292,24908,0.08607220223864376
292,24909,0.012068039856396663
292,24910,0.03301447333655351
292,24911,0.23535236223939812
292,24912,0.01503122748731744
292,24913,0.08780549899331676
292,24914,0.012750744876102693
292,24915,0.03736608546200182
292,24916,0.05051044166721543
292,24917,0.014984075270112035
292,24918,0.03208676807752196
292,24919,0.030269165598342664
292,24920,0.034478591627876594
292,24921,0.03742443431140059
292,24922,0.010304977245781456
292,24923,0.04069167344393915
292,24924,0.011274555816243733
292,24925,0.04208659770061189
292,24926,0.018107310398155958
292,24927,0.019183616882095102
292,24928,0.16527063894748767
292,24929,0.022424837169385724
292,24930,0.045073372433593654
292,24931,0.04109554504060235
292,24932,0.02118949773649783
292,24933,0.08685534094319725
292,24934,0.021560141703736154
292,24935,0.05820217893432677
292,24936,0.0867843684450187
292,24937,0.06056592195089432
292,24938,0.1444734859089652
292,24939,1.1981429721085508
292,24940,1.0018485038180618
292,24941,1.0025153591637843
292,24942,0.5533644172333437
292,24943,0.40166982097545373
292,24944,0.21331950090494942
292,24945,0.008819038040256846
292,24946,0.08743586227159306
292,24947,0.028259832121000562
292,24948,0.027594122920104443
292,25001,0.06871565675396775
292,25002,0.02792934743765927
292,25003,0.04109148874793039
292,25004,0.02325489705562871
292,25005,0.01921475054306104
292,25006,0.056186282579239785
292,25007,0.013103986551171018
292,25008,0.05280076421866586
292,25009,0.04897180215754813
292,25010,0.025225730005499897
292,25011,0.1366351075022307
292,25012,0.08181769523379653
292,25013,0.015383829781647007
292,25014,0.019934792304318077
292,25015,0.02561612721047255
292,25016,0.06296690603890931
292,25017,0.03642530318548056
292,25018,0.01791453602246461
292,25019,0.04730670667738573
292,25020,0.06377514890836541
292,25021,0.023853956452183106
292,25022,0.03572622313183806
292,25023,0.01832670879468537
292,25024,0.061416366744227326
292,25025,0.4133054968986349
292,25026,0.014405035664040434
292,25027,0.055136262275515005
292,25028,0.031339016998321326
292,25029,0.03358644476172253
292,25030,0.04112631780699367
292,25031,0.023003145661742313
292,25032,0.021439644435854152
292,25033,0.022186734116342578
292,25034,0.08507336562765369
292,25035,0.010809156294201868
292,25036,0.06206379810503116
292,25037,0.020189563161174862
292,25038,0.01924628661203439
292,25039,0.027880003434062817
292,25040,0.023092525933908807
292,25041,0.6318545658741106
292,25042,1.6337458400484788
292,25043,0.5214486288032626
292,25044,0.1876855935392458
292,25045,0.03595422555084014
292,25046,0.021041793499790937
292,25047,0.020154906426031165
292,25048,0.023277731042623054
292,25101,0.09271860525035637
292,25102,0.014544479397422516
292,25103,0.057408154584025574
292,25104,0.06312925875353459
292,25105,0.016946776152609214
292,25106,0.034441708237235656
292,25107,0.033702434656743455
292,25108,0.4294177167958031
292,25109,0.08297494830017271
292,25110,0.00864448305191516
292,25111,0.02065436012591067
292,25112,0.04707987675251907
292,25113,0.024751695121524368
292,25114,0.03239426985707519
292,25115,0.034632068441859946
292,25116,0.06196788625618131
292,25117,0.06488110947618503
292,25118,0.014741592747709698
292,25119,0.07167137131943817
292,25120,0.02094786089003237
292,25121,0.0404176488584321
292,25122,0.032158231757726384
292,25123,0.02134856262062789
292,25124,0.4507597127722178
292,25125,0.02055462451139102
292,25126,0.07503829754044296
292,25127,0.025893090520806416
292,25128,0.014633943033880681
292,25129,0.05411633367171777
292,25130,0.013477348297811336
292,25131,0.052100024068076956
292,25132,0.031061356297982214
292,25133,0.04777840500416344
292,25134,0.056315877683631006
292,25135,0.032000515011795405
292,25136,0.04432470691519447
292,25137,0.7308146667362353
292,25138,1.2305131180284323
292,25139,0.9234895465806402
292,25140,0.62497169785601
292,25141,1.39584724144877
292,25142,0.7482707431617112
292,25143,0.2684363921075572
292,25144,0.4114812746005131
292,25145,0.08313157184218564
292,25146,0.026580670475713455
292,25147,0.05763811845844767
292,25148,0.04704697653732852
292,25201,0.02153889585193598
292,25202,0.023225978978544486
292,25203,0.017207844915726
292,25204,0.07443323691903632
292,25205,0.0434522711553111
292,25206,0.03314357858326254
292,25207,0.07587747889224149
292,25208,0.012931695005433409
292,25209,0.3537200400062933
292,25210,0.02871998889259415
292,25211,0.03521268101367583
292,25212,0.06174675078667049
292,25213,0.0221142773495498
292,25214,0.03140163058309151
292,25215,0.025768873697609513
292,25216,0.026721063013052066
292,25217,0.0692114043927085
292,25218,0.021715294803278638
292,25219,0.04597460015147244
292,25220,0.3439594580564639
292,25221,0.14408685606081556
292,25222,0.04773447245675123
292,25223,0.03275322977478124
292,25224,0.06365077063888938
292,25225,0.03901435051837111
292,25226,0.019146507630814002
292,25227,0.056326088651789286
292,25228,0.021933712033142563
292,25229,0.04489791170333662
292,25230,0.09344704161231523
292,25231,0.029550065467726937
292,25232,0.0464371826208119
292,25233,0.0499976734063346
292,25234,0.031057193588342132
292,25235,0.22687150498821498
292,25236,0.13348596879343191
292,25237,0.07589927950480176
292,25238,0.40131489008987753
292,25239,0.025891857294442235
292,25240,0.12616852391683708
292,25241,0.24878782475037342
292,25242,1.4137644237745308
292,25243,0.5106436443758562
292,25244,0.6355517173964702
292,25245,0.1805801907419284
292,25246,0.027117146116184702
292,25247,0.06316068906895551
292,25248,0.04599813003801696
292,25301,0.031546922962428274
292,25302,0.06301455380216786
292,25303,0.01893083716458571
292,25304,0.061057114070777
292,25305,0.040568828173723544
292,25306,0.01603278513724775
292,25307,0.04131156664891662
292,25308,0.030594781775464763
292,25309,0.20772198689196983
292,25310,0.06270559423982339
292,25311,0.03074076746917118
292,25312,0.02253695050699661
292,25313,0.022944262200921463
292,25314,0.08515754384184117
292,25315,0.048440119414731926
292,25316,0.035219198338833975
292,25317,0.04194339283699382
292,25318,0.03048978826059715
292,25319,0.008467633497136248
292,25320,0.3826522958819681
292,25321,0.04292113259287318
292,25322,0.016936013252058728
292,25323,0.07803440878054997
292,25324,0.02078859908161882
292,25325,0.04281339696291068
292,25326,0.019748949033586646
292,25327,0.016396575843880747
292,25328,0.03422114162725292
292,25329,0.015563286858481712
292,25330,0.03197831833956186
292,25331,0.025825477131901333
292,25332,0.02695651256897304
292,25333,0.07730796906887112
292,25334,0.5692518870878661
292,25335,1.4258220239266066
292,25336,1.6703366648324673
292,25337,0.37156956901450405
292,25338,0.6875602888003854
292,25339,0.41407065659969755
292,25340,1.2342235698043857
292,25341,0.1434146407853253
292,25342,0.9014888308437129
292,25343,0.12206077195778911
292,25344,0.39260394631812184
292,25345,0.09458009364501305
292,25346,0.0761073368899794
292,25347,0.052129882700069775
292,25348,0.03201134047635738
292,25401,0.06752327130931503
292,25402,0.027922103671395675
292,25403,0.015661152365256652
292,25404,0.03235368127920099
292,25405,0.01568800423607317
292,25406,0.023073082474726378
292,25407,0.09084265775974493
292,25408,0.027905226607187385
292,25409,0.019694727815287263
292,25410,0.17957223316033985
292,25411,0.03087881279282484
292,25412,0.09015092802570462
292,25413,0.06160092913129708
292,25414,0.10382075259760565
292,25415,0.15475976513983142
292,25416,0.3510540606534353
292,25417,0.36223272750066193
292,25418,0.11567209747159561
292,25419,1.587278983040736
292,25420,0.12338664476466983
292,25421,0.08643854964807418
292,25422,0.04095976315877997
292,25423,0.04557683859630082
292,25424,0.01999947193292306
292,25425,0.05683472607078924
292,25426,0.043756920634230714
292,25427,0.06824938727391233
292,25428,0.042143016414476736
292,25429,0.08829871220600556
292,25430,0.039421026227653776
292,25431,0.040665224942917744
292,25432,0.05900280358273128
292,25433,0.03217600085856772
292,25434,0.025852857711341194
292,25435,0.07464248123716086
292,25436,0.3027455125156383
292,25437,1.0522077019808005
292,25438,3.198531742132222
292,25439,1.2057311334931236
292,25440,0.5411210178237392
292,25441,0.5736676400908971
292,25442,1.167961070733858
292,25443,0.6282092445676988
292,25444,0.06710303964814401
292,25445,0.11762809918472807
292,25446,0.07805635458685398
292,25447,0.015433620663768513
292,25448,0.021695296702253047
292,25501,0.09255262635810094
292,25502,0.02959380983730531
292,25503,0.03235222860533856
292,25504,0.023468987556870602
292,25505,0.020012559256287553
292,25506,0.03625021751097659
292,25507,0.053502470839145
292,25508,0.024215986754403517
292,25509,0.035778816136448
292,25510,0.037592762687725066
292,25511,0.019001927482970603
292,25512,0.24281492580286024
292,25513,0.023525556627089342
292,25514,0.08486646756990704
292,25515,0.14370425234792472
292,25516,0.4939394722491926
292,25517,0.6772814424361142
292,25518,0.5308587792681309
292,25519,0.20078959122995252
292,25520,0.0302751021458849
292,25521,0.13677950288527063
292,25522,0.056691699418607744
292,25523,0.24398959924327432
292,25524,0.06792152722339666
292,25525,0.649955702104672
292,25526,0.022700998883063275
292,25527,0.0562036238630243
292,25528,0.060888963729819987
292,25529,0.1281537729385365
292,25530,0.08368478209768926
292,25531,0.3317622187342867
292,25532,0.6723393307406785
292,25533,0.0729368698946103
292,25534,0.6889083547281307
292,25535,0.4534234207908211
292,25536,0.5387036703016799
292,25537,0.6072783301607003
292,25538,0.41912468149412185
292,25539,1.2710605608970105
292,25540,0.08932787286025408
292,25541,0.15244241648577833
292,25542,0.09082997768914418
292,25543,0.1346815044510095
292,25544,0.043535358039805155
292,25545,0.032744269600647344
292,25546,0.03928188716127394
292,25547,0.016991688719451416
292,25548,0.04930264119937284
292,25601,0.0672922765717371
292,25602,0.026882497692760566
292,25603,0.05083243416090313
292,25604,0.03806426061913671
292,25605,0.00863293489478491
292,25606,0.04046346550085283
292,25607,0.019224238875244357
292,25608,0.5477897449483563
292,25609,0.024056233235546422
292,25610,0.01836930746169169
292,25611,0.04280075389484567
292,25612,0.0135720643143946
292,25613,0.04827425115008701
292,25614,0.024603648483563844
292,25615,0.06007538562610842
292,25616,0.029174033559812067
292,25617,0.018618974950265443
292,25618,0.038872785467722604
292,25619,0.02510043560390111
292,25620,0.07713064193477026
292,25621,0.008611733015956106
292,25622,0.023111578465272665
292,25623,0.01915301822591052
292,25624,0.023572577198665057
292,25625,0.023531486149867307
292,25626,0.23850366584401017
292,25627,0.020719334298835542
292,25628,0.03093262049483856
292,25629,0.023040097435616313
292,25630,0.025731267740406117
292,25631,0.02704119528195419
292,25632,0.03336538811359889
292,25633,0.009688752252945304
292,25634,0.018603140623166807
292,25635,0.016931727797828023
292,25636,0.4187104707706176
292,25637,0.18360073293202753
292,25638,0.46406958558764
292,25639,0.1575464187923942
292,25640,1.4221828038607567
292,25641,1.041861130401732
292,25642,0.8263480467489059
292,25643,0.2084970881087557
292,25644,0.05054733068419872
292,25645,0.0652417136271286
292,25646,0.02149513489510621
292,25647,0.04449150888353057
292,25648,0.024651268900670383
292,25701,0.07048861645364743
292,25702,0.018171206174906623
292,25703,0.04394630296318754
292,25704,0.0428176916646068
292,25705,0.036928524081912086
292,25706,0.049355108388841815
292,25707,0.02718773361903761
292,25708,0.05169031659442684
292,25709,0.4061890024386492
292,25710,0.028242100858340485
292,25711,0.009144130402047746
292,25712,0.029841425898321953
292,25713,0.017418220809325966
292,25714,0.0394812142543489
292,25715,0.05005431301768347
292,25716,0.013002370148114888
292,25717,0.042862868282051714
292,25718,0.008759029684780867
292,25719,0.02879545611272354
292,25720,0.017872438363098958
292,25721,0.045856334049440735
292,25722,0.016102962088575243
292,25723,0.024558341569468775
292,25724,0.08777389005970973
292,25725,0.06065777711723989
292,25726,0.4118890533491242
292,25727,0.02268785735195372
292,25728,0.025772809284817406
292,25729,0.08709042637648584
292,25730,0.015385815854121266
292,25731,0.06250349537474924
292,25732,0.03467696796944385
292,25733,0.04345328514466057
292,25734,0.47026484856305606
292,25735,0.7345308429779754
292,25736,0.1400636945883747
292,25737,0.10304552594685613
292,25738,0.06996498982044039
292,25739,0.07162171742849018
292,25740,0.11984572305869676
292,25741,0.08394016999211591
292,25742,0.04834109571629386
292,25743,0.06399790415439659
292,25744,0.08866631732835682
292,25745,0.11177970386368581
292,25746,0.012299253514987214
292,25747,0.054249128439446084
292,25748,0.013590209475169864
292,25801,0.04513340611163396
292,25802,0.039487854187535566
292,25803,0.1329011163605366
292,25804,0.036402114909456294
292,25805,0.01305641082844152
292,25806,0.052732101164294644
292,25807,0.013889607017384082
292,25808,0.014161168765834
292,25809,0.05655602713883215
292,25810,0.013637472788623331
292,25811,0.05847059587043227
292,25812,0.06102321389888276
292,25813,0.060969069457611214
292,25814,0.03570131434649125
292,25815,0.05703762615680311
292,25816,0.012058190704204342
292,25817,0.053542528260982776
292,25818,0.4324971994383823
292,25819,0.030493580888567382
292,25820,0.04509589203777227
292,25821,0.00947508661838396
292,25822,0.08335396218894654
292,25823,0.015719775416683096
292,25824,0.04249705873983935
292,25825,0.054226668167792404
292,25826,0.027173799777469164
292,25827,0.028796447238844943
292,25828,0.019836836446966717
292,25829,0.03255197972582383
292,25830,0.019754046312345907
292,25831,0.03176999687360559
292,25832,0.06605908301030643
292,25833,0.03138897328776704
292,25834,0.04120532972204964
292,25835,0.06353733678397487
292,25836,0.05211828976193058
292,25837,0.3842719672736748
292,25838,0.10188824496823833
292,25839,0.1635360423550906
292,25840,0.4176372595977128
292,25841,0.04052466347716556
292,25842,0.12780186777327332
292,25843,0.04594474853061268
292,25844,0.03908743788639725
292,25845,0.007682729794191039
292,25846,0.06241265905674871
292,25847,0.012202517653298417
292,25848,0.039289880977542255
292,25901,0.03990340403357035
292,25902,0.06290832640812488
292,25903,0.08428081935574613
292,25904,0.013615923999502
292,25905,0.04899618047358565
292,25906,0.022762546589436085
292,25907,0.010749130361505432
292,25908,0.4679013980216249
292,25909,0.008312589940573142
292,25910,0.04554240506608073
292,25911,0.014570831204469165
292,25912,0.03598405453794482
292,25913,0.043313682932846376
292,25914,0.028159948926280924
292,25915,0.06593177923614793
292,25916,0.02596503825640115
292,25917,0.062210239964196334
292,25918,0.013596887815670908
292,25919,0.040046572694669054
292,25920,0.04749599724251383
292,25921,0.03099675726457434
292,25922,0.058479094234327206
292,25923,0.013843343028941071
292,25924,0.09719497989686662
292,25925,0.17600095747030448
292,25926,0.017762947045546953
292,25927,0.03180445667276002
292,25928,0.01409670449062156
292,25929,0.07731429129091903
292,25930,0.018905404300940468
292,25931,0.05631103821315658
292,25932,0.013470628730243111
292,25933,0.02540299868802464
292,25934,0.03253308363692106
292,25935,0.027293186692790006
292,25936,1.0514213619311688
292,25937,0.06689610137364134
292,25938,0.05504174442372709
292,25939,0.16740972719671532
292,25940,0.16548877237301535
292,25941,0.1730184941521306
292,25942,0.16034691734750245
292,25943,0.589655928731002
292,25944,0.36241046235014907
292,25945,0.014080743619970915
292,25946,0.06534297397074044
292,25947,0.03235073183478682
292,25948,0.016503789767081733
292,26001,0.07673122983392207
292,26002,0.02548216533975176
292,26003,0.053343645342356645
292,26004,0.17361086548666388
292,26005,0.03272543840401979
292,26006,0.028024183554020417
292,26007,0.021437428342068996
292,26008,0.054809802975017564
292,26009,0.01341518190649928
292,26010,0.06038238664657698
292,26011,0.014983883571338995
292,26012,0.04417266384482271
292,26013,0.023061612466454086
292,26014,0.017141766522926982
292,26015,0.06447615077707694
292,26016,0.3005666184062868
292,26017,0.5934871715010976
292,26018,0.3163465504472205
292,26019,0.4295930559132111
292,26020,0.03892360497574434
292,26021,0.031397891887186516
292,26022,0.025123289039648992
292,26023,0.19960595644232607
292,26024,0.057479055167928644
292,26025,0.03815978747675927
292,26026,0.030697593001424748
292,26027,0.050798644818601656
292,26028,0.02587734325093702
292,26029,0.043050660385960116
292,26030,0.03436507337629152
292,26031,0.08867176621685033
292,26032,0.059962012446236966
292,26033,0.02201618838379627
292,26034,0.06723929334852571
292,26035,0.4190080122772917
292,26036,0.013234134503980644
292,26037,0.03659028392695926
292,26038,0.031018135195576887
292,26039,0.04917127345441848
292,26040,0.01950509067523899
292,26041,0.030370932858188204
292,26042,0.06443013257562248
292,26043,0.0060482293403243785
292,26044,0.05056586631378972
292,26045,0.016848193778296564
292,26046,0.03627111002702637
292,26047,0.035996688137523984
292,26048,0.007286747765306539
292,26101,0.05490767708577121
292,26102,0.0215583590110717
292,26103,0.38362932127343113
292,26104,0.03890348317487186
292,26105,0.027073526191889092
292,26106,0.061729048961243156
292,26107,0.008998682053809335
292,26108,0.02439583219761746
292,26109,0.02947118218380609
292,26110,0.029048980055987897
292,26111,0.06755984285909715
292,26112,0.021281521041407632
292,26113,0.036168003220297534
292,26114,0.033785121390684444
292,26115,0.00860027474351921
292,26116,0.03822313975979377
292,26117,0.006171616339981506
292,26118,0.1627696536150206
292,26119,0.02981772086993848
292,26120,0.0366459755455085
292,26121,0.019707456470183488
292,26122,0.07502695011432528
292,26123,0.03113910451112709
292,26124,0.023714534984430453
292,26125,0.021559589275004357
292,26126,0.04110283232219975
292,26127,0.010347736013795213
292,26128,0.05801169184020534
292,26129,0.01781352121627896
292,26130,0.036894028023671595
292,26131,0.020266635412629724
292,26132,0.03320269248464709
292,26133,0.05130274555737143
292,26134,0.016015097429860802
292,26135,0.028990475039033296
292,26136,0.3971179527764148
292,26137,0.01105409075970771
292,26138,0.016172186516373012
292,26139,0.02771172322419581
292,26140,0.07764113145172238
292,26141,0.02240332692044108
292,26142,0.05407805905913292
292,26143,0.038850437405310044
292,26144,0.032706735558592666
292,26145,0.06933804156929016
292,26146,0.03009417104928571
292,26147,0.02209197160638975
292,26148,0.014435572295567268
292,26201,0.018761216415702737
292,26202,0.03056319613803704
292,26203,0.01905553031884114
292,26204,0.07363695250083717
292,26205,0.2604880210594205
292,26206,0.050269430848187274
292,26207,0.05358003293297878
292,26208,0.016742596487917826
292,26209,0.024669971139726084
292,26210,0.04598542989096747
292,26211,0.025511013114607746
292,26212,0.05058454019723483
292,26213,0.032365241583706225
292,26214,0.04336125581764786
292,26215,0.0540650364875712
292,26216,0.009379429534332476
292,26217,0.023638748140864623
292,26218,0.031078104393391457
292,26219,0.03881712272991077
292,26220,0.04150239365421153
292,26221,0.027704623424775057
292,26222,0.26885282057469806
292,26223,0.01702537194473329
292,26224,0.026091301043259425
292,26225,0.03917155746078342
292,26226,0.015543969253382018
292,26227,0.07139171343549555
292,26228,0.011281330941406318
292,26229,0.07466139667454437
292,26230,0.014605458675259026
292,26231,0.051080690328583735
292,26232,0.23957819242475564
292,26233,0.3037596119556334
292,26234,0.1264549231937599
292,26235,0.14601242303057543
292,26236,1.550272915235811
292,26237,0.13377270713021389
292,26238,0.08289478463678446
292,26239,0.06287782534391534
292,26240,0.06459787098751008
292,26241,0.48588948103439644
292,26242,0.343765066313873
292,26243,1.1127510721825649
292,26244,0.3014876623159672
292,26245,0.03532825690544788
292,26246,0.062357128449472755
292,26247,0.023918613874313186
292,26248,0.09805644990629003
292,26301,0.06837914276423963
292,26302,0.028351450239086345
292,26303,0.020400307944013124
292,26304,0.050614341193646765
292,26305,0.03607153280370127
292,26306,0.06526868824026952
292,26307,0.01703740757331082
292,26308,0.03435112326808658
292,26309,0.02218333382405153
292,26310,0.11243164789989094
292,26311,0.09927842015742748
292,26312,0.04208073264761261
292,26313,0.0416011310105601
292,26314,0.018216922145513518
292,26315,0.06793514641409337
292,26316,0.008692638063771237
292,26317,0.030712588659527983
292,26318,0.01922042428596419
292,26319,0.05236120170161485
292,26320,0.027161474583544162
292,26321,0.022304586580980692
292,26322,0.04506746877008021
292,26323,0.02348593158518385
292,26324,0.046283130833996
292,26325,0.015233874815921826
292,26326,0.14386234130913456
292,26327,0.016306395995135472
292,26328,0.03388416115290787
292,26329,0.027479966466393807
292,26330,0.024295772749787555
292,26331,0.03176090246733147
292,26332,0.020384137014975354
292,26333,0.022715331701622904
292,26334,0.023336092776734752
292,26335,0.035885629443788224
292,26336,0.07494875881528439
292,26337,0.5117585156281421
292,26338,1.1338316879219006
292,26339,0.24784411662103267
292,26340,0.8552700792430573
292,26341,0.1856237291863981
292,26342,0.04578287013466484
292,26343,0.10022819476508434
292,26344,0.04073887712941608
292,26345,0.11210260280686943
292,26346,0.017948437952187063
292,26347,0.05418310724985701
292,26348,0.04921296479588776
292,26401,0.038032665109256396
292,26402,0.05198709028427153
292,26403,0.009280899989893654
292,26404,0.051616889578420026
292,26405,0.024486680312013228
292,26406,0.05608187697739627
292,26407,0.006203391648124018
292,26408,0.1810879772921831
292,26409,0.02888770902036017
292,26410,0.02082332948435102
292,26411,0.04174203520611851
292,26412,0.02604715240585483
292,26413,0.030822545906066985
292,26414,0.027125140985243268
292,26415,0.08325316211245193
292,26416,0.01267802944318318
292,26417,0.0516090397453507
292,26418,0.025545008878727172
292,26419,0.025755535211991785
292,26420,0.03388096708842291
292,26421,0.03244005927439451
292,26422,0.01640247707904762
292,26423,0.09687928130969443
292,26424,0.4217559911041949
292,26425,0.021462069301780854
292,26426,0.04219749143645663
292,26427,0.03895085651063154
292,26428,0.019228611703488954
292,26429,0.0196781656135149
292,26430,0.038541814883835256
292,26431,0.06702768179848814
292,26432,0.03290777838764114
292,26433,0.05239005056872589
292,26434,0.10668411528177882
292,26435,0.10298500123767472
292,26436,0.04325684229645046
292,26437,0.08030502576785217
292,26438,0.12058270702405988
292,26439,0.10331250897629812
292,26440,0.7062782131122948
292,26441,1.723065889323829
292,26442,0.9093014256831063
292,26443,0.8127295775125056
292,26444,0.40640686306633944
292,26445,0.09761281907733184
292,26446,0.020442980461331802
292,26447,0.0674933369854722
292,26448,0.021838327571905347
292,26501,0.013892707279047622
292,26502,0.05208622565583125
292,26503,0.010157149078096003
292,26504,0.04085834154371001
292,26505,0.008526895231295349
292,26506,0.06185595271741005
292,26507,0.07625532374390301
292,26508,0.04301730832871482
292,26509,0.21625540668630622
292,26510,0.012776691277256983
292,26511,0.05193282578564102
292,26512,0.013718500005031962
292,26513,0.02212614201596466
292,26514,0.04885024461039288
292,26515,0.027071097032568228
292,26516,0.025568214176716834
292,26517,0.007557210272041093
292,26518,0.019920823185614694
292,26519,0.0163807302362084
292,26520,0.014533015299945946
292,26521,0.05232581370091092
292,26522,0.010827267510420452
292,26523,0.04309481991137479
292,26524,0.011154119496473684
292,26525,0.03311826007666574
292,26526,0.4020419903476908
292,26527,0.05380644880943524
292,26528,0.018710018512908336
292,26529,0.021745332021960842
292,26530,0.04862511313707699
292,26531,0.010608478452238125
292,26532,0.029872560731708346
292,26533,0.026206135112496757
292,26534,0.07793540183038923
292,26535,0.038358074127889975
292,26536,0.16262904075079293
292,26537,0.7381797749405765
292,26538,0.17038061394926035
292,26539,0.16978437928382248
292,26540,0.8580744969765423
292,26541,0.08050241301009
292,26542,0.04389797385012847
292,26543,0.08311166133428573
292,26544,0.03023891493264266
292,26545,0.04525606283081285
292,26546,0.03283554333653432
292,26547,0.009808314888484044
292,26548,0.07395347604311782
292,26601,0.022051741255782905
292,26602,0.046152830073253284
292,26603,0.05832831871609734
292,26604,0.010894412001354934
292,26605,0.0650264430806558
292,26606,0.02949645032913639
292,26607,0.04628355408859749
292,26608,0.03130784324558249
292,26609,0.014277981153920944
292,26610,0.40129869212406366
292,26611,0.03205782869093127
292,26612,0.02795512413081848
292,26613,0.010873655708418544
292,26614,0.018196405431675697
292,26615,0.03532224839101854
292,26616,0.03918863188595666
292,26617,0.04899798468186528
292,26618,0.00999465818876415
292,26619,0.021567336340323116
292,26620,0.032850061167676796
292,26621,0.03405775819680441
292,26622,0.038683345809351136
292,26623,0.019466708724723624
292,26624,0.046282400954799886
292,26625,0.00521914074101907
292,26626,0.07275752670460525
292,26627,0.015860692784073763
292,26628,0.18393530397527813
292,26629,0.043674601113622986
292,26630,0.10210666982501455
292,26631,0.04196377304743824
292,26632,0.019810153560815648
292,26633,0.04848610406448202
292,26634,0.6486924748927037
292,26635,0.28301481645738624
292,26636,0.20403372994520275
292,26637,0.0894329862470791
292,26638,0.1552530683838196
292,26639,0.0483022809683849
292,26640,0.1020984149013879
292,26641,0.055852913262910094
292,26642,0.21750668150162322
292,26643,0.4017199607259471
292,26644,0.9712326275859987
292,26645,0.06425045663147835
292,26646,0.06457844447443224
292,26647,0.03398203189780055
292,26648,0.035879344217548396
292,26701,0.01618760587708342
292,26702,0.025483715764474196
292,26703,0.03178467922172325
292,26704,0.25073629032047595
292,26705,0.028667993902215937
292,26706,0.02437363964212766
292,26707,0.02681932074385419
292,26708,0.02513727126503905
292,26709,0.0598616772020358
292,26710,0.01781862851371896
292,26711,0.04650077611179919
292,26712,0.06599339777242047
292,26713,0.011237121683033327
292,26714,0.06584573973284608
292,26715,0.031041525132244847
292,26716,0.07470043341007253
292,26717,0.023134579768212503
292,26718,0.07612653536377577
292,26719,0.02881803195958722
292,26720,0.028695730823027746
292,26721,0.40174444850131397
292,26722,0.02086766263540406
292,26723,0.07439669845555885
292,26724,0.01616336719844049
292,26725,0.022208879360389712
292,26726,0.055645248211289196
292,26727,0.021100413981425866
292,26728,0.08024417469253073
292,26729,0.0150650535601353
292,26730,0.05311463526707775
292,26731,0.03245552668589605
292,26732,0.0186684204060045
292,26733,0.03259048676873945
292,26734,0.024137731467147417
292,26735,0.07366124870369038
292,26736,0.016039090354196067
292,26737,0.9929367550973203
292,26738,1.1756354882714808
292,26739,0.48208238222488886
292,26740,0.08542382711323523
292,26741,0.12523250153039742
292,26742,0.7178168135515064
292,26743,0.11275882474928116
292,26744,0.04652877312682655
292,26745,0.05196968347452611
292,26746,0.03534843547762388
292,26747,0.08352720591146266
292,26748,0.027840303084884232
292,26801,0.046415689967796214
292,26802,0.018714987505640948
292,26803,0.07323315367576226
292,26804,0.03455586155180423
292,26805,0.0689649145188691
292,26806,0.019565495357931936
292,26807,0.05203394751155702
292,26808,0.02089497717402977
292,26809,0.0426119321744616
292,26810,0.02323415727405534
292,26811,0.07865388251976792
292,26812,0.4114817005426333
292,26813,0.03338613805309426
292,26814,0.031139859376596725
292,26815,0.0441618804870891
292,26816,0.23337887585737774
292,26817,0.2593825845450874
292,26818,0.6013378868901174
292,26819,0.1607692033068016
292,26820,0.07035573607566992
292,26821,0.16102739461669044
292,26822,0.06726369347114323
292,26823,0.029341095468352334
292,26824,0.011165198585958212
292,26825,0.05306777771319755
292,26826,0.013957442616912119
292,26827,0.09804233804522133
292,26828,0.28347220825999364
292,26829,0.024719963971327932
292,26830,0.04073834046977061
292,26831,0.053311748989607326
292,26832,0.1355204215702841
292,26833,0.04164409462701677
292,26834,0.053630532907188715
292,26835,0.06079509563849621
292,26836,0.0640640654546772
292,26837,0.5813729085699806
292,26838,0.07867242491256092
292,26839,0.24556567907221918
292,26840,0.7543456801065749
292,26841,0.12996682753583272
292,26842,0.04924756668289132
292,26843,0.08854948965113561
292,26844,0.05117681728352326
292,26845,0.039756130257553916
292,26846,0.02912958936389435
292,26847,0.05438172411249906
292,26848,0.03322887436643343
292,26901,0.02521883841600569
292,26902,0.02615176087001756
292,26903,0.026981425916896153
292,26904,0.06974519056677016
292,26905,0.020808770033191724
292,26906,0.05878856705876699
292,26907,0.025462792629239842
292,26908,0.16937360179361138
292,26909,0.012316035718156563
292,26910,0.049041329200554894
292,26911,0.026282850429528413
292,26912,0.028532179010816356
292,26913,0.060637934850862024
292,26914,0.0210050662531645
292,26915,0.0802465297710354
292,26916,0.027972610318046553
292,26917,0.09546113831667197
292,26918,0.18916327904430869
292,26919,0.6083686738262281
292,26920,0.301725527472805
292,26921,0.2027537853019055
292,26922,0.03614947932233821
292,26923,0.01056174502303465
292,26924,0.05118297688743839
292,26925,0.020710134855544907
292,26926,0.04548292286438362
292,26927,0.11982128004366269
292,26928,0.14163735753163406
292,26929,0.029687954128449538
292,26930,0.06448239872917313
292,26931,0.025166455542330272
292,26932,0.0842805666021148
292,26933,0.10366557195605387
292,26934,0.06305317553035301
292,26935,0.09834623245638904
292,26936,0.2583330566749063
292,26937,0.4928332901304518
292,26938,0.05233048856820922
292,26939,0.199951431904409
292,26940,0.3449102277353058
292,26941,0.44938097004903965
292,26942,0.07423880158837876
292,26943,0.08904203518466017
292,26944,0.07256333369086856
292,26945,0.05725355717706611
292,26946,0.035797412536856005
292,26947,0.03232149716375762
292,26948,0.09628730586761278
292,27001,0.021358165444657094
292,27002,0.07586953377676053
292,27003,0.045728409661546156
292,27004,0.0294149573394804
292,27005,0.03987090150570784
292,27006,0.028376716054721262
292,27007,0.05373089716226046
292,27008,0.019607622746305287
292,27009,0.03844887191214855
292,27010,0.009879321465975843
292,27011,0.36452181321057947
292,27012,0.024139744971482545
292,27013,0.055254731662092466
292,27014,0.01172093528118491
292,27015,0.04641254255429493
292,27016,0.029407202067111875
292,27017,0.05612300443691974
292,27018,0.02790520575957502
292,27019,0.0635190117395037
292,27020,0.03831509484260067
292,27021,0.04229944475622655
292,27022,0.04081438054109113
292,27023,0.02190241943443378
292,27024,0.024314119393866743
292,27025,0.019880175303544214
292,27026,0.030602076161261146
292,27027,0.008031546214748504
292,27028,0.03592407823085604
292,27029,0.3031638780321493
292,27030,0.04211547612189455
292,27031,0.01104435608289514
292,27032,0.0868806731134514
292,27033,0.017008433760527256
292,27034,0.02769162399830696
292,27035,0.016078230217053666
292,27036,0.07548782082431615
292,27037,0.044160628135308314
292,27038,0.06163669662015391
292,27039,0.03960134023740047
292,27040,0.04162945425093456
292,27041,0.02433901147934622
292,27042,0.053924310351796706
292,27043,0.036878608697476084
292,27044,0.05898873881082947
292,27045,0.4754357484695858
292,27046,0.19872580229648143
292,27047,0.031111195519773826
292,27048,0.0774858749183848
292,27101,0.016794243482413134
292,27102,0.04972638021580541
292,27103,0.0199826667349446
292,27104,0.06757679781242654
292,27105,0.022912973181913127
292,27106,0.06452663630381637
292,27107,0.03377705971344365
292,27108,0.01633933150131791
292,27109,0.010381119794240197
292,27110,0.03275227603297946
292,27111,0.037919004016074655
292,27112,0.052774767015493974
292,27113,0.044014497065307016
292,27114,0.4448138062903813
292,27115,0.032992679941789234
292,27116,0.026856974697708313
292,27117,0.029187084287524444
292,27118,0.021452383646878913
292,27119,0.021071807027758495
292,27120,0.0098781700292091
292,27121,0.054753208433729876
292,27122,0.012694904680449167
292,27123,0.03913533586151406
292,27124,0.0360599291172653
292,27125,0.0763407024633973
292,27126,0.06523558047027443
292,27127,0.012484340650457044
292,27128,0.016273368985194835
292,27129,0.03575616443252852
292,27130,0.012462854847570792
292,27131,0.07134112281205657
292,27132,0.029602913770705196
292,27133,0.05456441045600343
292,27134,0.305372192686728
292,27135,0.051041939685779296
292,27136,0.1527652618086413
292,27137,0.14388014424673531
292,27138,0.12497936858457626
292,27139,0.13488652328168435
292,27140,0.6759990871035998
292,27141,0.36101753784846174
292,27142,0.06336990128621012
292,27143,0.060658647659402314
292,27144,0.05523231835382739
292,27145,0.100563064046738
292,27146,0.012045290680198384
292,27147,0.03968260588780254
292,27148,0.01213929318341558
292,27201,0.04054243345531108
292,27202,0.03510053534130184
292,27203,0.053741759040381955
292,27204,0.032629028555152935
292,27205,0.020476210799558164
292,27206,0.04116300029834002
292,27207,0.06725484095308015
292,27208,0.09788378643314813
292,27209,0.02363118519605701
292,27210,0.02946116608260469
292,27211,0.4645443983395972
292,27212,0.02785690964015979
292,27213,0.035636589336206836
292,27214,0.04347603880087995
292,27215,0.024583073405779917
292,27216,0.06904637315111505
292,27217,0.01953967125987667
292,27218,0.08001297457337878
292,27219,0.02442726080932606
292,27220,0.024535369304901022
292,27221,0.044549862963739
292,27222,0.012630853842416979
292,27223,0.02271106875008417
292,27224,0.014669433089939036
292,27225,0.08573181008131905
292,27226,0.012587978456618847
292,27227,0.06577953609413512
292,27228,0.34711743470032347
292,27229,0.03518788635108279
292,27230,0.0377376951668739
292,27231,0.017567254125518846
292,27232,0.03755173942146047
292,27233,0.021299364649964965
292,27234,0.046440125664541594
292,27235,0.05718521381351811
292,27236,0.09228882764721956
292,27237,1.6983593415525455
292,27238,0.09059142223367707
292,27239,0.21381312673217676
292,27240,0.7060469425540856
292,27241,0.1893957267021059
292,27242,0.7098696091644712
292,27243,0.4968422650562981
292,27244,0.3614175479052252
292,27245,0.03943399473610129
292,27246,0.011387463321052704
292,27247,0.03525782857140152
292,27248,0.010109499358886114
292,27301,0.08230752050084818
292,27302,0.023679325475638245
292,27303,0.05430239215354951
292,27304,0.012644019827819649
292,27305,0.03096540637452076
292,27306,0.037668438097180006
292,27307,0.44655110927219277
292,27308,0.04104855933802631
292,27309,0.01498890341058061
292,27310,0.07597988452836076
292,27311,0.021336039194998536
292,27312,0.03791526886515727
292,27313,0.020389433746192388
292,27314,0.027562500331059205
292,27315,0.04127309120215076
292,27316,0.03703969675893275
292,27317,0.052861806217577856
292,27318,0.02050951056220728
292,27319,0.02046541099577743
292,27320,0.012128367693153175
292,27321,0.01831918306775497
292,27322,0.08947068303623927
292,27323,0.11513142600021489
292,27324,0.017858197129864396
292,27325,0.01876277494642951
292,27326,0.04065185368079048
292,27327,0.031264102090363066
292,27328,0.03710754904098749
292,27329,0.022057769136061323
292,27330,0.05359607567697181
292,27331,0.007748435436909029
292,27332,0.02940243084560376
292,27333,0.05876759892198026
292,27334,0.07257229104896622
292,27335,0.06840509428886933
292,27336,0.15955822655857058
292,27337,0.36892859355627106
292,27338,1.943505080953569
292,27339,1.0057797388881726
292,27340,0.8131722176678847
292,27341,0.7487464489834101
292,27342,0.33080973373195594
292,27343,0.5805948339165874
292,27344,0.7396586441753237
292,27345,0.3929010973977784
292,27346,0.042749530095819485
292,27347,0.0339343281257169
292,27348,0.012615540150339447
292,27401,0.03439756148641097
292,27402,0.017296827926707697
292,27403,0.05496349931237914
292,27404,0.028114457117788656
292,27405,0.017322526659059253
292,27406,0.04348437616295399
292,27407,0.053409848429259436
292,27408,0.03130821159032271
292,27409,0.32575588785475074
292,27410,0.042932020425236556
292,27411,0.03793421299499685
292,27412,0.012559873076003765
292,27413,0.028949352160355997
292,27414,0.03650358900678459
292,27415,0.06732922713167823
292,27416,0.01113911607596954
292,27417,0.061237383186932746
292,27418,0.012896344347329258
292,27419,0.030478561065757914
292,27420,0.028040808989570655
292,27421,0.056836751230061294
292,27422,0.043986407369550506
292,27423,0.03544693076384238
292,27424,0.14422131598499574
292,27425,0.04178703806270477
292,27426,0.014350229733563733
292,27427,0.031381595868976826
292,27428,0.03581349681541809
292,27429,0.01654607876322233
292,27430,0.034772335832756504
292,27431,0.06288452468988182
292,27432,0.027208607291174924
292,27433,0.06198571654633096
292,27434,0.039736126249275985
292,27435,0.03908745116463122
292,27436,0.05380336771642691
292,27437,0.3575407247396641
292,27438,0.22793857812891039
292,27439,0.26575843015324985
292,27440,0.4818208850795052
292,27441,0.42974075134289025
292,27442,0.401395611722228
292,27443,0.951458738494596
292,27444,0.3489029988255997
292,27445,0.16574784799825534
292,27446,0.0618631748794856
292,27447,0.029634313305829316
292,27448,0.021056713838256778
292,27501,0.05121656226916343
292,27502,0.04185740964778936
292,27503,0.025981936432530675
292,27504,0.03476164125684726
292,27505,0.04601709592035781
292,27506,0.019915051971836045
292,27507,0.018922166257137874
292,27508,0.027807566903392037
292,27509,0.039764447199854766
292,27510,0.0390258186288116
292,27511,0.08120997965029747
292,27512,0.05136820853374404
292,27513,0.28694265819034775
292,27514,0.026317032382044497
292,27515,0.18892788427414478
292,27516,0.14119512910556817
292,27517,0.08317586693691702
292,27518,0.19901982776840813
292,27519,0.3782291142284182
292,27520,0.1212185275680364
292,27521,0.025142311615828205
292,27522,0.058926304599798154
292,27523,0.019617959297829387
292,27524,0.04344822191440836
292,27525,0.03969041106717807
292,27526,0.013327316204303583
292,27527,0.039282879615230866
292,27528,0.022873017861524722
292,27529,0.06669923538827573
292,27530,0.02651062704333908
292,27531,0.03737923648279913
292,27532,0.016189029977081444
292,27533,0.062399097315894915
292,27534,0.02062617819354242
292,27535,0.031213286260350675
292,27536,0.019053091403037525
292,27537,0.04143911977573711
292,27538,0.12745215990104267
292,27539,0.020259453393910033
292,27540,0.019519986179219195
292,27541,0.06196156094952911
292,27542,0.030118369720587602
292,27543,0.057920289705012076
292,27544,0.03167711008958461
292,27545,0.02992740259708856
292,27546,0.06151895029006215
292,27547,0.0717893894720023
292,27548,0.03974506503087037
292,27601,0.026181753780529053
292,27602,0.029865870927150342
292,27603,0.013147384904772007
292,27604,0.07980081787281691
292,27605,0.0
292,27606,0.0
292,27607,0.02464575912797624
292,27608,0.05432283864669445
292,27609,0.008570137145202064
292,27610,0.1526946170731352
292,27611,0.028689606534644488
292,27612,0.06888753932166632
292,27613,0.018127529399123054
292,27614,0.06806883510270871
292,27615,0.020696931233853886
292,27616,0.051081183856354136
292,27617,0.012731001282243882
292,27618,0.060546119037288605
292,27619,0.01024348309384155
292,27620,0.054221328289131177
292,27621,0.029914193274846297
292,27622,0.04251551621631233
292,27623,0.04493806060705167
292,27624,0.025846659334514806
292,27625,0.023657577127720788
292,27626,0.09464868804346559
292,27627,0.997342273697626
292,27628,0.18129539536512546
292,27629,0.07333992635077217
292,27630,0.14320183233156866
292,27631,0.1531077195152634
292,27632,0.049352680353142823
292,27633,0.0416337528547131
292,27634,0.14055672711200803
292,27635,0.09849120907775458
292,27636,0.06748869148122061
292,27637,0.11400905920794503
292,27638,0.040601102060434754
292,27639,0.33996924766443654
292,27640,0.23721353370829568
292,27641,0.6597556901531276
292,27642,0.13181332455281894
292,27643,0.09330481504719168
292,27644,0.04226869031043408
292,27645,0.031035698417860476
292,27646,0.046504462218376154
292,27647,0.0618261237660918
292,27648,0.04009842720925817
292,27701,0.028057186657929285
292,27702,0.021921397613818887
292,27703,0.05555326993847572
292,27704,0.015117870929743284
292,27705,0.04774554966145684
292,27706,0.07430007184345373
292,27707,0.020376494227209805
292,27708,0.0322968906868485
292,27709,0.019287041300268835
292,27710,0.054801160233717096
292,27711,0.3901318895966697
292,27712,0.03004535260498569
292,27713,0.025769104158315084
292,27714,0.043100329828965826
292,27715,0.04152795236981093
292,27716,0.053191300554853514
292,27717,0.02896825676312809
292,27718,0.1536507627333138
292,27719,0.7036805381237591
292,27720,0.03175719593421147
292,27721,0.05463490750166144
292,27722,0.017571163392524878
292,27723,0.050045019702579345
292,27724,0.06160866943755508
292,27725,0.040750435736906
292,27726,0.05758642367777233
292,27727,0.019220527717548667
292,27728,0.08344148854577382
292,27729,0.01569319893974123
292,27730,0.2062196376984533
292,27731,0.21519246362541414
292,27732,0.07883798353233856
292,27733,0.06665702114096275
292,27734,0.3099539542492735
292,27735,0.5474261798368805
292,27736,1.3820091846341744
292,27737,0.3416027748008443
292,27738,0.36586742165205816
292,27739,0.3532667219360859
292,27740,0.7616458215686106
292,27741,0.16982684012361335
292,27742,0.08827418370806867
292,27743,0.17535348046569255
292,27744,0.17478813944931906
292,27745,0.1776119507244645
292,27746,0.12492839090066699
292,27747,0.045312078801483364
292,27748,0.026121161808949946
292,27801,0.030060024107759646
292,27802,0.08776019703769636
292,27803,0.03244423731593169
292,27804,0.07755381490368285
292,27805,0.030062888046912692
292,27806,0.07173322322424078
292,27807,0.041349496006017554
292,27808,0.04560640448075393
292,27809,0.2408206932231752
292,27810,0.025574582123856843
292,27811,0.03366502652454083
292,27812,0.011640249184405328
292,27813,0.05388556931865662
292,27814,0.03248178552342096
292,27815,0.012554743137967376
292,27816,0.09407268031309558
292,27817,0.016542368042635803
292,27818,0.0478905725711341
292,27819,0.010978891775194004
292,27820,0.04556039972864543
292,27821,0.029674932837076538
292,27822,0.025968513996057922
292,27823,0.07137068922900677
292,27824,0.026933290573068754
292,27825,0.04911477699992847
292,27826,0.022490672486398192
292,27827,0.05455964198402736
292,27828,0.1778179612691542
292,27829,0.050951366919659125
292,27830,0.037995416289536364
292,27831,0.07017348377306162
292,27832,0.03105835752094992
292,27833,0.029816078823065185
292,27834,0.04280404960686878
292,27835,0.04397287972981112
292,27836,0.05427649933025817
292,27837,0.14253600817658954
292,27838,1.3748186788776031
292,27839,0.24449716053511864
292,27840,0.10275775831094051
292,27841,0.15748393816404455
292,27842,0.33269266786271307
292,27843,0.24267565040092637
292,27844,0.08566754530119067
292,27845,0.048538190981336174
292,27846,0.07763168664737746
292,27847,0.010432405413482481
292,27848,0.04750401379679686
292,27901,0.022527942403636786
292,27902,0.037123512100548116
292,27903,0.03200018629780773
292,27904,0.03298021813038383
292,27905,0.07196944856134828
292,27906,0.039703856092655886
292,27907,0.05304996496631471
292,27908,0.017228898101023304
292,27909,0.04452624822109279
292,27910,0.5820033579206778
292,27911,0.03955446757582704
292,27912,0.07841124212800732
292,27913,0.01622641886615
292,27914,0.027885724779069872
292,27915,0.08490366116247078
292,27916,0.0263302994920479
292,27917,0.055426329417199646
292,27918,0.023833479404634976
292,27919,0.0653878645327127
292,27920,0.013336815856632149
292,27921,0.05456690933432118
292,27922,0.03145619697561446
292,27923,0.03633140702299352
292,27924,0.030491428555288948
292,27925,0.014499979725658457
292,27926,0.07860176422381494
292,27927,0.011145630960366776
292,27928,0.07661014742848365
292,27929,0.17204674215859328
292,27930,0.26828463361890265
292,27931,0.07016605171398682
292,27932,0.02428601094354917
292,27933,0.02358018086072086
292,27934,0.01596096696673277
292,27935,0.061691836440822524
292,27936,0.016330865026141762
292,27937,0.06337323440377658
292,27938,0.045437444602117474
292,27939,0.012903746598069588
292,27940,0.025759869170116616
292,27941,0.4785210917660016
292,27942,0.05935846449146207
292,27943,0.13631080011129074
292,27944,0.13941452076835112
292,27945,0.05857508506149618
292,27946,0.041419430110748924
292,27947,0.08099250792445947
292,27948,0.03786677138870756
292,28001,0.07043464190583104
292,28002,0.05153651012399879
292,28003,0.04138294159877484
292,28004,0.061840676952154845
292,28005,0.028887946175465553
292,28006,0.03200075850156418
292,28007,0.04037722310310998
292,28008,0.04556410640364373
292,28009,0.029035512533120384
292,28010,0.044307123086096536
292,28011,0.29626587036890456
292,28012,0.018462608715038884
292,28013,0.019730871231706838
292,28014,0.07392254078506444
292,28015,0.07181155723557618
292,28016,0.06992434738252319
292,28017,0.019140090568660888
292,28018,0.07307158671770754
292,28019,0.03182299508268182
292,28020,0.021774217865209475
292,28021,0.02895527135333194
292,28022,0.06322005518643459
292,28023,0.024018017727454086
292,28024,0.07113197135427439
292,28025,0.01165062052919262
292,28026,0.033792754909465456
292,28027,0.028948556791038263
292,28028,0.05536193927730417
292,28029,0.4641885402900698
292,28030,0.06983783920623665
292,28031,0.03801722261930639
292,28032,0.021329961263234054
292,28033,0.04340623844495853
292,28034,0.015466111690594558
292,28035,1.0415613953823142
292,28036,0.20838575577195334
292,28037,0.09186287363392036
292,28038,0.024589742938973726
292,28039,0.07913962981633565
292,28040,0.06899041591635398
292,28041,0.095816576045995
292,28042,0.08277539643428733
292,28043,0.22115482635937833
292,28044,0.04849455783078723
292,28045,0.01763111849055565
292,28046,0.03726269678656909
292,28047,0.030934069284310903
292,28048,0.32600211522917333
292,28101,0.035150715868369174
292,28102,0.05980552488166562
292,28103,0.04767765344076952
292,28104,0.05634031806000498
292,28105,0.018689605056048105
292,28106,0.03791740457805687
292,28107,0.03607663892026447
292,28108,0.04876860265207285
292,28109,0.03720480112091073
292,28110,0.04530086510991524
292,28111,0.036884770220414066
292,28112,0.02318081140374258
292,28113,0.027245671825680173
292,28114,0.055500102083143
292,28115,0.027189944872266694
292,28116,0.38160348572976877
292,28117,0.20700136650158818
292,28118,0.02357775976202743
292,28119,0.03975369253147076
292,28120,0.06344227392876133
292,28121,0.04265035298400519
292,28122,0.048050517588481376
292,28123,0.03253138750731163
292,28124,0.013019982369962673
292,28125,0.05023019305280289
292,28126,0.03921970355037123
292,28127,0.055255612712870335
292,28128,0.012942488049972698
292,28129,0.026747583610719817
292,28130,0.021564945026656925
292,28131,0.05652489903248137
292,28132,0.0398518713384283
292,28133,0.06726878034814748
292,28134,0.025989029273100206
292,28135,0.3102566076071817
292,28136,0.04195341435628506
292,28137,0.028082625474312294
292,28138,0.0245961904269568
292,28139,0.03495781005381616
292,28140,0.015214091547410389
292,28141,0.04763640002059657
292,28142,0.038623737606655106
292,28143,0.06626019316245936
292,28144,0.019744324214536008
292,28145,0.04467776356433334
292,28146,0.03202437654452949
292,28147,0.06985180005327432
292,28148,0.027282387128960733
292,28201,0.07572577671563503
292,28202,0.08518609824849627
292,28203,0.042369310407853626
292,28204,0.08522269511838541
292,28205,0.2007961778912559
292,28206,0.06633873605429129
292,28207,0.01708034388745275
292,28208,0.08785779311804669
292,28209,0.017314986132206864
292,28210,0.07687714176795507
292,28211,0.021804259968968828
292,28212,0.04379810785544553
292,28213,0.03087319479828003
292,28214,0.378409275362218
292,28215,1.1414756384516889
292,28216,0.38333193301072876
292,28217,0.07480222601550707
292,28218,0.0313912231662482
292,28219,0.00928719497233552
292,28220,0.03660066174207071
292,28221,0.013532558222719416
292,28222,0.05211557869597435
292,28223,0.03119682078435287
292,28224,0.058668356791638655
292,28225,0.027166495095900384
292,28226,0.03036122099631463
292,28227,0.22976823680346395
292,28228,0.032882256529735525
292,28229,0.020518918764610268
292,28230,0.04057728237475255
292,28231,0.025205296047934655
292,28232,0.05072275553508808
292,28233,0.03126333523969241
292,28234,0.05385071546444479
292,28235,0.06477372777884849
292,28236,0.10771893706074144
292,28237,1.4045471219739103
292,28238,0.16275543144928756
292,28239,0.139149104106101
292,28240,0.05705845170531571
292,28241,0.1399363423081688
292,28242,0.09763093210020796
292,28243,0.20633494343299627
292,28244,0.08480081768128968
292,28245,0.028921803616972722
292,28246,0.06277638267434864
292,28247,0.014443558991879006
292,28248,0.09351202459986327
292,28301,0.023893423055580156
292,28302,0.08346542589667177
292,28303,0.024502534009309455
292,28304,0.08671359976550451
292,28305,0.02533150181646287
292,28306,0.035940469850712045
292,28307,0.02038799575506953
292,28308,0.07460840202871524
292,28309,0.029783988293140294
292,28310,0.05449566240881283
292,28311,0.007875485389825757
292,28312,0.07439041477842442
292,28313,0.024099506395327548
292,28314,0.32213228216532935
292,28315,0.007997218264463684
292,28316,0.035946547775917964
292,28317,0.012612880369391415
292,28318,0.3848243799256617
292,28319,0.214472571962655
292,28320,0.349646756903052
292,28321,0.10222506793589548
292,28322,0.02942710440941263
292,28323,0.10627721031250066
292,28324,0.20862775596282182
292,28325,0.18309977225509513
292,28326,0.14320103963009595
292,28327,0.026978565674033613
292,28328,0.07666386074168315
292,28329,0.08325211856160832
292,28330,0.019086172931641016
292,28331,0.10902045452200214
292,28332,0.011126084542974219
292,28333,0.08098432056899964
292,28334,0.08920526314199684
292,28335,0.07951629685367705
292,28336,0.4106503151201153
292,28337,0.23509468274773182
292,28338,0.21838617839591457
292,28339,1.0797002829563072
292,28340,0.06537662842473128
292,28341,0.13494999504090616
292,28342,0.053977526566742484
292,28343,0.03074284271835977
292,28344,0.052769533664686404
292,28345,0.07423895853433152
292,28346,0.07340750378991573
292,28347,0.07999362983645307
292,28348,0.056317619486851184
292,28401,0.4874528445384396
292,28402,0.07267021369318648
292,28403,0.08136761709337251
292,28404,0.08640408358241121
292,28405,0.01881066505942851
292,28406,0.05051513434793856
292,28407,0.06902793672993553
292,28408,0.037908109883566535
292,28409,0.074733701134055
292,28410,0.024839499414228708
292,28411,0.03692964336301724
292,28412,0.015370489205381529
292,28413,0.0817654587350758
292,28414,0.0316915230803322
292,28415,0.1176194823901192
292,28416,0.05542729648283677
292,28417,0.03834018655891788
292,28418,0.02793951301309311
292,28419,0.12912967965397193
292,28420,0.5144444211971152
292,28421,0.048276355493709996
292,28422,0.05216759514001539
292,28423,0.03344650146105445
292,28424,0.057684288683412036
292,28425,0.054418255243794976
292,28426,0.03395923748100195
292,28427,0.0754647257481705
292,28428,0.08555179646099259
292,28429,0.07880072477951618
292,28430,0.05169772563688794
292,28431,0.028544348860716252
292,28432,0.06531917651500724
292,28433,0.04246922876777739
292,28434,0.12019042914852111
292,28435,0.2839645615022743
292,28436,0.28692304959112136
292,28437,0.08055442826924986
292,28438,0.6113001219868279
292,28439,0.13587524210471805
292,28440,0.9719531534206496
292,28441,1.0760876948589309
292,28442,0.6329934931263567
292,28443,0.2880241170547086
292,28444,0.25852942374285576
292,28445,0.5464602084265129
292,28446,0.14825229033406026
292,28447,0.10531404938195293
292,28448,0.09055593197294971
292,28501,0.09608981622488508
292,28502,0.026498199529095396
292,28503,0.05453295369146314
292,28504,0.035792606869567416
292,28505,0.04091097797629078
292,28506,0.03230013404455352
292,28507,0.051542605083195275
292,28508,0.044780687079999174
292,28509,0.06846587808601573
292,28510,0.10669655316542058
292,28511,0.36167311435766414
292,28512,0.03991132823958703
292,28513,0.0609581383205462
292,28514,0.048670978995803284
292,28515,0.04420635397018918
292,28516,0.06048990224804317
292,28517,0.028332192891850107
292,28518,0.03808948535688282
292,28519,0.02202826470653432
292,28520,0.037042944976706065
292,28521,0.020289347034306227
292,28522,0.05947449925169404
292,28523,0.042844183659157355
292,28524,0.02841090698146447
292,28525,0.018819178248316287
292,28526,0.06268323173846996
292,28527,0.033417355104874105
292,28528,0.020309880729466805
292,28529,0.03550575427862689
292,28530,0.5766783148645529
292,28531,0.05025048978531228
292,28532,0.06447762443309768
292,28533,0.03772657184554117
292,28534,0.09479215583109764
292,28535,0.10463052692657626
292,28536,0.04871682205830894
292,28537,0.03703040847595655
292,28538,0.030571817338871234
292,28539,0.03744814462995107
292,28540,0.03375232205504213
292,28541,0.38557308444096894
292,28542,0.17950279837039257
292,28543,0.12774052281785234
292,28544,0.06147750675144267
292,28545,0.03236312745714296
292,28546,0.05625275988823746
292,28547,0.024480987910319375
292,28548,0.029046841516672903
292,28601,0.03215644932670644
292,28602,0.08542920053732386
292,28603,0.021396264322684
292,28604,0.049442108968586654
292,28605,0.03991071399211418
292,28606,0.08057578228402747
292,28607,0.01870158464548185
292,28608,0.029176391552263634
292,28609,0.04092012188277089
292,28610,0.5802763454828052
292,28611,0.022714194117737587
292,28612,0.04533095567225905
292,28613,0.045671395183603226
292,28614,0.06353842932112726
292,28615,0.03566784297935667
292,28616,0.0512905264810066
292,28617,0.06255451008795497
292,28618,0.03972527032152047
292,28619,0.024419448945289763
292,28620,0.014315539891346651
292,28621,0.042598125135446384
292,28622,0.023446045011194364
292,28623,0.0202773829685037
292,28624,0.017865375559442263
292,28625,0.0869306468224431
292,28626,0.024021259663714448
292,28627,0.09851203763028805
292,28628,0.47406820309245734
292,28629,0.09601350535453312
292,28630,0.08942760034905017
292,28631,0.018859452525492898
292,28632,0.07607624944410275
292,28633,0.026234948384823112
292,28634,0.03847289832443044
292,28635,0.19292500118456551
292,28636,0.44223801134696483
292,28637,0.04081904220234688
292,28638,0.08874695867375411
292,28639,0.0402139202579831
292,28640,0.08697758195197565
292,28641,0.17848254850669173
292,28642,0.24033529669550435
292,28643,0.14850482050550842
292,28644,0.11547950270839907
292,28645,0.022226292401259184
292,28646,0.09523828300272527
292,28647,0.016373998801673697
292,28648,0.08444864481897812
292,28701,0.01456118329602689
292,28702,0.07608840262874986
292,28703,0.009631965522882122
292,28704,0.04724753804766949
292,28705,0.020972829090811943
292,28706,0.022693332503625284
292,28707,0.5390927869659339
292,28708,0.030234798027905085
292,28709,0.014149805300533664
292,28710,0.03806470238098256
292,28711,0.011257459264118929
292,28712,0.05428162055031567
292,28713,0.04280631012166957
292,28714,0.0697836149188325
292,28715,0.037800290787759906
292,28716,0.06361906205564634
292,28717,0.04810235662603543
292,28718,0.03634671892521749
292,28719,0.029396421004386844
292,28720,0.061467085504587037
292,28721,0.21462578744941385
292,28722,0.023734393590033282
292,28723,0.022748443769018828
292,28724,0.07688102107498357
292,28725,0.05017932178886018
292,28726,0.03515860313923633
292,28727,0.028727881963472923
292,28728,0.059334256718355724
292,28729,0.027778705171448006
292,28730,0.06830835136561876
292,28731,0.04192301189111836
292,28732,0.031107043881756617
292,28733,0.04774468965496795
292,28734,0.037410532678867764
292,28735,0.06954495209108288
292,28736,0.7218726751065115
292,28737,0.0762393779917982
292,28738,0.07517761583000414
292,28739,0.06353593250975154
292,28740,0.046796207541540076
292,28741,0.06883358711266943
292,28742,0.1465418322890772
292,28743,0.05941455568902559
292,28744,0.05074823420627124
292,28745,0.05792660964832563
292,28746,0.05116390192076982
292,28747,0.046680831519560255
292,28748,0.08984278876772858
292,28801,0.06370042707517508
292,28802,0.054550546949170796
292,28803,0.04307572076365893
292,28804,0.04031234644660439
292,28805,0.031441869943617945
292,28806,0.3491550870783548
292,28807,0.025090701278275035
292,28808,0.023543577567203627
292,28809,0.02559592809026647
292,28810,0.05002046297118518
292,28811,0.02580481626465893
292,28812,0.07560965228441863
292,28813,0.042333731467568664
292,28814,0.04405648733618149
292,28815,0.23944979141338074
292,28816,0.26194685891302394
292,28817,0.1120179502504217
292,28818,0.03393375335811715
292,28819,0.02983668975248245
292,28820,0.06682302882413803
292,28821,0.04234847737128537
292,28822,0.05443840808987222
292,28823,0.0520333953494117
292,28824,0.32750818531936143
292,28825,0.12929546332919636
292,28826,0.06895951924246443
292,28827,0.02718986607086551
292,28828,0.02843232149270236
292,28829,0.049658958269207944
292,28830,0.057887628036750544
292,28831,0.02521694040365573
292,28832,0.10870462071527928
292,28833,0.08099770844061517
292,28834,0.05148454099329568
292,28835,0.7108904073375578
292,28836,0.7445744604732938
292,28837,1.3291359349998462
292,28838,0.7151845110422409
292,28839,0.4759137271305255
292,28840,0.12604093254774257
292,28841,0.08501303972118113
292,28842,0.11022143644415382
292,28843,0.1259969650126959
292,28844,0.14999306583632768
292,28845,0.02377892423842378
292,28846,0.049600672519054825
292,28847,0.08320956498129052
292,28848,0.0414853389696621
292,28901,0.030849609161825206
292,28902,0.04341015306581733
292,28903,0.1093323285637395
292,28904,0.018043614130437438
292,28905,0.09021850588091754
292,28906,0.007809660887113013
292,28907,0.07837009064853166
292,28908,0.052119948006055405
292,28909,0.587252419769621
292,28910,0.027173170287448853
292,28911,0.06451876715202222
292,28912,0.02841632044124883
292,28913,0.043065296090697536
292,28914,0.030005967005715506
292,28915,0.06031728200470132
292,28916,0.05383448413181728
292,28917,0.37235908922784133
292,28918,0.22836930693339405
292,28919,0.19499791008078818
292,28920,0.9905252064235932
292,28921,0.03648419414296159
292,28922,0.05922554210718266
292,28923,0.025622534030915627
292,28924,0.02226495771482242
292,28925,0.03929181985166591
292,28926,0.05794810590366455
292,28927,0.18424813035173418
292,28928,0.0520557043459651
292,28929,0.0
292,28930,0.025613022714617514
292,28931,0.07576523112084083
292,28932,0.01008922791418702
292,28933,0.07661299470092978
292,28934,0.0359068516345417
292,28935,0.04426970806870729
292,28936,0.016325514349738827
292,28937,0.03122934063842744
292,28938,0.0503256006459836
292,28939,0.4635619605749668
292,28940,0.05027934048903458
292,28941,0.012122168239773254
292,28942,0.07644228431459475
292,28943,1.7948260045292286
292,28944,1.0279210304311877
292,28945,0.5738332185926869
292,28946,0.018583518288448897
292,28947,0.07028880835619312
292,28948,0.0796607476540976
292,29001,0.03667879078870422
292,29002,0.06135790612617227
292,29003,0.03485640547217562
292,29004,0.027422142545471567
292,29005,0.01922083991369546
292,29006,0.016437755372949014
292,29007,0.037739355341803595
292,29008,0.02138232833147781
292,29009,0.03538261005075133
292,29010,0.052092402513590784
292,29011,0.12004063898031798
292,29012,0.0705644009703236
292,29013,0.030948006538919992
292,29014,0.03610883413159909
292,29015,0.03108318941293297
292,29016,0.028210225905569288
292,29017,0.015205992692547373
292,29018,0.0604519886548067
292,29019,0.2158620131114813
292,29020,0.3074939008622385
292,29021,0.04486579802011512
292,29022,0.05906689116064478
292,29023,0.21269417655997722
292,29024,0.07134731835681575
292,29025,0.2559488201782102
292,29026,0.18184816324061187
292,29027,0.0530971042577656
292,29028,0.12698351159405782
292,29029,0.5212056926898192
292,29030,0.09620876773165182
292,29031,0.577312338004064
292,29032,0.07447787026033731
292,29033,0.015071994176321102
292,29034,0.0739582302128193
292,29035,0.06114105549515456
292,29036,0.024952628291371466
292,29037,0.057846130394816696
292,29038,0.4047478003864907
292,29039,0.10860764164068085
292,29040,0.31848098675905767
292,29041,0.12118133314991761
292,29042,0.059920926887281394
292,29043,0.038326651034164154
292,29044,0.017616238128869727
292,29045,0.02742562764400445
292,29046,0.05266735700491437
292,29047,0.01878924093944845
292,29048,0.03966406545809388
292,29101,0.044705327992420156
292,29102,0.028766780915783483
292,29103,0.4067033862099932
292,29104,0.06437207496730671
292,29105,0.05720627178489782
292,29106,0.016110970531249748
292,29107,0.04546563794805925
292,29108,0.009527830331852734
292,29109,0.0693858930122084
292,29110,0.023154786738616037
292,29111,0.05757272091811359
292,29112,0.025157628878400798
292,29113,0.06836618371228009
292,29114,0.009806289533586388
292,29115,0.04433200442758174
292,29116,0.006188512231613672
292,29117,0.07622789191500416
292,29118,0.00832870057534369
292,29119,0.03005826015522868
292,29120,0.43036003416022345
292,29121,0.058535028312740676
292,29122,0.023084269439609038
292,29123,0.06657464700110596
292,29124,0.05123439245357538
292,29125,0.08182000174478814
292,29126,0.031326089889229324
292,29127,0.015865201567347716
292,29128,0.04265998388122654
292,29129,0.054518629827603485
292,29130,0.04991814500888481
292,29131,0.03697117763805403
292,29132,0.03656592057964192
292,29133,0.03672336532033944
292,29134,1.1189065585750295
292,29135,0.023875402155618605
292,29136,0.03955051588373459
292,29137,0.03235927208882021
292,29138,0.015899682143625502
292,29139,0.03771051580258576
292,29140,0.03355475466331575
292,29141,0.029915024035997075
292,29142,0.012426584485912131
292,29143,0.05146531092180264
292,29144,0.06999190834102638
292,29145,0.15242856320460013
292,29146,0.09477640793492025
292,29147,0.4671221953871311
292,29148,0.048498164573926986
292,29201,0.029422553697437875
292,29202,0.01268232768599479
292,29203,0.04634395763014822
292,29204,0.014423547524906537
292,29205,0.06552805747450711
292,29206,0.020544817110147072
292,29207,0.04080967671721674
292,29208,0.008124243599588209
292,29209,0.07496106054883424
292,29210,0.012122980508210215
292,29211,0.0755093893419245
292,29212,0.5076164619442836
292,29213,0.0327520619990728
292,29214,0.8999955553230473
292,29215,0.43810021298775015
292,29216,0.02636322310148217
292,29217,0.06431315462069047
292,29218,0.011072649421591784
292,29219,0.02281058972647561
292,29220,0.023976379584307497
292,29221,0.03500613780305646
292,29222,0.011068663141971911
292,29223,0.049512946854105525
292,29224,0.029780041535411236
292,29225,0.06818498602644495
292,29226,0.02274436636877765
292,29227,0.04178564103856692
292,29228,0.029056689957949234
292,29229,0.047653276858516884
292,29230,0.012909294135955244
292,29231,0.07307175097233097
292,29232,0.34939522248913474
292,29233,0.04306727243191454
292,29234,0.02629593571733629
292,29235,0.10440172916854686
292,29236,0.749272701944329
292,29237,0.5137799953067184
292,29238,0.1343316320769546
292,29239,0.14004927857525723
292,29240,0.11945832887304454
292,29241,0.15377087068791515
292,29242,0.41166577759164424
292,29243,0.03358567114435698
292,29244,0.05323373563421473
292,29245,0.037407553201049444
292,29246,0.046206191607603996
292,29247,0.07262725931579694
292,29248,0.028376351363923108
292,29301,0.016238616910055098
292,29302,0.038742830860360934
292,29303,0.015243212852437812
292,29304,0.042742861109145915
292,29305,0.01443846360962716
292,29306,0.05248118661118318
292,29307,0.011480081979668443
292,29308,0.06431536471611383
292,29309,0.01917603294927908
292,29310,0.018569349224125977
292,29311,0.4060559299789534
292,29312,0.05861566879153807
292,29313,0.043643345427801086
292,29314,0.04798620836158145
292,29315,0.06643372324608898
292,29316,0.027674430362877495
292,29317,0.023054893553636404
292,29318,0.02031035109038645
292,29319,0.02645108444645067
292,29320,0.016994340944582863
292,29321,0.03634596635827712
292,29322,0.011388836709207784
292,29323,0.05156564868797911
292,29324,0.028301758247779397
292,29325,0.044186579943812816
292,29326,0.035678358008638354
292,29327,0.03669536789824218
292,29328,0.02019328740394061
292,29329,0.5429889302682384
292,29330,0.03497800744264982
292,29331,0.0229703618439516
292,29332,0.010042506021977182
292,29333,0.025583991523036673
292,29334,0.26217878118454513
292,29335,0.4448560544455308
292,29336,1.326902516646463
292,29337,0.08681903409822606
292,29338,0.06705778740330187
292,29339,0.02970503193030349
292,29340,0.06780991483544738
292,29341,0.11673469714209882
292,29342,0.09696741839092018
292,29343,0.08109006822417981
292,29344,0.18719204745965393
292,29345,0.060495428664478185
292,29346,0.0390022026341325
292,29347,0.010581278851859187
292,29348,0.05144431158714429
292,29401,0.029665567879670535
292,29402,0.04105229302009436
292,29403,0.12378578965678179
292,29404,0.33952759239212393
292,29405,0.015461932052600545
292,29406,0.04687548915077008
292,29407,0.02275765300905782
292,29408,0.034810192836395075
292,29409,0.013362499952182983
292,29410,0.057697644763535
292,29411,0.0260422552638472
292,29412,0.024639168503777596
292,29413,0.029941352336166994
292,29414,0.03338609149248178
292,29415,0.031113216588109484
292,29416,0.05023149416830787
292,29417,0.21681459302843278
292,29418,0.09019769742592806
292,29419,0.036632558026493955
292,29420,0.022756933935907348
292,29421,0.4514527941984634
292,29422,0.016906510015975856
292,29423,0.042036277268505194
292,29424,0.0463791806505421
292,29425,0.04277763923874434
292,29426,0.05813255994642802
292,29427,0.042399403592160406
292,29428,0.059136582455726026
292,29429,0.02206671349646427
292,29430,0.037754156487825936
292,29431,0.03255539708634273
292,29432,0.06594607305690094
292,29433,0.010616576601401051
292,29434,0.05429771880606982
292,29435,0.020199613918045367
292,29436,0.042740304808226506
292,29437,0.006175233523427759
292,29438,0.06102381588830807
292,29439,0.022262459857043636
292,29440,0.029598649929049325
292,29441,0.3000957830976809
292,29442,0.0344403948064323
292,29443,0.012343717616974559
292,29444,0.017789768379675663
292,29445,0.0214331668380159
292,29446,0.04102618287953833
292,29447,0.010473616938509723
292,29448,0.04186513927683261
292,29501,0.016752348830829832
292,29502,0.018260991533102015
292,29503,0.0058830088335561186
292,29504,0.05827232010577837
292,29505,0.009700951522802615
292,29506,0.06622326039939326
292,29507,0.01993706385501944
292,29508,0.06113928632020968
292,29509,0.010515503777199635
292,29510,0.022924329902431997
292,29511,0.37952045202225515
292,29512,0.0962466563070754
292,29513,0.05118753325941215
292,29514,0.007060445964116145
292,29515,0.07113003702547652
292,29516,0.019368942409167953
292,29517,0.05997127981945723
292,29518,0.032633655084933495
292,29519,0.025823844969107324
292,29520,0.01769367982044859
292,29521,0.02018765734342818
292,29522,0.016920948065699805
292,29523,0.06213871956230895
292,29524,0.02149448280327762
292,29525,0.018994093967753853
292,29526,0.019773006401610588
292,29527,0.0411204314257868
292,29528,0.020049166532756423
292,29529,0.04582029285839277
292,29530,0.025658321522346254
292,29531,0.4872118748374815
292,29532,0.0275924341308121
292,29533,0.03289814657574882
292,29534,0.036942838325457424
292,29535,0.022401412981318366
292,29536,0.01883545561802856
292,29537,0.02085003777399271
292,29538,0.02427755204258572
292,29539,0.0193710759046567
292,29540,0.039279163353964065
292,29541,0.01189157973017603
292,29542,0.051834924780665995
292,29543,0.015501587041714157
292,29544,0.03458345933567039
292,29545,0.03167805081390517
292,29546,0.023835124444020295
292,29547,0.04694500901678598
292,29548,0.053216958654081166
292,29601,0.24821631466262517
292,29602,0.02019632884833703
292,29603,0.06542872964237556
292,29604,0.016016430887336845
292,29605,0.05961203391448653
292,29606,0.014797952143712476
292,29607,0.06676298314980791
292,29608,0.018405423920401252
292,29609,0.03498556805089376
292,29610,0.010116711483449352
292,29611,0.06885073128047119
292,29612,0.021618327576583222
292,29613,0.07378528376382285
292,29614,0.006592970946907173
292,29615,0.029038417938215908
292,29616,0.014512889179029131
292,29617,0.040445446097417355
292,29618,0.020461554212390657
292,29619,0.40912638993732153
292,29620,0.019474965584771978
292,29621,0.05970571978563581
292,29622,0.010236477916202693
292,29623,0.06077722173234486
292,29624,0.011424912081716775
292,29625,0.015501154805827847
292,29626,0.03253834446879569
292,29627,0.034427329000838634
292,29628,0.03139951606519628
292,29629,0.015993061194162026
292,29630,0.03658879744403162
292,29631,0.038155763035665195
292,29632,0.01405211123627624
292,29633,0.01637949393748422
292,29634,0.0418136865077783
292,29635,0.025818917586644594
292,29636,0.031512189737281364
292,29637,0.030997712333113034
292,29638,0.1962578365951055
292,29639,0.04906122048888665
292,29640,0.016221599302884
292,29641,0.0650351184573354
292,29642,0.009733627636427516
292,29643,0.04010861646008499
292,29644,0.02524917601322876
292,29645,0.033589178023813636
292,29646,0.024452190775573198
292,29647,0.018068571378155564
292,29648,0.008982414096618452
292,29701,0.027506850154315775
292,29702,0.015354735087469535
292,29703,0.02676624669732428
292,29704,0.012483696486475624
292,29705,0.016404980848271827
292,29706,0.00982557699488985
292,29707,0.0390133290744822
292,29708,0.040507239122055304
292,29709,0.4305730081254521
292,29710,0.021690728239761727
292,29711,0.01358628392764301
292,29712,0.013462180440851977
292,29713,0.040877537702689794
292,29714,0.03823282191252268
292,29715,0.041197163151026166
292,29716,0.03241795822276482
292,29717,0.02338046181971647
292,29718,0.01873391923084205
292,29719,0.03351218617378088
292,29720,0.024782411409950755
292,29721,0.019429048344211847
292,29722,0.02989171653578799
292,29723,0.04106300104419385
292,29724,0.04788022348984735
292,29725,0.018625182864237234
292,29726,0.19971212124833626
292,29727,0.022562603287759487
292,29728,0.035919290916829404
292,29729,0.023756899808403224
292,29730,0.033747617828066415
292,29731,0.034238709252515445
292,29732,0.012199305295354583
292,29733,0.022676254156307866
292,29734,0.018575385605362715
292,29735,0.019703458039638116
292,29736,0.030086569635977715
292,29737,0.028693219004391077
292,29738,0.030816782920845952
292,29739,0.017004466427137762
292,29740,0.04399030999534201
292,29741,0.03207946684746284
292,29742,0.042982982122339586
292,29743,0.475053301252823
292,29744,0.034751474379051225
292,29745,0.05447453407772249
292,29746,0.024542825045951882
292,29747,0.018213248445618183
292,29748,0.032766985572944086
292,29801,0.052988654996080894
292,29802,0.012165773050715197
292,29803,0.01600530850218622
292,29804,0.00634143000071075
292,29805,0.04612730439658422
292,29806,0.019536650128564752
292,29807,0.021113372440552974
292,29808,0.0033895765630476784
292,29809,0.02659246668475295
292,29810,0.01237299281093857
292,29811,0.03752447746561704
292,29812,0.01655660998404529
292,29813,0.5221367588454728
292,29814,0.04631621414913681
292,29815,0.05340118183791862
292,29816,0.06195025163550408
292,29817,0.02357069449129522
292,29818,0.036545679875142255
292,29819,0.007591572933031308
292,29820,0.023823009040961473
292,29821,0.005460897065829992
292,29822,0.027385909869360205
292,29823,0.019139964917611944
292,29824,0.03615216837257406
292,29825,0.013075803492422688
292,29826,0.043474861824449956
292,29827,0.021120299807431176
292,29828,0.06548473317791366
292,29829,0.005174927937251283
292,29830,0.15707097370235307
292,29831,0.005041916061472498
292,29832,0.05701616080448495
292,29833,0.008963652306751892
292,29834,0.017604710423073235
292,29835,0.01592264128498418
292,29836,0.054073998372898044
292,29837,0.021987538525910653
292,29838,0.055267658428472866
292,29839,0.005136906288512562
292,29840,0.06023117427386645
292,29841,0.007609884341306825
292,29842,0.03850035391960382
292,29843,0.02009825617820212
292,29844,0.03155286502968824
292,29845,0.024944903113428295
292,29846,0.060049426159902004
292,29847,0.02451952257458222
292,29848,0.3286329895831727
292,29901,0.042503203656901745
292,29902,0.03021112757251063
292,29903,0.02561870852839188
292,29904,0.04095523388154478
292,29905,0.06640076704942138
292,29906,0.03664086447335684
292,29907,0.03477170803957129
292,29908,0.013399007173466431
292,29909,0.016650155524120986
292,29910,0.02271290354571413
292,29911,0.04820757928200557
292,29912,0.03029316103307061
292,29913,0.021878685189120648
292,29914,0.011327903626804593
292,29915,0.024109812424319983
292,29916,0.0323984706348122
292,29917,0.36040294579566384
292,29918,0.021595787893632444
292,29919,0.01717734258820358
292,29920,0.03774023706207576
292,29921,0.010079452687398517
292,29922,0.03499545569979645
292,29923,0.06269146389876615
292,29924,0.04524520648131391
292,29925,0.0612423337292006
292,29926,0.033314018242172845
292,29927,0.02481332128476126
292,29928,0.044314791029360985
292,29929,0.03101462360529353
292,29930,0.02422084069239292
292,29931,0.019119369653824495
292,29932,0.0993225617805909
292,29933,0.11891590325008888
292,29934,0.3336121552544509
292,29935,0.43502922312492226
292,29936,0.5489618173227994
292,29937,1.0488526388937107
292,29938,0.7998673870296484
292,29939,0.4920905814625388
292,29940,0.2814855992263056
292,29941,0.48687830010894945
292,29942,0.24351604714874542
292,29943,0.04835993315915767
292,29944,0.41628893977041376
292,29945,0.016908229988039893
292,29946,0.07335933801717708
292,29947,0.022282864599241496
292,29948,0.031723910190733916
292,30001,0.02134903737759744
292,30002,0.05409476925869081
292,30003,0.045389767763434674
292,30004,0.03831704107583115
292,30005,0.047125319278732966
292,30006,0.025220039713588344
292,30007,0.05123760444117913
292,30008,0.015331145832741746
292,30009,0.06860761493771943
292,30010,0.02730642604277784
292,30011,0.03425456590246796
292,30012,0.007732159192114676
292,30013,0.05181221928930587
292,30014,0.02425030379246479
292,30015,0.25515094976812863
292,30016,0.028459128118267403
292,30017,0.04100669530808542
292,30018,0.026306795325790295
292,30019,0.024643778442236777
292,30020,0.04102228647699892
292,30021,0.008589908604489768
292,30022,0.08411091833624536
292,30023,0.02629170029369094
292,30024,0.05647772512773079
292,30025,0.019657083352404313
292,30026,0.0642102135211039
292,30027,0.015379939603627253
292,30028,0.020700139640221257
292,30029,0.00773358186197231
292,30030,0.020698158098686345
292,30031,0.01597339765177671
292,30032,0.07999557044975167
292,30033,0.01427485511849433
292,30034,0.36047967016594973
292,30035,0.018491985958423406
292,30036,0.16443221734525923
292,30037,0.17479538228577435
292,30038,0.20724864452429825
292,30039,0.1351800766664998
292,30040,1.185888420009064
292,30041,0.27544777453568553
292,30042,0.04569220695697479
292,30043,0.072002682569631
292,30044,0.08540616775732703
292,30045,0.04303027573636339
292,30046,0.05423390093202972
292,30047,0.04984954036282185
292,30048,0.33789039607292665
292,30101,0.055395916833741884
292,30102,0.10386565879429543
292,30103,0.05987210281026039
292,30104,0.01935151796379477
292,30105,0.03117344903028055
292,30106,0.010112427654240405
292,30107,0.03362465028815552
292,30108,0.02399963299925017
292,30109,0.07708712966494806
292,30110,0.02379593166702357
292,30111,0.02051237734204305
292,30112,0.006803778978979273
292,30113,0.02688854296408219
292,30114,0.019498039741422262
292,30115,0.09311460874361954
292,30116,0.030041334168806867
292,30117,0.16945426428070007
292,30118,0.1762727572093084
292,30119,0.06035735670164109
292,30120,0.02150324620896464
292,30121,0.026426324104474257
292,30122,0.03087703841745462
292,30123,0.06665570067579045
292,30124,0.025883526870783165
292,30125,0.05935398054151345
292,30126,0.014860829555847643
292,30127,0.0657642417232341
292,30128,0.007607590274984048
292,30129,0.028531837803167395
292,30130,0.010885334403055448
292,30131,0.05727304871897184
292,30132,0.010930968795106119
292,30133,0.05548307342657048
292,30134,0.05988737861463829
292,30135,0.15324324708449422
292,30136,0.08046098114362574
292,30137,0.2200594182959338
292,30138,0.33202431631786744
292,30139,0.04096722807280575
292,30140,0.11273465304465656
292,30141,0.6150695770156113
292,30142,0.2401943530486069
292,30143,0.10113245977614461
292,30144,0.05279279650764365
292,30145,0.054593960068805285
292,30146,0.010113626513522836
292,30147,0.05107660913761408
292,30148,0.03219059363510857
292,30201,0.023449964670739384
292,30202,0.03190045158117583
292,30203,0.062101938446546975
292,30204,0.035197443876103546
292,30205,0.030054696751717
292,30206,0.015224039152002088
292,30207,0.035748421044158485
292,30208,0.02787344929297463
292,30209,0.014016090670643931
292,30210,0.049654753547358856
292,30211,0.05405584022349105
292,30212,0.3097035656584068
292,30213,0.037061283127593936
292,30214,0.030937234551124643
292,30215,0.03271401661518366
292,30216,0.030695482603313354
292,30217,0.02502122191079379
292,30218,0.05829381152574817
292,30219,0.023142999389410238
292,30220,0.04085012251653689
292,30221,0.047954751489727075
292,30222,0.02719368293704873
292,30223,0.058583560481230444
292,30224,0.0382998796423793
292,30225,0.05346221243360396
292,30226,0.016022606214846653
292,30227,0.014084441165941118
292,30228,0.052004448843210566
292,30229,0.041359165141992206
292,30230,0.01128076550593402
292,30231,0.028566045985258366
292,30232,0.1286856092789538
292,30233,0.052699112824197675
292,30234,0.04611477078343516
292,30235,0.2524860619754373
292,30236,0.06835873564028569
292,30237,0.8143847818209488
292,30238,1.1134490635007113
292,30239,0.11000534942646871
292,30240,0.8964413518743602
292,30241,0.21498020109713817
292,30242,0.1153719840546611
292,30243,0.1252448641204129
292,30244,0.04370800503486221
292,30245,0.0576033711699648
292,30246,0.033437848213228094
292,30247,0.03643800999185614
292,30248,0.05789338525387841
292,30301,0.039491883716151116
292,30302,0.034844788878667245
292,30303,0.029435831784855794
292,30304,0.038545881148271365
292,30305,0.04785450138101148
292,30306,0.045425229689778614
292,30307,0.04154025779915201
292,30308,0.04383237248568742
292,30309,0.06159884235496508
292,30310,0.021397895093503413
292,30311,0.2622739245994782
292,30312,0.3231867243784104
292,30313,0.04135863493991161
292,30314,0.0205720250540994
292,30315,0.04074667869371387
292,30316,0.20414733573204139
292,30317,0.1931673116217175
292,30318,0.11921896060726729
292,30319,0.2552164273289288
292,30320,0.26840233666951696
292,30321,0.014837986865613158
292,30322,0.09715304410686265
292,30323,0.027976217261198543
292,30324,0.08289114392465653
292,30325,0.11147285888974567
292,30326,0.014224021392084833
292,30327,0.051706703371481935
292,30328,0.021141335655114866
292,30329,0.01069129527372347
292,30330,0.5826889813528701
292,30331,0.01673595646456564
292,30332,0.06783024775551848
292,30333,0.026988379554344962
292,30334,0.057939634357671285
292,30335,0.1795843214492992
292,30336,0.8345108873700902
292,30337,0.3569640556934702
292,30338,0.06637829976657378
292,30339,0.03530419434608063
292,30340,0.07442540605680227
292,30341,0.13421329938829368
292,30342,0.2320123805209375
292,30343,0.01916248090436099
292,30344,0.04479463780175048
292,30345,0.05563335241482653
292,30346,0.034282480064511435
292,30347,0.06268347038101885
292,30348,0.03052811525923068
292,30401,0.046789308947122854
292,30402,0.026820559502567357
292,30403,0.054408543189160004
292,30404,0.03336385987418004
292,30405,0.04093080725048724
292,30406,0.03846772380494102
292,30407,0.04605415794939929
292,30408,0.016728323632884592
292,30409,0.021194963754090898
292,30410,0.07312379261202735
292,30411,0.024091691696027262
292,30412,0.07281130238576886
292,30413,0.021118333635166516
292,30414,0.4487079276689684
292,30415,0.2760945440760073
292,30416,0.10146350255817904
292,30417,0.07652732872456927
292,30418,0.010480634026120785
292,30419,0.07723856813911348
292,30420,0.04053637049949851
292,30421,0.06938316073921656
292,30422,0.05793703254866625
292,30423,0.04741785528900794
292,30424,0.04690111811978242
292,30425,0.14067119501797423
292,30426,0.03918459706187719
292,30427,0.017538835165486193
292,30428,0.03060923078395239
292,30429,0.02625273388700257
292,30430,0.067815988336243
292,30431,0.01967326012030368
292,30432,0.04813746909519682
292,30433,0.039641805992575524
292,30434,0.014362246476148553
292,30435,0.022941751351542278
292,30436,0.030463755686902915
292,30437,0.05972297240911353
292,30438,0.12417757286766017
292,30439,0.6542658943183787
292,30440,0.10267938472077903
292,30441,0.16193751746207882
292,30442,0.08760681758711313
292,30443,0.08862311854121795
292,30444,0.14863726104414277
292,30445,0.033765062967685056
292,30446,0.045315557440741144
292,30447,0.04449978150237567
292,30448,0.0602558674314772
292,30501,0.029176517254148868
292,30502,0.022861860791165322
292,30503,0.02162963799015708
292,30504,0.048474125891504426
292,30505,0.03342000565968557
292,30506,0.07587048313840529
292,30507,0.05460955071330923
292,30508,0.019894383698354324
292,30509,0.28645961248385343
292,30510,0.010730198553203205
292,30511,0.0694603569236621
292,30512,0.010693179413911054
292,30513,0.04945023409219041
292,30514,0.025552846698053168
292,30515,0.040142376209603724
292,30516,0.011988378317953912
292,30517,0.08334706287616851
292,30518,0.016031704572539204
292,30519,0.06682210686071739
292,30520,0.03231685485097076
292,30521,0.054723044347601356
292,30522,0.02284258070925019
292,30523,0.04943571670846526
292,30524,0.06904784757741796
292,30525,0.05000446167245765
292,30526,0.06982539036306487
292,30527,0.023399759345345023
292,30528,0.21208503427620498
292,30529,0.04911706262587775
292,30530,0.04083428302112736
292,30531,0.07444753891281788
292,30532,0.0212481418393154
292,30533,0.07640715043778964
292,30534,0.007618260404632029
292,30535,0.0837110588463164
292,30536,0.017125834052654068
292,30537,0.06488562843801327
292,30538,0.017155379228550996
292,30539,0.053236063445579004
292,30540,0.128397391792906
292,30541,0.4284896278425917
292,30542,1.1204710063426075
292,30543,0.18141380085641118
292,30544,0.11818121170059921
292,30545,0.010756911103792064
292,30546,0.07184327902993382
292,30547,0.024508900220320023
292,30548,0.06866077482495886
292,30601,0.028178346032214533
292,30602,0.08591412312319234
292,30603,0.028476621379323094
292,30604,0.06488726141042102
292,30605,0.03077603360554881
292,30606,0.03801230984316684
292,30607,0.026968904316437312
292,30608,0.0434505849885486
292,30609,0.06357557372708715
292,30610,0.17014857975324385
292,30611,0.08136565589359178
292,30612,0.023226834619750763
292,30613,0.06049387303372456
292,30614,0.03173033119771797
292,30615,0.02760602564626665
292,30616,0.027687245171577866
292,30617,0.025119016568936312
292,30618,0.03462991529025289
292,30619,0.010538220355553369
292,30620,0.015568978695987322
292,30621,0.017412782748203428
292,30622,0.03035481493868159
292,30623,0.019535571034019518
292,30624,0.04618146869455559
292,30625,0.041349299550140585
292,30626,0.01559566215851353
292,30627,0.5410163867470091
292,30628,0.04375758622560115
292,30629,0.020468437793012325
292,30630,0.056538028277940314
292,30631,0.013151241185310754
292,30632,0.07629992991136064
292,30633,0.012370113576687257
292,30634,0.05749598318088783
292,30635,0.1176939943631424
292,30636,0.5741501258928362
292,30637,2.1488482832285474
292,30638,0.6121966223540957
292,30639,0.6837557409298336
292,30640,0.347340617348171
292,30641,0.1448650234012183
292,30642,0.08433092709751887
292,30643,0.18282387785315463
292,30644,0.036617197381427956
292,30645,0.010045570699301712
292,30646,0.07817902655634099
292,30647,0.0227036438384783
292,30648,0.02968407611079893
292,30701,0.026123238767721074
292,30702,0.057553066280931243
292,30703,0.013958084276125859
292,30704,0.03964026364170222
292,30705,0.02083863356142418
292,30706,0.2431178444804817
292,30707,0.015028216361080595
292,30708,0.028887649161484653
292,30709,0.036460745387903844
292,30710,0.01893380328724879
292,30711,0.06985636770308666
292,30712,0.022581259589696544
292,30713,0.05985035673570036
292,30714,0.023425453275773795
292,30715,0.059782289813780566
292,30716,0.015885151708798444
292,30717,0.025119891239693538
292,30718,0.02974435467528604
292,30719,0.029380718701643983
292,30720,0.03305119224756401
292,30721,0.041495392839730895
292,30722,0.5869869877452633
292,30723,0.01565720725041172
292,30724,0.029452206201876094
292,30725,0.022933445188668952
292,30726,0.04980812113664059
292,30727,0.029865530586461006
292,30728,0.025250181626519534
292,30729,0.08262200583352197
292,30730,0.026054313634826003
292,30731,0.06507742540764366
292,30732,0.02777457771186131
292,30733,0.036211184130164234
292,30734,0.22212525891391374
292,30735,0.4232406108492134
292,30736,0.04711369556287606
292,30737,0.04071807371527376
292,30738,0.02960098685436025
292,30739,0.07298759844525217
292,30740,0.018155525718257525
292,30741,0.04369584515335217
292,30742,0.09801074046922913
292,30743,0.07733621318393309
292,30744,0.047753991570201944
292,30745,0.03359123711069737
292,30746,0.025903530105370914
292,30747,0.061450413116941924
292,30748,0.023478582835242543
292,30801,0.0630055764671807
292,30802,0.4417399742166028
292,30803,0.02633187992732689
292,30804,0.036868326736106856
292,30805,0.01755040086757695
292,30806,0.03677213599502411
292,30807,0.016192446497838395
292,30808,0.05090406550449764
292,30809,0.013668178290515594
292,30810,0.022659926165245863
292,30811,0.011443942027639929
292,30812,0.02761731678344537
292,30813,0.05655772460575394
292,30814,0.08804291332281824
292,30815,0.028199285937124376
292,30816,0.06024852818299251
292,30817,0.03179034292430371
292,30818,0.03234757494639548
292,30819,0.053904313244415906
292,30820,0.4239542661804441
292,30821,0.03993010685332833
292,30822,0.013834075088854998
292,30823,0.028181100123180074
292,30824,0.024927748423500286
292,30825,0.06589986279395516
292,30826,0.007933479106334398
292,30827,0.03864103620507498
292,30828,0.009868778149553302
292,30829,0.03872142891547156
292,30830,0.025711454983815368
292,30831,0.07026578070266024
292,30832,0.014795576519952693
292,30833,0.061547996456705965
292,30834,0.02987209549398845
292,30835,0.3334754677692147
292,30836,0.023151441548374292
292,30837,0.04809227723565268
292,30838,0.05651299131255533
292,30839,0.25370307620780413
292,30840,0.24591007519797153
292,30841,0.056619464037780586
292,30842,0.06788001271513239
292,30843,0.3396571992372645
292,30844,0.0975586950854199
292,30845,0.01689561346181007
292,30846,0.08063016521130696
292,30847,0.060331614462965595
292,30848,0.08845592552181594
292,30901,0.05062599870867275
292,30902,0.023627865200260383
292,30903,0.06430608205690173
292,30904,0.023281078291760373
292,30905,0.06456391274814405
292,30906,0.029680593105351184
292,30907,0.03078110220316737
292,30908,0.04891283727047504
292,30909,0.05850393411606893
292,30910,0.034816327085976866
292,30911,0.017836894230872615
292,30912,0.06598898620217408
292,30913,0.2114934036540459
292,30914,0.05232670183598534
292,30915,0.043885182337122505
292,30916,0.03288883165053725
292,30917,0.015579994005598037
292,30918,0.04696318413290026
292,30919,0.01723458964973795
292,30920,0.029407453177309504
292,30921,0.01700545643060419
292,30922,0.047234756705837135
292,30923,0.013666117699125442
292,30924,0.044127562792299665
292,30925,0.021125569354862095
292,30926,0.03174356152508552
292,30927,0.01031502559958557
292,30928,0.04827104984968569
292,30929,0.014239798161029266
292,30930,0.20991735596338915
292,30931,0.023659435703534095
292,30932,0.0305857213120222
292,30933,0.019715753189269613
292,30934,0.055858077187236385
292,30935,0.02857563459485839
292,30936,0.08910361146887508
292,30937,0.03127272791799107
292,30938,0.05511225592379731
292,30939,0.04892059331374264
292,30940,0.03209270243010773
292,30941,0.05256153105353805
292,30942,0.02765542929717568
292,30943,0.044648295151772446
292,30944,0.02676389280747363
292,30945,0.06799252915166012
292,30946,0.01020707774002441
292,30947,0.4226660618086061
292,30948,0.022535688007149154
292,31001,0.0356689386688082
292,31002,0.008353568591189684
292,31003,0.02115770874813922
292,31004,0.018461249140119932
292,31005,0.12304936733069462
292,31006,0.01433498515310317
292,31007,0.7460665158396209
292,31008,0.0096889237980658
292,31009,0.06313014839697678
292,31010,0.014411100946671687
292,31011,0.03649038081897348
292,31012,0.027065260182666504
292,31013,0.02279609952831347
292,31014,0.02863545074926958
292,31015,0.047506534982210344
292,31016,0.008692404931684558
292,31017,0.2334893330639451
292,31018,0.09341313936772981
292,31019,0.28709318353537294
292,31020,0.7024041411839168
292,31021,0.07226675664807368
292,31022,0.03738572180781151
292,31023,0.07310889146156546
292,31024,0.018728925051450584
292,31025,0.06382745552029234
292,31026,0.17041026552768274
292,31027,0.040047973282195726
292,31028,0.19404745995592
292,31029,0.1403592141512596
292,31030,0.08894109067818359
292,31031,0.0789696850823311
292,31032,0.1084248440180309
292,31033,0.11668767190160693
292,31034,0.10903953025435804
292,31035,1.0898213471190943
292,31036,1.7792010792600703
292,31037,0.18680088759501665
292,31038,0.20505335536915192
292,31039,0.34870861391407737
292,31040,0.1833888228923176
292,31041,0.1258657565544138
292,31042,0.08137006662944662
292,31043,0.12136244517034205
292,31044,0.055790089831633756
292,31045,0.011069677666313185
292,31046,0.06220310566905797
292,31047,0.0285604420274219
292,31048,0.05953269602419722
292,31101,0.03333847083479296
292,31102,0.03847600403082149
292,31103,0.06985868731123761
292,31104,0.055164827458323906
292,31105,0.03596653735977734
292,31106,0.06736128972798092
292,31107,0.01561383834780614
292,31108,0.07102338751115736
292,31109,0.5423436289555318
292,31110,0.06824628349035987
292,31111,0.02718654030531926
292,31112,0.051942206836984355
292,31113,0.032961004349996444
292,31114,0.05173495119439621
292,31115,0.03318453473680697
292,31116,0.06671590026967347
292,31117,0.6288719165217868
292,31118,0.08551272003645444
292,31119,0.40027977067269477
292,31120,0.07118887000143333
292,31121,0.03368820525005437
292,31122,0.02740660646240574
292,31123,0.04359637933926671
292,31124,0.04749530846660861
292,31125,0.525707533283955
292,31126,0.42112003734087466
292,31127,0.1571604976551592
292,31128,0.3579103316568009
292,31129,0.11426219408141741
292,31130,0.028788120935753937
292,31131,0.15036150877528134
292,31132,0.07737756116652969
292,31133,0.40680888198081433
292,31134,0.24788683870614042
292,31135,0.04260998507468871
292,31136,0.0636984622957957
292,31137,0.07216962469927128
292,31138,0.04774275607105491
292,31139,0.04234889364907712
292,31140,0.030657905934408036
292,31141,0.06262760715469223
292,31142,0.04045147513064769
292,31143,0.14815024434832647
292,31144,0.10987469254925127
292,31145,0.09014167720783403
292,31146,0.03870826457449147
292,31147,0.02346915974243487
292,31148,0.04787880641889565
292,31201,0.04458371294426507
292,31202,0.054333320797444934
292,31203,0.04550949629225511
292,31204,0.048229002638359206
292,31205,0.16355105976709744
292,31206,0.04293404424642397
292,31207,0.03124536187360812
292,31208,0.05199362458173987
292,31209,0.03259680912394557
292,31210,0.04260687486517566
292,31211,0.024531850927637867
292,31212,0.036390300669088695
292,31213,0.028101490672491243
292,31214,0.03700424938643894
292,31215,0.05075008551828723
292,31216,0.020925966818944666
292,31217,0.02978308598464276
292,31218,0.05599440574026612
292,31219,0.03220261323434303
292,31220,0.046069440615864515
292,31221,0.07557383583501462
292,31222,0.029329403890870298
292,31223,0.49982156194087046
292,31224,0.026745256366665672
292,31225,0.08643073905229721
292,31226,0.02458215479262763
292,31227,0.09870811303381576
292,31228,0.010552303113598052
292,31229,0.025088407991310204
292,31230,0.023766481826369694
292,31231,0.08263475660117042
292,31232,0.03011505301145385
292,31233,0.05436163527619293
292,31234,0.016206371822907104
292,31235,0.07392862894297908
292,31236,0.03527080582126665
292,31237,0.041908265467309976
292,31238,0.01964138387502992
292,31239,0.0562172036686278
292,31240,0.047452132925391945
292,31241,0.13114094014792124
292,31242,0.920719677337584
292,31243,0.06069989733162538
292,31244,0.04346634348565747
292,31245,0.0650046033695863
292,31246,0.0413494976697018
292,31247,0.046137653624534265
292,31248,0.06486489100785237
292,31301,0.08290104980709423
292,31302,0.03214114988249073
292,31303,0.02698858558357548
292,31304,0.055972102897513254
292,31305,0.021764608507616422
292,31306,0.07336890605323156
292,31307,0.044565315382166626
292,31308,0.05606571767839203
292,31309,0.05970319518252016
292,31310,0.03680770966322011
292,31311,0.3251519631708839
292,31312,0.026672338287318714
292,31313,0.039398466888410824
292,31314,0.04380950121464503
292,31315,0.07259722447613352
292,31316,0.021151868618749407
292,31317,0.035857949604914695
292,31318,0.01216331767519106
292,31319,0.025941220880580845
292,31320,0.031234042425176287
292,31321,0.023166017549821068
292,31322,0.0328695327274961
292,31323,0.061622292255281944
292,31324,0.011704631088984598
292,31325,0.07658321209881376
292,31326,0.014930676459104899
292,31327,0.02240723697685783
292,31328,0.015743079158671246
292,31329,0.051570938160581045
292,31330,0.22583448214392185
292,31331,0.08629203173950126
292,31332,0.05172725597218605
292,31333,0.10810520131495319
292,31334,0.1183418497972691
292,31335,0.10181292838022481
292,31336,1.750631373019868
292,31337,0.926932211506812
292,31338,0.07779591488076486
292,31339,0.20321382371424604
292,31340,0.686748269507315
292,31341,0.6554300775559407
292,31342,0.27451781414601556
292,31343,0.07888655997764261
292,31344,0.7600473729701249
292,31345,0.13460198512239085
292,31346,0.046694216752430934
292,31347,0.10471145411331757
292,31348,0.043147739475229166
292,31401,0.030265293365054412
292,31402,0.03197500237494945
292,31403,0.10177482702731937
292,31404,0.07486817375989306
292,31405,0.03860124048422507
292,31406,0.051001581973942424
292,31407,0.10474381409499034
292,31408,0.04388541069416961
292,31409,0.07849985236092678
292,31410,0.05530783100938391
292,31411,0.07962234768017623
292,31412,0.0900558932831146
292,31413,0.08110810901264569
292,31414,0.061307738520555606
292,31415,0.30463473310926964
292,31416,0.051759624632398776
292,31417,0.04149802473883173
292,31418,0.025411218082341234
292,31419,0.025431419888035402
292,31420,0.02603967923761274
292,31421,0.06283658830181739
292,31422,0.029193062383855155
292,31423,0.06403496260651159
292,31424,0.07421797408823472
292,31425,0.2289995153862132
292,31426,0.33425016691727993
292,31427,0.012972073291866027
292,31428,0.09037892270150784
292,31429,0.023168828388407944
292,31430,0.027501865387756397
292,31431,0.05040293030766005
292,31432,0.06453035235366442
292,31433,0.051849176038258185
292,31434,0.018280212689684827
292,31435,0.053699701704319105
292,31436,0.03136612014704314
292,31437,0.03879336731201462
292,31438,0.0268458165424431
292,31439,0.04380867533677862
292,31440,0.13473044231621276
292,31441,0.8852352175633624
292,31442,0.18816639140372718
292,31443,0.053083191992903955
292,31444,0.03527600743953514
292,31445,0.03657268354302894
292,31446,0.06219509956332117
292,31447,0.03736514598318339
292,31448,0.06764735094673446
292,31501,0.09852169324634412
292,31502,0.037674396251987166
292,31503,0.020835130195888108
292,31504,0.08539813870129369
292,31505,0.04288955476663175
292,31506,0.07695050127599695
292,31507,0.013369352154875596
292,31508,0.0325228367661106
292,31509,0.018983428032282777
292,31510,0.044594793651112144
292,31511,0.27973652548330213
292,31512,0.07169747707478359
292,31513,0.017819813020976655
292,31514,0.08209222053076638
292,31515,0.03391275900399733
292,31516,0.03563755811275669
292,31517,0.04504711350920608
292,31518,0.020184088258564954
292,31519,0.047941015528732374
292,31520,0.04394531314860963
292,31521,0.0414400154592811
292,31522,0.021680265611585214
292,31523,0.07185657426524676
292,31524,0.014936097517012234
292,31525,0.08204479290700353
292,31526,0.02235715206661586
292,31527,0.035264426334952075
292,31528,0.012933756996798247
292,31529,0.04924846215332375
292,31530,0.01776618440558307
292,31531,0.40170869353408645
292,31532,0.06004048445759994
292,31533,0.060472023048216195
292,31534,0.09815309935501748
292,31535,0.04270084569648603
292,31536,0.02571961873363201
292,31537,0.07211090564873293
292,31538,0.025805833926566307
292,31539,0.022683182151555084
292,31540,0.030693156334133827
292,31541,0.062216409143121126
292,31542,0.7880859616318879
292,31543,0.08546793821170882
292,31544,0.06531235446899253
292,31545,0.15383467696491232
292,31546,0.05768192552251032
292,31547,0.016607366068326787
292,31548,0.09510988325239078
292,31601,0.03405507879449935
292,31602,0.08616088419928997
292,31603,0.018805798019938324
292,31604,0.043191163114372925
292,31605,0.05239594075407408
292,31606,0.046054237765682245
292,31607,0.05349200651945151
292,31608,0.02031129675197007
292,31609,0.028011720526245638
292,31610,0.06071980694647547
292,31611,0.042647385648560854
292,31612,0.015719951766029222
292,31613,0.3681112409497034
292,31614,0.07486543408882772
292,31615,0.078336014237438
292,31616,0.049254667273124074
292,31617,0.020261658893019147
292,31618,0.024203619541294557
292,31619,0.0365824341606061
292,31620,0.062478575578448374
292,31621,0.05175090818281432
292,31622,0.03336005557798252
292,31623,0.06637672345294823
292,31624,0.010049917174605042
292,31625,0.09175529864002266
292,31626,0.016503681406744256
292,31627,0.05498865007237935
292,31628,0.025741115090261273
292,31629,0.017539779134430413
292,31630,0.05120314648801533
292,31631,0.0627328465383807
292,31632,0.04151904841395298
292,31633,0.05075077265193815
292,31634,0.5899368439634333
292,31635,0.06040893847041529
292,31636,0.07246364077340331
292,31637,0.03029141746170002
292,31638,0.011497292903198201
292,31639,0.09865435340902018
292,31640,0.024537937133114564
292,31641,0.06034202432870065
292,31642,0.02014938720353059
292,31643,0.323519150636631
292,31644,0.4220093167403893
292,31645,0.0898720232962504
292,31646,0.11858793118600129
292,31647,0.031452625625196504
292,31648,0.06361345381540018
292,31701,0.0412052919336835
292,31702,0.050922259186970915
292,31703,0.052605819680000464
292,31704,0.0390690251084131
292,31705,0.02998732539242029
292,31706,0.0845241485823881
292,31707,0.010075050112630882
292,31708,0.09452667861512608
292,31709,0.03650269969283858
292,31710,0.05212719687411353
292,31711,0.06767129498734258
292,31712,0.44072986161648753
292,31713,0.035548016567268505
292,31714,0.0638502090814355
292,31715,0.24104995309510924
292,31716,0.07113020324705918
292,31717,0.06257668500033739
292,31718,0.10747189269886089
292,31719,0.08594568619160659
292,31720,0.10506074644139259
292,31721,0.491333036984325
292,31722,0.08729450503876462
292,31723,0.015747474680434536
292,31724,0.1511947491119076
292,31725,0.1072981608878901
292,31726,0.26075285361817013
292,31727,0.14163069574268347
292,31728,0.13421298263608333
292,31729,0.11200622502532603
292,31730,0.1258044056664164
292,31731,0.09166163474900013
292,31732,0.09021610825907636
292,31733,0.3470416603891663
292,31734,0.8995943187620541
292,31735,0.44187985302600125
292,31736,0.02470766757038585
292,31737,0.6439133510876179
292,31738,1.3271746991505966
292,31739,0.06899128384128743
292,31740,0.8355954943851013
292,31741,0.10807850416515274
292,31742,0.1101407509723372
292,31743,0.08296418926450702
292,31744,0.08778344096276347
292,31745,0.051612692030708146
292,31746,0.04054064861173989
292,31747,0.03107869644505228
292,31748,0.061538465113344785
292,31801,0.028472341003534265
292,31802,0.04248291260032334
292,31803,0.04104442521052616
292,31804,0.02490468867553374
292,31805,0.04203113568248416
292,31806,0.03184968878432091
292,31807,0.07185212219002116
292,31808,0.027069656486371094
292,31809,0.07588417893429247
292,31810,0.015624509743223885
292,31811,0.05367279062053274
292,31812,0.03889433868769195
292,31813,0.30954795151106335
292,31814,0.03809971254050755
292,31815,0.06948881946902039
292,31816,0.13912311794321258
292,31817,0.35031615272764643
292,31818,0.11871937367798623
292,31819,0.0952485770972719
292,31820,0.0457157188549107
292,31821,0.30969003295844477
292,31822,0.03341004922539641
292,31823,0.03138444827134152
292,31824,0.07027230736731405
292,31825,0.08467554029806755
292,31826,0.03864601624924122
292,31827,0.10815068514582726
292,31828,0.085485767130259
292,31829,0.04777483184506779
292,31830,0.17346070716176024
292,31831,0.3669238395933116
292,31832,0.10864422884642937
292,31833,0.04190394751089267
292,31834,0.05754802731239993
292,31835,0.04275050484879767
292,31836,0.06420508856819122
292,31837,0.1171416837942417
292,31838,0.08918074097726517
292,31839,0.12926653094486887
292,31840,0.5193977169823806
292,31841,0.23503227967485785
292,31842,0.13016288842204235
292,31843,0.06872753562852378
292,31844,0.06142284316465467
292,31845,0.02616713115077063
292,31846,0.018173204241776122
292,31847,0.06291529618029044
292,31848,0.045643262072369926
292,31901,0.03644641803491948
292,31902,0.10073895325929272
292,31903,0.012410994427671743
292,31904,0.0583216099260151
292,31905,0.02135266104717561
292,31906,0.043502022819213185
292,31907,0.0259085338702957
292,31908,0.04472093973330492
292,31909,0.06958414881403843
292,31910,0.05144129961083948
292,31911,0.02669164751544075
292,31912,0.02060610853851549
292,31913,0.13660478133509088
292,31914,0.04337111394695616
292,31915,0.13446168298411804
292,31916,0.04704657211899042
292,31917,0.06498352872414903
292,31918,0.042619350399865294
292,31919,0.016224946362886097
292,31920,0.04338259632448672
292,31921,0.02602015096475717
292,31922,0.05592448001376438
292,31923,0.01904742480486325
292,31924,0.052520369900508505
292,31925,0.07442118974303168
292,31926,0.03737846504375509
292,31927,0.24995607588374158
292,31928,0.07134156041324219
292,31929,0.04925021128164132
292,31930,0.07924406333528017
292,31931,0.02852331051165412
292,31932,0.16291329003760546
292,31933,0.08330911407709884
292,31934,0.09483392726174938
292,31935,0.12270411996241314
292,31936,0.26032439007941044
292,31937,0.16276613891457878
292,31938,0.043234970461786454
292,31939,0.10717986299840401
292,31940,0.16817984295820726
292,31941,0.2858925888012889
292,31942,0.05877765531669685
292,31943,0.055255361546049285
292,31944,0.12183408668669568
292,31945,0.014626983585785206
292,31946,0.06121667694659066
292,31947,0.02611218408944208
292,31948,0.07504140401654993
292,32001,0.02269168880482489
292,32002,0.07515264040484422
292,32003,0.08241107523969846
292,32004,0.0523571519443647
292,32005,0.02750713488203596
292,32006,0.07894234267523373
292,32007,0.026329213951686123
292,32008,0.03267677537166832
292,32009,0.04453072406164652
292,32010,0.027258448475491966
292,32011,0.05292767756156693
292,32012,0.016772962751134175
292,32013,0.06762932472232291
292,32014,0.4474242554036811
292,32015,0.059610061063080144
292,32016,0.010662306387600391
292,32017,0.06102348002806241
292,32018,0.01783148899418238
292,32019,0.07906637288181406
292,32020,0.01959158493370406
292,32021,0.0732272243210145
292,32022,0.016068272030779016
292,32023,0.03218451054487948
292,32024,0.024690139255159237
292,32025,0.06955717076343766
292,32026,0.037527764735442504
292,32027,0.032356030211002244
292,32028,0.024073115796513635
292,32029,0.04692757640773277
292,32030,0.03121599655613046
292,32031,0.02847568442577041
292,32032,0.026360223747535244
292,32033,0.021458577312031487
292,32034,0.4134292828846551
292,32035,0.05282838582653174
292,32036,1.1104752226357846
292,32037,0.6142757293293435
292,32038,0.2033196998373047
292,32039,0.229326477736619
292,32040,0.3293633530288077
292,32041,0.8684974815725474
292,32042,0.8761423143372438
292,32043,0.061666787824336135
292,32044,0.16926791381074005
292,32045,0.03677818690671577
292,32046,0.059245311192375305
292,32047,0.04180315121376664
292,32048,0.018907364362509775
292,32101,0.032414256627934374
292,32102,0.0555812495139316
292,32103,0.017950763617437804
292,32104,0.0383819004367915
292,32105,0.027899003483086344
292,32106,0.028731645061344655
292,32107,0.049342387093847286
292,32108,0.02349810958390887
292,32109,0.04884031725342606
292,32110,0.05701982552957304
292,32111,0.03345676254426996
292,32112,0.03706904447025849
292,32113,0.3239645231862007
292,32114,0.06592741363020492
292,32115,0.5767466300538466
292,32116,0.06471774194728887
292,32117,0.0815366347727616
292,32118,0.05328379256328147
292,32119,0.04807543873926916
292,32120,0.055653037875419746
292,32121,0.03404273303254646
292,32122,0.056714992657073124
292,32123,0.042279653102818504
292,32124,0.0412232875948294
292,32125,0.0266599127571079
292,32126,0.049130687961629484
292,32127,0.05218340011610948
292,32128,0.0447023754347674
292,32129,0.028727031449731346
292,32130,0.037106549852684786
292,32131,0.01858026375634409
292,32132,0.05599941430599671
292,32133,0.023317242050839508
292,32134,0.06348707426596754
292,32135,0.22122782834395516
292,32136,0.12058001239080754
292,32137,0.03500265507686582
292,32138,0.04935125764042574
292,32139,0.0832542304161994
292,32140,0.13154415784607412
292,32141,0.09352414934250923
292,32142,0.05189111351456442
292,32143,0.05966125613762283
292,32144,0.09331640021190235
292,32145,0.06443021989845986
292,32146,0.09654369815929813
292,32147,0.5925882552116182
292,32148,0.06737394789561252
292,32201,0.07690650347798664
292,32202,0.09411678958432075
292,32203,0.0383842909503167
292,32204,0.04856525835248071
292,32205,0.035262454365046846
292,32206,0.040916995384104274
292,32207,0.017623223283454774
292,32208,0.07108458622803328
292,32209,0.023575530581723375
292,32210,0.062459582195311794
292,32211,0.016375334602007713
292,32212,0.061266660446464685
292,32213,0.02714065731099026
292,32214,0.07476398255923214
292,32215,0.03338609936771042
292,32216,0.037088729018376614
292,32217,0.18995900797642296
292,32218,0.04900467922318406
292,32219,0.019883272797515096
292,32220,0.03801669961747486
292,32221,0.01963430390180906
292,32222,0.01578650327828607
292,32223,0.04582177504520927
292,32224,0.02042136663852433
292,32225,0.05195810663103243
292,32226,0.05923835012754964
292,32227,0.011729326482439507
292,32228,0.03417991213893168
292,32229,0.016131323304075997
292,32230,0.03269316198454125
292,32231,0.017081811431600435
292,32232,0.02090600226772804
292,32233,0.0665791076692826
292,32234,0.03372389228207431
292,32235,1.2035247144279413
292,32236,0.1814459647418413
292,32237,0.09212427453694118
292,32238,0.08814169133903244
292,32239,0.04872250067121834
292,32240,0.13455324069881372
292,32241,0.15179226343051513
292,32242,0.05264329623911213
292,32243,0.09501109775380412
292,32244,0.04738730181520118
292,32245,0.10796966373502491
292,32246,0.016480981999123512
292,32247,0.058055995170829315
292,32248,0.019362413339452992
292,32301,0.0770583954980065
292,32302,0.13374813121393272
292,32303,0.049208414441515295
292,32304,0.024915328686136204
292,32305,0.054179925428536994
292,32306,0.031536362405843454
292,32307,0.05439991291007171
292,32308,0.024133506539709644
292,32309,0.024287919790570336
292,32310,0.026634650583815127
292,32311,0.025358354923489874
292,32312,0.020290020857895927
292,32313,0.059211582036402824
292,32314,0.04076094924795923
292,32315,0.054155040519034844
292,32316,0.011800490467372332
292,32317,0.058861096868339215
292,32318,0.04166274052513871
292,32319,0.09347931575008261
292,32320,0.09756139103565449
292,32321,0.2822117025199393
292,32322,0.3332771521478214
292,32323,0.06463599216807368
292,32324,0.054054167589474636
292,32325,0.050145302211741204
292,32326,0.046065667183510406
292,32327,0.023422800384782855
292,32328,0.03909991821178557
292,32329,0.04213014228180223
292,32330,0.05206602013557867
292,32331,0.06257470312795194
292,32332,0.041083539965184386
292,32333,0.037889330101136584
292,32334,0.06536098923794689
292,32335,0.04248660643341304
292,32336,0.08567211233048917
292,32337,0.06821815211534028
292,32338,0.10314482614527645
292,32339,0.05417723444251657
292,32340,0.5517873334828386
292,32341,0.9557095614567727
292,32342,0.1112814002390046
292,32343,0.0916578137400559
292,32344,0.03281326345573664
292,32345,0.04542691646056451
292,32346,0.037645786011476993
292,32347,0.07005779366072039
292,32348,0.029748644506625822
292,32401,0.022424684682954447
292,32402,0.013649797399793906
292,32403,0.06819020356760573
292,32404,0.01250576607564721
292,32405,0.0872428378306955
292,32406,0.033274951855076264
292,32407,0.03669087392051929
292,32408,0.05548065727509885
292,32409,0.05432228787625917
292,32410,0.3513132398359425
292,32411,0.026567738809995634
292,32412,0.035199433773144516
292,32413,0.02011420337481164
292,32414,0.044016938154999914
292,32415,0.154742477419112
292,32416,0.23996268753860336
292,32417,0.24887706010957003
292,32418,0.1124342401238252
292,32419,0.1285642301087857
292,32420,0.04357549163699447
292,32421,0.033363443361366305
292,32422,0.03812181133216789
292,32423,0.05727025635494571
292,32424,0.11939645379775124
292,32425,0.12748177128228408
292,32426,0.25011822736651823
292,32427,0.17238490159111372
292,32428,0.053529693002379024
292,32429,0.17550237645848155
292,32430,0.16465700924536122
292,32431,0.39039368142562053
292,32432,0.3292759710300818
292,32433,0.27248656894392076
292,32434,0.3994094628895221
292,32435,0.4476863178537081
292,32436,0.5367231633516931
292,32437,2.0251761127045342
292,32438,1.5045146090928263
292,32439,0.6081283913274027
292,32440,0.5224517247469825
292,32441,0.18270715622620715
292,32442,0.16818338509227157
292,32443,0.12871492050561487
292,32444,0.04697686550975225
292,32445,0.037883961625466034
292,32446,0.032040546710559434
292,32447,0.01351078502946217
292,32448,0.04459614210259921
292,32501,0.028412577660622385
292,32502,0.030531053249596023
292,32503,0.08017677004519486
292,32504,0.011440370428136967
292,32505,0.09351735593699767
292,32506,0.0412628859350089
292,32507,0.04681290952586954
292,32508,0.08012466707409388
292,32509,0.07688335521879484
292,32510,0.3903069577860634
292,32511,0.04157710619863814
292,32512,0.04090744629788454
292,32513,0.025075006191290473
292,32514,0.04265211917083375
292,32515,0.059887761247952954
292,32516,0.008366681998132149
292,32517,0.084539463540297
292,32518,0.1303393024940261
292,32519,0.1894378235088589
292,32520,0.4966902517547998
292,32521,0.04029263000567496
292,32522,0.14681661339367924
292,32523,0.03383527988211849
292,32524,0.10334796020208514
292,32525,0.5516730014086957
292,32526,0.01861863626025112
292,32527,0.1020340503260679
292,32528,0.05622623640834136
292,32529,0.06460175113848629
292,32530,0.4758862685796356
292,32531,0.0247853429592246
292,32532,0.029387503929193745
292,32533,0.008695173512544284
292,32534,0.07735958438488885
292,32535,0.031075875723499683
292,32536,0.04776435412160449
292,32537,0.05363770576777895
292,32538,0.06784535531264245
292,32539,0.14665968283788025
292,32540,0.12515336286027787
292,32541,0.06347740684478978
292,32542,0.11997325820922582
292,32543,0.052224437795308006
292,32544,0.24163409890164206
292,32545,0.5760992178118218
292,32546,0.10218214007011739
292,32547,0.08234851828387064
292,32548,0.026346445669271842
292,32601,0.08455168073647026
292,32602,0.05415311325185096
292,32603,0.021629787976943808
292,32604,0.04631708869693291
292,32605,0.043645982141723515
292,32606,0.05240215680271356
292,32607,0.036115788543148376
292,32608,0.06970521509192418
292,32609,0.06089191507333307
292,32610,0.028194503748296698
292,32611,0.07517417245803414
292,32612,0.04873190821505225
292,32613,0.055228285798536884
292,32614,0.17337285543795655
292,32615,0.11733271219896278
292,32616,0.04470123775597744
292,32617,0.10093150136223171
292,32618,0.08919012924471602
292,32619,0.05273484476738151
292,32620,0.06365456844428895
292,32621,0.0427890597489766
292,32622,0.07421687413028093
292,32623,0.0245096276759619
292,32624,0.06284006077075709
292,32625,0.032544061965316264
292,32626,0.07004993924082531
292,32627,0.06231548375471993
292,32628,0.060964294910082865
292,32629,0.09102793717683533
292,32630,0.054982460402992865
292,32631,0.02377646915705955
292,32632,0.058655458872344225
292,32633,0.05368103739310205
292,32634,0.0184273814728257
292,32635,0.5633040076716039
292,32636,0.024787943113262004
292,32637,0.04178950055239196
292,32638,0.08267801863257047
292,32639,0.21577136424886023
292,32640,1.4862136844049783
292,32641,0.242457753565595
292,32642,0.06750947349664016
292,32643,0.10489883474354465
292,32644,0.13926755091435372
292,32645,0.018268746238683676
292,32646,0.051586131023104345
292,32647,0.06194686804629256
292,32648,0.062496562528062544
292,32701,0.05843261809418143
292,32702,0.0546300016165648
292,32703,0.07532469748867
292,32704,0.09474712899446004
292,32705,0.07445586661318485
292,32706,0.012821947874926527
292,32707,0.04856965699444263
292,32708,0.033415430336768116
292,32709,0.043903997520128704
292,32710,0.14766732942189642
292,32711,0.062497119168167414
292,32712,0.029289072083861736
292,32713,0.03508708911013808
292,32714,0.037487702277579825
292,32715,0.024713062896538823
292,32716,0.07636228455502513
292,32717,0.021831295315025222
292,32718,0.07439778491195624
292,32719,0.04174540260247772
292,32720,0.06148297347905803
292,32721,0.03309947708415923
292,32722,0.057769787958009335
292,32723,0.034029502703073734
292,32724,0.03175695815406933
292,32725,0.047813852734023755
292,32726,0.03217376579707492
292,32727,0.04420626676760199
292,32728,0.016883157765596173
292,32729,0.04893883947693354
292,32730,0.33008142382697975
292,32731,0.06196030832718759
292,32732,0.07208757206694466
292,32733,0.024459453716211693
292,32734,0.4278668537641814
292,32735,0.16715180432206633
292,32736,0.3993507281336781
292,32737,0.8496681246539366
292,32738,0.5060353636398147
292,32739,0.21866148978118677
292,32740,0.3260671468698993
292,32741,1.0321718895927072
292,32742,0.14832110024764236
292,32743,0.16481522576599614
292,32744,0.02773385755481152
292,32745,0.12628477447664418
292,32746,0.05046401418670756
292,32747,0.061652827595305285
292,32748,0.023742110111086248
292,32801,0.03629807549342461
292,32802,0.06026173715189731
292,32803,0.02746501207600251
292,32804,0.056684245214218006
292,32805,0.029563777085565054
292,32806,0.045037825893545394
292,32807,0.02613050338377416
292,32808,0.061126206507286715
292,32809,0.08344683629643093
292,32810,0.46468520162379506
292,32811,0.025406906589216512
292,32812,0.02216465784634234
292,32813,0.019417622216366278
292,32814,0.05451477408626836
292,32815,0.02293731098805136
292,32816,0.04948586101314085
292,32817,0.054120592241605064
292,32818,0.04691542311767837
292,32819,0.061257793097713155
292,32820,0.03995018364810257
292,32821,0.06598022016120872
292,32822,0.028043681865715334
292,32823,0.035911688995995915
292,32824,0.01985787682042414
292,32825,0.066640279794742
292,32826,0.02447716321260334
292,32827,0.053910230826442675
292,32828,0.05276739145372969
292,32829,0.04309999416230526
292,32830,0.5846827293410237
292,32831,0.015919273240122496
292,32832,0.03339617654497765
292,32833,0.04226175503738171
292,32834,0.05316577918026933
292,32835,0.03584662520855979
292,32836,0.13519620642395963
292,32837,0.514986502118259
292,32838,0.475264436812121
292,32839,0.11289401886541704
292,32840,0.1962756433049924
292,32841,0.21332698246906232
292,32842,0.4986616851973203
292,32843,0.08038965402579756
292,32844,0.10226784567086476
292,32845,0.06843775026964274
292,32846,0.02699220631237009
292,32847,0.09732632316238737
292,32848,0.02184619162372267
292,32901,0.04883098243217079
292,32902,0.05496023309644071
292,32903,0.032070997538541424
292,32904,0.08384929759916149
292,32905,0.023147299640259467
292,32906,0.08091328626834283
292,32907,0.017683321175988056
292,32908,0.037901000542280884
292,32909,0.038690623236653995
292,32910,0.07325696748653156
292,32911,0.0341840789496992
292,32912,0.04989756494097556
292,32913,0.08211778808588889
292,32914,0.3287701873226025
292,32915,0.048404588854124936
292,32916,0.011236348494583033
292,32917,0.08147099135086992
292,32918,0.06844816231258476
292,32919,0.07347017561440161
292,32920,0.02563678015904356
292,32921,0.04406990880255022
292,32922,0.010006196724458906
292,32923,0.04876611807413468
292,32924,0.06231152682263839
292,32925,0.024780265851737447
292,32926,0.08111025772184437
292,32927,0.01198137941154283
292,32928,0.03960022001021668
292,32929,0.029642073071243284
292,32930,0.021814046148238043
292,32931,0.04514286643747447
292,32932,0.024329746913753548
292,32933,0.31136875940534614
292,32934,0.022796827788801315
292,32935,0.1598539308299024
292,32936,0.4593940802658648
292,32937,0.13769927665237267
292,32938,0.1391753823255911
292,32939,0.05775926863533873
292,32940,0.11898690950890349
292,32941,0.15654704223182914
292,32942,0.15235554997245063
292,32943,0.16803734381625954
292,32944,0.13631461871578607
292,32945,0.08722646014873041
292,32946,0.09854568890491222
292,32947,0.037513348915058004
292,32948,0.06415629394421717
292,33001,0.06142664937294815
292,33002,0.023371006326055363
292,33003,0.029799097759906756
292,33004,0.03591847052789456
292,33005,0.03962977013834307
292,33006,0.03279391420739888
292,33007,0.06502316269656125
292,33008,0.07101763268126857
292,33009,0.011282256459044961
292,33010,0.07866060389945195
292,33011,0.31297856411200387
292,33012,0.029600242550565165
292,33013,0.012018234218493205
292,33014,0.042573808726476085
292,33015,0.02283505302050906
292,33016,0.05738692496239113
292,33017,0.025881612453471745
292,33018,0.031147853359085282
292,33019,0.0483686016854342
292,33020,0.010235050683778474
292,33021,0.08473985356878741
292,33022,0.04133678048633385
292,33023,0.03667335059654431
292,33024,0.04072511658281265
292,33025,0.02219188318210588
292,33026,0.05330255202493949
292,33027,0.031836954951223594
292,33028,0.3439485260923537
292,33029,0.04532907285987152
292,33030,0.0782155219267457
292,33031,0.08939782867154143
292,33032,0.08781084716579393
292,33033,0.032155647288817105
292,33034,0.042053011610029764
292,33035,0.05315365473892258
292,33036,0.024172090137562063
292,33037,0.07890497711350512
292,33038,0.029946369254470945
292,33039,0.03060468386171278
292,33040,0.04742602119358168
292,33041,0.05197020020592485
292,33042,0.04313517197777099
292,33043,0.02859854909379817
292,33044,0.08649343338435457
292,33045,0.02569492025024397
292,33046,0.05485215272665283
292,33047,0.03753220585115778
292,33048,0.04243281496177359
292,33101,0.08080916080309307
292,33102,0.14295061744840876
292,33103,0.048929416553823026
292,33104,0.03910795533166712
292,33105,0.03256301728211546
292,33106,0.012604215239509409
292,33107,0.0715240478745794
292,33108,0.04766409164516528
292,33109,0.06907981478088744
292,33110,0.035720491287486326
292,33111,0.031290479471291544
292,33112,0.016537305398271248
292,33113,0.04734122824263903
292,33114,0.02440193411281371
292,33115,0.043718569466699705
292,33116,0.01842078968178337
292,33117,0.015189728227263274
292,33118,0.03892548377744667
292,33119,0.028317027496863656
292,33120,0.07434568045483578
292,33121,0.03503576351013225
292,33122,0.3517452486036209
292,33123,0.010499725593989576
292,33124,0.05547568354337651
292,33125,0.02698147228054532
292,33126,0.02524562834396482
292,33127,0.06282512076316589
292,33128,0.014329292969779996
292,33129,0.06006365927736856
292,33130,0.018542653160813913
292,33131,0.02276586518607318
292,33132,0.04628907637761912
292,33133,0.047416612922318795
292,33134,0.021798985229211178
292,33135,0.0305451855619209
292,33136,0.055757817334452446
292,33137,0.02944981969419575
292,33138,0.024879670362034444
292,33139,0.04249913155330208
292,33140,0.090899691330562
292,33141,0.041828783969840945
292,33142,0.27690371229402266
292,33143,0.014756372449059677
292,33144,0.06892472112334244
292,33145,0.03214068570369914
292,33146,0.04443226655405418
292,33147,0.026902456760985922
292,33148,0.06371049093413966
292,33201,0.02183505510090838
292,33202,0.02174605131127443
292,33203,0.03614941889118447
292,33204,0.015605437424695612
292,33205,0.08660793941117512
292,33206,0.022108346512629405
292,33207,0.0707926660117655
292,33208,0.0371921626693717
292,33209,0.016607711837521612
292,33210,0.01743292627638295
292,33211,0.015933543853095162
292,33212,0.053008648766713906
292,33213,0.16635850456901385
292,33214,0.03209698365241756
292,33215,0.022020501056632853
292,33216,0.0791777803225619
292,33217,0.03290100084108259
292,33218,0.0741472583341399
292,33219,0.01406425382039426
292,33220,0.017975398071643733
292,33221,0.0408617070619537
292,33222,0.06188782116291044
292,33223,0.0690334215127741
292,33224,0.07281821379112093
292,33225,0.027929195652578606
292,33226,0.07237006401735699
292,33227,0.03659795656894383
292,33228,0.0723687777894303
292,33229,0.03963903861323418
292,33230,0.04236528425126634
292,33231,0.07267308817566696
292,33232,0.025815944069029876
292,33233,0.05754059168334007
292,33234,0.2429882376985245
292,33235,0.05559420653933497
292,33236,0.03856463686358741
292,33237,0.05900905502406492
292,33238,0.0449336274531296
292,33239,0.028839357941440987
292,33240,0.06225706513441338
292,33241,0.034184563526126095
292,33242,0.06159330562129065
292,33243,0.03139157691470953
292,33244,0.025927617010596343
292,33245,0.014510776091840214
292,33246,0.05832570528644343
292,33247,0.03278989313789166
292,33248,0.044967705852244605
292,33301,0.05335512420760777
292,33302,0.026883540350242444
292,33303,0.03260715384795628
292,33304,0.04154239088084857
292,33305,0.09709830951294861
292,33306,0.6108682512085836
292,33307,0.017942438499146715
292,33308,0.06446130163172174
292,33309,0.014048981594566499
292,33310,0.023294420985811432
292,33311,0.04240146738545211
292,33312,0.03814728346050499
292,33313,0.07071805435792038
292,33314,0.024018861695839205
292,33315,0.09750885983898519
292,33316,0.018008329328006892
292,33317,0.036922182560648886
292,33318,0.019211433657334864
292,33319,0.022366083147480623
292,33320,0.03244173344422859
292,33321,0.039087750563098475
292,33322,0.015849839076844417
292,33323,0.02008349001421907
292,33324,0.044066510725213705
292,33325,0.17808412294473008
292,33326,0.1935225432367018
292,33327,0.014586271368398377
292,33328,0.04498871942226822
292,33329,0.028594523457415262
292,33330,0.0670343551133418
292,33331,0.04219658685238605
292,33332,0.04079673923958189
292,33333,0.04233191661523528
292,33334,0.03765827602327451
292,33335,0.09478910715563209
292,33336,0.05717666314472779
292,33337,0.10291740449527667
292,33338,0.08685211668735367
292,33339,0.020542921659114786
292,33340,0.03445787445398756
292,33341,0.019680260787249385
292,33342,0.020735424298867527
292,33343,0.025190927853388008
292,33344,0.027448385491182094
292,33345,0.07917003515153163
292,33346,0.17148065073377403
292,33347,0.07324781871803769
292,33348,0.022994768749010595
292,33401,0.05629940763920424
292,33402,0.03666598736452031
292,33403,0.03579587540880667
292,33404,0.0724840678224592
292,33405,0.024854345496900562
292,33406,0.05713730711313174
292,33407,0.019808695089814816
292,33408,0.09460848968028626
292,33409,0.008316689911832901
292,33410,0.027266264808660533
292,33411,0.023041464747174674
292,33412,0.044663331112099296
292,33413,0.022244997261665792
292,33414,0.01995982963071196
292,33415,0.03952271190693374
292,33416,0.03247820501250091
292,33417,0.3908095057529909
292,33418,0.02576003877900313
292,33419,0.041095655890294285
292,33420,0.05193809355987574
292,33421,0.039311292173533255
292,33422,0.05128697563088198
292,33423,0.016209262443130912
292,33424,0.04902988380745525
292,33425,0.015870214771590525
292,33426,0.015949594378442806
292,33427,0.04380026199085061
292,33428,0.013743773436745113
292,33429,0.05292295666028458
292,33430,0.015139894489108907
292,33431,0.06283012672952755
292,33432,0.01530732456102199
292,33433,0.2038593010214015
292,33434,0.138434177444125
292,33435,0.07576924640996252
292,33436,0.03490559324773287
292,33437,0.5980327850299049
292,33438,0.04469892667320136
292,33439,0.04814189079624146
292,33440,0.09308615728451888
292,33441,0.024946798741122177
292,33442,0.06088958030230738
292,33443,0.02897348570458972
292,33444,0.07720559624977862
292,33445,0.036009326069481144
292,33446,0.05282442292389381
292,33447,0.07638140809500149
292,33448,0.07214319963393898
292,33501,0.07775032860925744
292,33502,0.018193249398073482
292,33503,0.08579306029127602
292,33504,0.03798390204492056
292,33505,0.05010176234648346
292,33506,0.11562488295560086
292,33507,0.021841308746496344
292,33508,0.0949549006209831
292,33509,0.48033693581317516
292,33510,0.07839644580305816
292,33511,0.07823874016179315
292,33512,0.06570545186122433
292,33513,0.07604229638178116
292,33514,0.04593859110727892
292,33515,0.06703853941534377
292,33516,0.028503260624753488
292,33517,0.026619628068859945
292,33518,0.028330002951270045
292,33519,0.07690517305071909
292,33520,0.03703459318398488
292,33521,0.018381438012021595
292,33522,0.04292127307148347
292,33523,0.029362912088773722
292,33524,0.04135700196899393
292,33525,0.01556965497711007
292,33526,0.07411218154331888
292,33527,0.03218335824838693
292,33528,0.24896244199546452
292,33529,0.025067853257940965
292,33530,0.06380065993721179
292,33531,0.043398984072164776
292,33532,0.04557097874369486
292,33533,0.056117765753763836
292,33534,0.0369884104631951
292,33535,0.05450929502786989
292,33536,0.020773171788709563
292,33537,0.06762038199884829
292,33538,0.09304680784711389
292,33539,0.040618017927118395
292,33540,0.03117831229881373
292,33541,0.01161044712276443
292,33542,0.05302999953556377
292,33543,0.007919303126382822
292,33544,0.04044313706933909
292,33545,0.024861067659734306
292,33546,0.05902757360363252
292,33547,0.042913093102779264
292,33548,0.11748814439948448
292,33601,0.15388629205894352
292,33602,0.05785695577538957
292,33603,0.016753033536046527
292,33604,0.01648002680820478
292,33605,0.031168533982773354
292,33606,0.019915361975738545
292,33607,0.07405626778339533
292,33608,0.0249243822716336
292,33609,0.06541123120215268
292,33610,0.03016540247903991
292,33611,0.06678535312558403
292,33612,0.013156979810600362
292,33613,0.037506573381923765
292,33614,0.035279485796343955
292,33615,0.03905124784675926
292,33616,0.03981686742783492
292,33617,0.015488815623970607
292,33618,0.027534660273208077
292,33619,0.021482752052495595
292,33620,0.3563543175953293
292,33621,0.018627905004929095
292,33622,0.024567323302235673
292,33623,0.07674458221165498
292,33624,0.06334447701268611
292,33625,0.09790487965169474
292,33626,0.015537729788643274
292,33627,0.036712481335901666
292,33628,0.050290005709356274
292,33629,0.022034134998792473
292,33630,0.07865025750308055
292,33631,0.01592277089766905
292,33632,0.038922287049120464
292,33633,0.02410663899178523
292,33634,0.09303554227598738
292,33635,0.011225836693399202
292,33636,0.04806306391586999
292,33637,0.0509709034275189
292,33638,0.031527595418659224
292,33639,0.04517954904291941
292,33640,0.3061778007059573
292,33641,0.09681605191023415
292,33642,0.014307549718074485
292,33643,0.026937620819569193
292,33644,0.025296581967620357
292,33645,0.051938799036896834
292,33646,0.035082761535694486
292,33647,0.056213858558855384
292,33648,0.029294971469097316
292,33701,0.042348561496268575
292,33702,0.04099020109913478
292,33703,0.034078871921978705
292,33704,0.06850426039789304
292,33705,0.017051678457451445
292,33706,0.07248422156779157
292,33707,0.05921931547734561
292,33708,0.09192813116941531
292,33709,0.09856489276081262
292,33710,0.015366093545572947
292,33711,0.24476463610209967
292,33712,0.015725520279929583
292,33713,0.04943130982510397
292,33714,0.038301685252303874
292,33715,0.022464682113861458
292,33716,0.020901425000153784
292,33717,0.02846430813523268
292,33718,0.06955162423892965
292,33719,0.016946471868992178
292,33720,0.03870050632952674
292,33721,0.015287669518813914
292,33722,0.022311664809074268
292,33723,0.03747917720809374
292,33724,0.058730873445675735
292,33725,0.09894162742585884
292,33726,0.05626008264705586
292,33727,0.12007085738044132
292,33728,0.07865072715810523
292,33729,0.1326544367092336
292,33730,0.17237907217250212
292,33731,0.11081105658335419
292,33732,0.32752176574528197
292,33733,0.13694935792816737
292,33734,0.11116480330461734
292,33735,0.15078087120834982
292,33736,2.136840069160188
292,33737,0.8829620392878486
292,33738,0.10827646551742522
292,33739,0.08149401972614358
292,33740,0.14880199081178258
292,33741,0.058984158633943955
292,33742,0.06371380824428574
292,33743,0.36462730840246765
292,33744,0.02607101219512485
292,33745,0.062372134919093346
292,33746,0.05349812492832782
292,33747,0.015892214549262172
292,33748,0.0703973178333638
292,33801,0.01965826866785436
292,33802,0.04389946426823329
292,33803,0.02645966901975186
292,33804,0.04184330034810049
292,33805,0.07030115942494526
292,33806,0.0713015308917665
292,33807,0.09653058754435012
292,33808,0.08037061118110268
292,33809,0.03958328333241713
292,33810,0.03295132472950387
292,33811,0.04305740802396441
292,33812,0.030007455993899444
292,33813,0.21572250000564344
292,33814,0.12781072930805076
292,33815,0.5911329379762944
292,33816,0.2023202087010882
292,33817,0.34837215005032696
292,33818,0.14466088911150857
292,33819,0.6225611835857086
292,33820,0.37535065501787385
292,33821,0.09303014557664928
292,33822,0.09407281554748007
292,33823,0.061013393418668335
292,33824,0.04442644993386168
292,33825,0.0609861165689165
292,33826,0.024459021549594086
292,33827,0.06514684572642074
292,33828,0.07044237965721155
292,33829,0.05916699244202728
292,33830,0.04601173288362633
292,33831,0.0913640104682176
292,33832,0.08305523363771687
292,33833,0.047683321497453496
292,33834,0.02916221968757438
292,33835,0.3474335998262787
292,33836,0.03606965167180421
292,33837,0.06661779209535225
292,33838,0.07482519878075204
292,33839,0.031109851145449636
292,33840,0.031526787915510786
292,33841,0.018060147730022395
292,33842,0.07188113763305622
292,33843,0.020815293596884457
292,33844,0.045965912272685865
292,33845,0.08783209407912257
292,33846,0.015046584938732035
292,33847,0.06963858102714289
292,33848,0.024225777498581413
292,33901,0.025027307285189586
292,33902,0.03682572833228123
292,33903,0.017180332285489985
292,33904,0.021929267207221107
292,33905,0.015796135165558334
292,33906,0.025375665420290006
292,33907,0.012087870294628584
292,33908,0.39905140498561814
292,33909,0.02725804432235234
292,33910,0.07617026438473086
292,33911,0.05594096099225638
292,33912,0.01345627548733515
292,33913,0.05239395142717849
292,33914,0.018359112866311453
292,33915,0.011601042814166813
292,33916,0.0381622375446204
292,33917,0.02574461838940789
292,33918,0.046125121289293664
292,33919,0.030079635337854214
292,33920,0.02526654829317256
292,33921,0.049465130936396054
292,33922,0.010930443445947551
292,33923,0.07735515957027612
292,33924,0.0293401672222487
292,33925,0.06265115013272388
292,33926,0.03515458625373511
292,33927,0.01824580154476957
292,33928,0.48018060224243597
292,33929,0.11861237521902643
292,33930,0.03408774969383923
292,33931,0.007096481306215924
292,33932,0.07103087644316002
292,33933,0.03418424031279362
292,33934,0.05816430655032716
292,33935,0.06311828636605758
292,33936,0.01571968890801259
292,33937,0.03511124338741942
292,33938,0.03890524167355671
292,33939,0.0863403907831809
292,33940,0.05409206755406072
292,33941,0.0209575234912905
292,33942,0.019747273385827286
292,33943,0.09796552051475492
292,33944,0.016937992511956518
292,33945,0.07248585361597884
292,33946,0.020617574833839657
292,33947,0.021932689966565968
292,33948,0.07228635330174035
292,34001,0.15073795514062233
292,34002,0.2322950195912965
292,34003,0.011308984422257107
292,34004,0.04297167085840157
292,34005,0.025254844157149237
292,34006,0.026379731084993786
292,34007,0.042038989683310934
292,34008,0.02337770415246639
292,34009,0.03825180933749008
292,34010,0.020864365783891607
292,34011,0.08000970902953683
292,34012,0.02467074890630146
292,34013,0.045729502990791274
292,34014,0.02907690253986501
292,34015,0.02030754721752638
292,34016,0.06065624229784052
292,34017,0.022802647668200237
292,34018,0.04273556471236581
292,34019,0.04850025782565897
292,34020,0.06832897998706189
292,34021,0.08563648187078383
292,34022,0.1361780255558576
292,34023,0.26854212466016136
292,34024,0.04956729138581736
292,34025,0.03712847379020902
292,34026,0.02962568023609303
292,34027,0.047380100835197586
292,34028,0.034343268298981704
292,34029,0.05032856729165764
292,34030,0.03223606776801956
292,34031,0.061070540960060565
292,34032,0.05487323783235978
292,34033,0.04405084428938413
292,34034,0.08945253067114817
292,34035,0.01887537056641984
292,34036,0.04677465067188109
292,34037,0.01588010055036134
292,34038,0.01825110686957695
292,34039,0.0859493202275748
292,34040,0.019932468912974267
292,34041,0.03888845939855988
292,34042,0.03253960868472552
292,34043,0.06249748504525057
292,34044,0.3351930179252093
292,34045,0.03658176028983004
292,34046,0.04195216610722008
292,34047,0.07862400526612781
292,34048,0.07534656510410905
292,34101,0.06508220123908388
292,34102,0.028082298432261423
292,34103,0.026689772606922898
292,34104,0.06508602343289814
292,34105,0.02962961530431676
292,34106,0.08240915949173896
292,34107,0.03242446103791707
292,34108,0.06525306358531767
292,34109,0.020427312800228335
292,34110,0.02690594004409455
292,34111,0.023329270745324898
292,34112,0.02356460892384756
292,34113,0.08522395110628646
292,34114,0.007817778681891265
292,34115,0.03451447762732273
292,34116,0.01983349428141595
292,34117,0.15863730917360644
292,34118,0.17575502444169727
292,34119,0.01022865408644137
292,34120,0.0399912513022052
292,34121,0.016014608481071693
292,34122,0.026182739411686064
292,34123,0.016680292136619777
292,34124,0.0256716812846407
292,34125,0.08726247797769487
292,34126,0.04936708269715353
292,34127,0.02685035337117563
292,34128,0.060847265440226714
292,34129,0.07051413195543191
292,34130,0.015197407016895289
292,34131,0.03915642328338372
292,34132,0.04526351849634162
292,34133,0.020069976035667642
292,34134,0.09340705169578309
292,34135,0.025569264977720874
292,34136,0.042390562795778707
292,34137,0.05607337658261117
292,34138,0.026580969780615176
292,34139,0.09399886492724063
292,34140,0.49171750702056594
292,34141,0.015074474451735544
292,34142,0.04200060120207343
292,34143,0.015860432839568825
292,34144,0.07852724954225229
292,34145,0.027841872091573207
292,34146,0.06584500600621247
292,34147,0.016888404443711473
292,34148,0.04323029706496009
292,34201,0.06301830731501426
292,34202,0.022526837294207677
292,34203,0.06122845471916764
292,34204,0.02118964752826692
292,34205,0.045443548200896765
292,34206,0.033291907885718716
292,34207,0.044874146461229905
292,34208,0.042814758418759084
292,34209,0.020630612656540415
292,34210,0.03907933040965609
292,34211,0.02321160563080322
292,34212,0.028901394330123727
292,34213,0.382469089018296
292,34214,0.09018701571770447
292,34215,0.021532206991779497
292,34216,0.059584042703626876
292,34217,0.03762414685409514
292,34218,0.024482367638504927
292,34219,0.029997875822219546
292,34220,0.016343603998052937
292,34221,0.06560011409978295
292,34222,0.01851693322400598
292,34223,0.0553945541310406
292,34224,0.06044523667169572
292,34225,0.032976299634356415
292,34226,0.06794485350562111
292,34227,0.01402559959114303
292,34228,0.05698704734139473
292,34229,0.027620871218916057
292,34230,0.025243779139708742
292,34231,0.04872907218437406
292,34232,0.0359459276546176
292,34233,0.08082703992734025
292,34234,0.10684022090270609
292,34235,0.2052807555837119
292,34236,0.05342946390040605
292,34237,0.04878143327595164
292,34238,0.07279935462221682
292,34239,0.00935477198923552
292,34240,0.02436755211894889
292,34241,0.020510163631115387
292,34242,0.01348240210757456
292,34243,0.026963897391495354
292,34244,0.009481084002256085
292,34245,0.02281231458804643
292,34246,0.03938664836698163
292,34247,0.0302066617180814
292,34248,0.06680318482080465
292,34301,0.018586006970629097
292,34302,0.044801882235670595
292,34303,0.02829867086879804
292,34304,0.038649069112181814
292,34305,0.04313380974177102
292,34306,0.028052070827409396
292,34307,0.06967867310889603
292,34308,0.4830747704803312
292,34309,0.08894727187638143
292,34310,0.02172491894542147
292,34311,0.04147287063696185
292,34312,0.02983968187574296
292,34313,0.09721485433307529
292,34314,0.073532550291041
292,34315,0.047319019112811785
292,34316,0.007922718959855067
292,34317,0.048012286464294195
292,34318,0.012405198413605502
292,34319,0.059684502457178275
292,34320,0.03257383646907317
292,34321,0.032011904857066516
292,34322,0.03713431865637997
292,34323,0.020868851217257928
292,34324,0.08261959567555485
292,34325,0.02234444135418082
292,34326,0.03624211717061939
292,34327,0.024799227591957934
292,34328,0.30913104918649326
292,34329,0.070294491293182
292,34330,0.03553217802033581
292,34331,0.02455205159144986
292,34332,0.035803866585872826
292,34333,0.02633952641025939
292,34334,0.03033867183997076
292,34335,0.04627298616789751
292,34336,0.05900268625168636
292,34337,0.06464921428365808
292,34338,0.01647790454819251
292,34339,0.060574864793032444
292,34340,0.036860537358326124
292,34341,0.0767563376079272
292,34342,0.15117590071597223
292,34343,0.04373516700094766
292,34344,0.027582799444688062
292,34345,0.016008010647259596
292,34346,0.07939563203887028
292,34347,0.032825356920505686
292,34348,0.05924888433067316
292,34401,0.04914886148604389
292,34402,0.01479078577640525
292,34403,0.15264524174731106
292,34404,0.005112371997591073
292,34405,0.02573437596512009
292,34406,0.03540397222690313
292,34407,0.015925287076794255
292,34408,0.07881130062498319
292,34409,0.015012168942684288
292,34410,0.07874429431747215
292,34411,0.026440306962845356
292,34412,0.05556046226277004
292,34413,0.0712382724705152
292,34414,0.012107898189624147
292,34415,0.042035861538344384
292,34416,0.021688502789488386
292,34417,0.04023674964757676
292,34418,0.04433542055711919
292,34419,0.05220673032993687
292,34420,0.06707270235768759
292,34421,0.08292067461086998
292,34422,0.007107934335677924
292,34423,0.0745055342241282
292,34424,0.05344409593536107
292,34425,0.4133864191739808
292,34426,0.026759135880279037
292,34427,0.02517687891836789
292,34428,0.08886689849841303
292,34429,0.11531513798182265
292,34430,0.9609963080465587
292,34431,0.134003979329612
292,34432,0.16090302820168356
292,34433,0.025268129733572644
292,34434,0.14192868807138057
292,34435,0.11003672354406341
292,34436,0.14029133418796555
292,34437,0.07609569875289125
292,34438,0.05284271317573507
292,34439,0.1561808765612512
292,34440,0.1422687111433736
292,34441,0.5375191707823591
292,34442,0.5526695423544457
292,34443,0.09596549119961555
292,34444,0.06402995552324758
292,34445,0.10150209323990898
292,34446,0.0887513876420179
292,34447,0.03981827561393858
292,34448,0.08186801733354783
292,34501,0.0987153874227971
292,34502,0.06311302594037878
292,34503,0.03712719265812719
292,34504,0.08734285259103641
292,34505,0.03069016125006928
292,34506,0.03499910793985333
292,34507,0.05497578517562227
292,34508,0.030899827675977733
292,34509,0.07089185660726227
292,34510,0.08915211634297682
292,34511,0.041345476886441065
292,34512,0.07194315897995325
292,34513,0.04697714195009639
292,34514,0.0685312038707817
292,34515,0.5422547900561698
292,34516,0.13327231800754308
292,34517,0.272063266068393
292,34518,0.03423386848642674
292,34519,0.10923683518684646
292,34520,0.1325032960966126
292,34521,0.015103672708046975
292,34522,0.0400970814623118
292,34523,0.08774989023595271
292,34524,0.3066352177496123
292,34525,0.02771092182757505
292,34526,0.13661702751314905
292,34527,0.0777387060579832
292,34528,0.0836864782584248
292,34529,0.0459699114960498
292,34530,0.19553298131015082
292,34531,0.23042866216083002
292,34532,0.15226244655579932
292,34533,0.05766909853246882
292,34534,0.054318574466093145
292,34535,0.04755710022332234
292,34536,0.55138660361914
292,34537,0.4817040995416789
292,34538,0.1581635178858132
292,34539,0.15326743438614088
292,34540,0.17181588611140142
292,34541,1.3177615195114327
292,34542,0.12686581359232665
292,34543,0.16774617629717342
292,34544,0.10826196029309516
292,34545,0.04771243531148777
292,34546,0.0619508682076559
292,34547,0.023761412700265463
292,34548,0.05562550910254732
292,34601,0.022137794864603995
292,34602,0.024937453230282403
292,34603,0.06803051607267346
292,34604,0.013956997305596148
292,34605,0.031988256432801225
292,34606,0.05600008732215595
292,34607,0.023381708278606583
292,34608,0.09729560114667639
292,34609,0.010156191811113513
292,34610,0.04176084710682347
292,34611,0.021426616811405567
292,34612,0.023199025009435645
292,34613,0.2669520810420408
292,34614,0.036006650104792856
292,34615,0.10654045352832883
292,34616,0.3371816436140629
292,34617,0.13485891390263044
292,34618,1.4678449340837203
292,34619,0.4681114731823278
292,34620,0.06434453305481136
292,34621,0.014492704143174533
292,34622,0.07897080613569689
292,34623,0.04844005606169487
292,34624,0.11733750115528047
292,34625,0.648429200493072
292,34626,0.14980332586442985
292,34627,0.4259703659601202
292,34628,0.16224158141073805
292,34629,0.34604545411909576
292,34630,0.49233890585114803
292,34631,0.3640296928142758
292,34632,0.34707586986499267
292,34633,0.333127739754284
292,34634,0.41950156563694013
292,34635,0.07391431161015687
292,34636,0.08564358219438893
292,34637,0.21604071739941355
292,34638,0.29938515432472074
292,34639,0.22216140138245336
292,34640,0.13698235461236805
292,34641,0.07608407989885763
292,34642,0.8262693683357848
292,34643,0.2010119133281514
292,34644,0.08135135353093784
292,34645,0.08542128767361376
292,34646,0.03217817157064165
292,34647,0.0706057993466988
292,34648,0.06359912899521061
292,34701,0.024751255945983798
292,34702,0.08106226038435294
292,34703,0.020768071714942073
292,34704,0.06372520384754363
292,34705,0.010734030336942956
292,34706,0.039890918252403436
292,34707,0.04145322257679686
292,34708,0.06206797066987388
292,34709,0.0288098529736335
292,34710,0.053541683499165264
292,34711,0.048028428680621786
292,34712,0.017421218376776067
292,34713,0.04862873238262604
292,34714,0.029160010783465216
292,34715,0.5359253261590956
292,34716,0.03130373947777184
292,34717,0.019632832633910385
292,34718,0.06317608355494594
292,34719,0.05455964624469781
292,34720,0.0627267236261965
292,34721,0.06098779332715636
292,34722,0.018624421277665837
292,34723,0.06143447725323978
292,34724,0.018931028480360754
292,34725,0.06540651734536262
292,34726,0.06576177635256693
292,34727,0.019835718522508154
292,34728,0.06641235763322742
292,34729,0.020688106801601987
292,34730,0.03809486519551653
292,34731,0.01058787635620545
292,34732,0.06383798412868705
292,34733,0.018682463502024255
292,34734,0.03951141139818734
292,34735,0.07006799074460776
292,34736,0.30037277120751976
292,34737,0.19521165571343196
292,34738,0.26460099158065425
292,34739,0.09322152788427221
292,34740,0.5613996636894427
292,34741,0.1682910149732563
292,34742,0.15943210736687274
292,34743,0.29256369120567643
292,34744,0.39680040478805895
292,34745,0.046890735529932934
292,34746,0.06354011559335371
292,34747,0.040369363962819343
292,34748,0.055636417793854635
292,34801,0.03728592452160611
292,34802,0.029328484966161836
292,34803,0.030347741465009802
292,34804,0.033445838451103195
292,34805,0.06586102408841295
292,34806,0.02976555176441328
292,34807,0.04153249770484892
292,34808,0.06238921928490453
292,34809,0.013673217767646358
292,34810,0.06084866061946284
292,34811,0.01944879563185508
292,34812,0.2940716517950251
292,34813,0.019148290648113925
292,34814,0.0928364165757016
292,34815,0.018946045018260405
292,34816,0.048846756333663886
292,34817,0.020112699577316945
292,34818,0.05264275213323245
292,34819,0.050450106938845045
292,34820,0.01845692826771825
292,34821,0.02506808500369222
292,34822,0.025780507758799
292,34823,0.024423404819183762
292,34824,0.06290793908435363
292,34825,0.1001621604788366
292,34826,0.08700578111406192
292,34827,0.07238423763120906
292,34828,0.03374672410432484
292,34829,0.0750150852244034
292,34830,0.016553085435975865
292,34831,0.046645407083298396
292,34832,0.03718161011911424
292,34833,0.026755688572790336
292,34834,0.3453272738424925
292,34835,0.012067506363474883
292,34836,0.0642282757399172
292,34837,0.0096048822959754
292,34838,0.0779220032069676
292,34839,0.06229604472982457
292,34840,0.34548162735218624
292,34841,0.31697948646956187
292,34842,0.3929993381526275
292,34843,0.80597718154976
292,34844,0.4403915747257395
292,34845,0.0820062782993583
292,34846,0.05827949945679303
292,34847,0.0626410529530617
292,34848,0.0599377531482903
292,34901,0.02861116252965956
292,34902,0.024658335177160987
292,34903,0.041762175803330685
292,34904,0.0435290204347937
292,34905,0.04699588390775359
292,34906,0.062266511396365055
292,34907,0.10574978776036989
292,34908,0.010678547324049903
292,34909,0.05514646770914657
292,34910,0.038112993599001124
292,34911,0.053687127550536715
292,34912,0.04191687414680474
292,34913,0.018107925633604586
292,34914,0.050104302130329695
292,34915,0.3404894155117128
292,34916,0.04636552690693083
292,34917,0.029796676947045922
292,34918,0.0643833269966905
292,34919,0.03012984979759609
292,34920,0.07446587996853561
292,34921,0.04958881248852549
292,34922,0.04009831634096314
292,34923,0.020869203640054713
292,34924,0.015162577271382085
292,34925,0.06074299643085786
292,34926,0.013198821315826857
292,34927,0.04382405349343726
292,34928,0.04583581773179381
292,34929,0.061426666449017175
292,34930,0.045694177236226166
292,34931,0.024014261279315267
292,34932,0.06720588834810429
292,34933,0.07998891803293075
292,34934,0.027267001579851086
292,34935,0.3296639977054867
292,34936,0.1146956158682439
292,34937,0.7707739989566758
292,34938,0.43182190184128455
292,34939,0.14139251601779365
292,34940,0.23859581662721746
292,34941,0.5112679915585785
292,34942,0.11346232213843313
292,34943,0.12412393113888825
292,34944,0.10060628505272036
292,34945,0.050129641256863755
292,34946,0.040898054707827404
292,34947,0.06193556802916212
292,34948,0.04286324851322709
292,35001,0.051078669806655146
292,35002,0.05094412519676052
292,35003,0.018270314799748527
292,35004,0.1187267065577903
292,35005,0.016952902370374674
292,35006,0.03800653566153528
292,35007,0.06576813415770062
292,35008,0.05456051995260255
292,35009,0.07856852221573608
292,35010,0.06736138424891368
292,35011,0.06355049021831102
292,35012,0.06510743605248404
292,35013,0.052882749860173967
292,35014,0.4798427896116577
292,35015,0.09501413431090584
292,35016,0.026717963565052488
292,35017,0.07139011100922098
292,35018,0.029698338569990695
292,35019,0.07112251875450742
292,35020,0.05368573905951344
292,35021,0.019846038401966665
292,35022,0.07312612610344084
292,35023,0.030856459114177674
292,35024,0.08027023320483152
292,35025,0.02722143473137279
292,35026,0.025649261389200012
292,35027,0.027723061324107016
292,35028,0.05716046908007773
292,35029,0.04918499862648526
292,35030,0.035436913378205606
292,35031,0.028769744977742283
292,35032,0.010077113641672764
292,35033,0.08817677193136486
292,35034,0.04093148043680616
292,35035,0.07095090818884242
292,35036,0.16898457781937942
292,35037,0.15065295568332973
292,35038,0.11339732587059562
292,35039,0.05331447328122531
292,35040,0.10183562594324443
292,35041,0.10560584433057148
292,35042,0.0940640465427511
292,35043,0.5163562285449409
292,35044,0.44243243616036454
292,35045,0.12297243417133485
292,35046,0.05025715004566644
292,35047,0.06183480340942262
292,35048,0.05183349936163916
292,35101,0.048437540641725965
292,35102,0.015212720817223925
292,35103,0.06488687736693916
292,35104,0.041116990427014374
292,35105,0.07676643484736964
292,35106,0.07273749159551202
292,35107,0.03426572977099362
292,35108,0.062099579439093784
292,35109,0.03916048213228239
292,35110,0.08664353889046528
292,35111,0.021461924557093764
292,35112,0.09424854690773231
292,35113,0.020672768351198165
292,35114,0.35523560789214986
292,35115,0.2292760279852376
292,35116,0.04401729618677368
292,35117,0.0473175050098484
292,35118,0.02479142856377132
292,35119,0.04258192411337211
292,35120,0.10502552728118744
292,35121,0.04753529165483694
292,35122,0.06278497171474558
292,35123,0.0163354127313994
292,35124,0.08618726968910376
292,35125,0.011596956597499522
292,35126,0.07554502352894814
292,35127,0.042554743315426594
292,35128,0.04838005565000684
292,35129,0.03946120160324071
292,35130,0.03871352979828408
292,35131,0.07412433017731426
292,35132,0.0253974445393869
292,35133,0.022629093865467853
292,35134,0.025172724133874103
292,35135,0.5372715666987296
292,35136,0.01102068141914171
292,35137,0.032039879108575725
292,35138,0.023714032160964234
292,35139,0.020774943709932745
292,35140,0.04176563992579897
292,35141,0.03637968957853057
292,35142,0.043337027217484524
292,35143,0.021726908007893283
292,35144,0.7485721802105489
292,35145,0.03494246053046081
292,35146,0.08922251641726833
292,35147,0.044863683149164606
292,35148,0.0439984820187875
292,35201,0.05700849923582453
292,35202,0.0366931708590609
292,35203,0.041070788011544346
292,35204,0.05608795460036822
292,35205,0.012315448483589751
292,35206,0.03419904164023913
292,35207,0.0178245772036958
292,35208,0.03644813409137343
292,35209,0.062115357524844476
292,35210,0.039535883838779075
292,35211,0.040737075245663015
292,35212,0.036617940896475305
292,35213,0.020155914895854343
292,35214,0.04513145041333647
292,35215,0.16026214560558805
292,35216,0.20047605480833172
292,35217,0.15874217977277766
292,35218,0.022913401889128916
292,35219,0.4470182354265595
292,35220,0.017921009031380133
292,35221,0.03455185736879241
292,35222,0.053767205075348545
292,35223,0.06475466869950286
292,35224,0.06039526265898004
292,35225,0.03255898743230831
292,35226,0.035990355975420385
292,35227,0.01324133548507986
292,35228,0.08851908632162825
292,35229,0.06354819724056104
292,35230,0.22279981938729387
292,35231,0.1940156380448786
292,35232,0.09598234027926161
292,35233,0.16439905299834506
292,35234,0.05928055347764561
292,35235,0.2787508884736173
292,35236,0.93218372802046
292,35237,1.435912479551857
292,35238,0.7693235331305801
292,35239,0.5572084468984929
292,35240,0.17480924513411564
292,35241,0.19042919269439007
292,35242,0.09998951534895338
292,35243,0.34003570075882134
292,35244,0.25137447426496573
292,35245,0.05277196319201732
292,35246,0.19528195286577194
292,35247,0.08195951943022142
292,35248,0.038841067345547854
292,35301,0.06638458416090456
292,35302,0.05948971201770432
292,35303,0.11510335341141972
292,35304,0.09461635761911155
292,35305,0.028864359137630677
292,35306,0.03247966960445656
292,35307,0.06672663009644736
292,35308,0.056547092204781
292,35309,0.030616900477896617
292,35310,0.05019528706837869
292,35311,0.029188307488910017
292,35312,0.02572452939186162
292,35313,0.020918497796630457
292,35314,0.03941270754013858
292,35315,0.03523054453285596
292,35316,0.1407241050830288
292,35317,0.11612630008826418
292,35318,0.2573566139535224
292,35319,0.2226178850798997
292,35320,0.142962815969598
292,35321,0.10426886150519923
292,35322,0.04255866719947613
292,35323,0.4793034611678893
292,35324,0.020758885114897464
292,35325,0.16009355567191383
292,35326,0.09674623352295647
292,35327,0.06438494773124957
292,35328,0.06524680592002913
292,35329,0.22498117726121505
292,35330,0.16147646193383983
292,35331,0.0786793171129958
292,35332,0.35109321260078047
292,35333,0.86066202907534
292,35334,0.043626453162843956
292,35335,0.04249343667070037
292,35336,0.0411555269863724
292,35337,0.0419423891986329
292,35338,0.054456156170984794
292,35339,0.03297186343101268
292,35340,0.012679035474152195
292,35341,0.09492673194683164
292,35342,0.00840773147071461
292,35343,0.07184584860951435
292,35344,0.08508419206995392
292,35345,0.8985789014438736
292,35346,0.05849731792494299
292,35347,0.029404943033578382
292,35348,0.06078824827782561
292,35401,0.04406097771455863
292,35402,0.08314546313448694
292,35403,0.016803377875703573
292,35404,0.03205158555570571
292,35405,0.035052237650755616
292,35406,0.08060016146035157
292,35407,0.036971946643472024
292,35408,0.04858941524253791
292,35409,0.046606774047039716
292,35410,0.05039569961215145
292,35411,0.0734599080193752
292,35412,0.050015224877091397
292,35413,0.030338725754247415
292,35414,0.019954450760635387
292,35415,0.3571998893873732
292,35416,0.07452820319209531
292,35417,0.043277442616542455
292,35418,0.024872144710418764
292,35419,0.011766106810761434
292,35420,0.045508049045993273
292,35421,0.027170758098000698
292,35422,0.031247117550840316
292,35423,0.03047519663731125
292,35424,0.02922319082095866
292,35425,0.06592866572223699
292,35426,0.048855404899358905
292,35427,0.0597740046074003
292,35428,0.04042859021513163
292,35429,0.06818389389823137
292,35430,0.013422290876533995
292,35431,0.07216204240622316
292,35432,0.009292790585782876
292,35433,0.03357039473623031
292,35434,0.3685145737580933
292,35435,0.04432239153585005
292,35436,0.03672250054971778
292,35437,0.02611769818732477
292,35438,0.03071217304326473
292,35439,0.03779040848021183
292,35440,0.07887651500377711
292,35441,0.11438308575720188
292,35442,0.1399362601408937
292,35443,0.0712957813016982
292,35444,0.07118219756659823
292,35445,0.4916346594797702
292,35446,0.133729909090557
292,35447,0.07682514288487914
292,35448,0.0333434570835425
292,35501,0.0806217882505592
292,35502,0.5305564884630357
292,35503,0.04662983552053864
292,35504,0.033624284458259365
292,35505,0.01824779672436964
292,35506,0.08720781404481347
292,35507,0.029317328389020673
292,35508,0.09181836736041724
292,35509,0.032137359178395684
292,35510,0.060421233256605554
292,35511,0.040946337888494444
292,35512,0.06100175428522227
292,35513,0.035188357227091585
292,35514,0.07317826941531258
292,35515,0.6269934822392543
292,35516,0.05901664051050364
292,35517,0.011859821852257622
292,35518,0.0405791689226388
292,35519,0.015848578716092306
292,35520,0.034512691970643154
292,35521,0.04355019332345437
292,35522,0.018504911510150344
292,35523,0.07108081834537679
292,35524,0.0267454610426706
292,35525,0.03442119103713902
292,35526,0.040338045901588356
292,35527,0.07094412530694126
292,35528,0.027223921087893822
292,35529,0.0213330329997516
292,35530,0.04848250311800722
292,35531,0.02034920365071018
292,35532,0.055227770211050346
292,35533,0.3954743437408226
292,35534,0.10198409548422016
292,35535,0.4500152123144563
292,35536,0.05223442163101713
292,35537,0.030594333473308068
292,35538,0.09518833572448442
292,35539,0.021970950239115227
292,35540,0.02126814118748678
292,35541,0.06099963168566169
292,35542,0.021024398218333618
292,35543,0.04087326625003443
292,35544,0.011487352662513129
292,35545,0.08283185033256185
292,35546,0.07871218926257731
292,35547,0.10492168174105941
292,35548,0.03576699177434815
292,35601,0.07313858052815272
292,35602,0.03901938983782895
292,35603,0.03663792640497422
292,35604,0.08449486248351358
292,35605,0.03503753057649884
292,35606,0.02991689592845799
292,35607,0.03164333453339409
292,35608,0.2456445774019182
292,35609,0.11490995552950614
292,35610,0.052479855723011046
292,35611,0.07088580861173423
292,35612,0.017511958729317902
292,35613,0.10300810832284965
292,35614,0.07379503265696838
292,35615,0.054711887900630723
292,35616,0.05507389852263427
292,35617,0.02096097879588272
292,35618,0.04142615449313137
292,35619,0.04813109540613902
292,35620,0.032216205389721794
292,35621,0.03564369796716811
292,35622,0.0233061083406664
292,35623,0.07737816103358267
292,35624,0.03054340200726987
292,35625,0.04648020681435569
292,35626,0.038270297936778996
292,35627,0.08117642140189921
292,35628,0.4663252439544685
292,35629,0.03888693358248207
292,35630,0.060980470047013395
292,35631,0.033576914529205804
292,35632,0.029441004365921
292,35633,0.05247922768616724
292,35634,0.9261648877499451
292,35635,0.14131131016322024
292,35636,0.09723068741060716
292,35637,0.017903768712095498
292,35638,0.04500309495650214
292,35639,0.029248405056324207
292,35640,0.07829070673144473
292,35641,0.10083893854044151
292,35642,0.12936388101395463
292,35643,0.0707415608494103
292,35644,0.043711661683155593
292,35645,0.09003652713431493
292,35646,0.037257366140166684
292,35647,0.027158599446534277
292,35648,0.06433244263240843
292,35701,0.06660490093983613
292,35702,0.07838964388250365
292,35703,0.028096401515276155
292,35704,0.07669882523915597
292,35705,0.06675971271819488
292,35706,0.026100934548199353
292,35707,0.506205281422844
292,35708,0.06029163496312479
292,35709,0.03465155201604252
292,35710,0.07206132413270569
292,35711,0.07429052463735017
292,35712,0.02838789746735613
292,35713,0.06022002133751572
292,35714,0.08254306019086832
292,35715,0.030802901925771693
292,35716,0.032141750116429495
292,35717,0.07434022146985558
292,35718,0.09190070659633856
292,35719,0.045926437757087935
292,35720,0.07944181566589958
292,35721,0.09552619066606052
292,35722,0.09176865203853121
292,35723,0.0668729363222202
292,35724,0.12154996317361517
292,35725,0.7069041312350832
292,35726,0.0490125967092527
292,35727,0.03423660870243389
292,35728,0.07984711439827892
292,35729,0.05849652676577233
292,35730,0.06511010560223392
292,35731,0.06169034141579765
292,35732,0.09861070165960405
292,35733,0.08727993367209669
292,35734,0.03713673930114338
292,35735,0.142469640678785
292,35736,0.10874916483641349
292,35737,0.2287152936282156
292,35738,0.48029201815496375
292,35739,0.1080323585705155
292,35740,0.12086886797329631
292,35741,0.960737487335789
292,35742,0.06424983766971173
292,35743,0.09034805248838232
292,35744,0.03907554297293542
292,35745,0.05266260449683435
292,35746,0.06018724799351071
292,35747,0.016655192248522712
292,35748,0.05384309348355271
292,35801,0.02791777717218265
292,35802,0.08042703577537219
292,35803,0.05010240309720621
292,35804,0.08138652980725566
292,35805,0.04087901703245349
292,35806,0.016864727739025153
292,35807,0.04472953712087196
292,35808,0.02761415511435605
292,35809,0.009363860916787948
292,35810,0.0744940946340966
292,35811,0.032999305283348254
292,35812,0.04275459178574727
292,35813,0.029847467826039895
292,35814,0.6330629574601491
292,35815,0.1332108606628755
292,35816,0.03882663858561377
292,35817,0.021342342211742825
292,35818,0.0261542830578615
292,35819,0.02443404326793635
292,35820,0.03185262237767425
292,35821,0.019226095340332223
292,35822,0.045541427538565174
292,35823,0.014907592513711286
292,35824,0.047359763816192495
292,35825,0.015047829553825097
292,35826,0.035218746617498235
292,35827,0.03853327824194894
292,35828,0.01682828560542757
292,35829,0.02918724245364425
292,35830,0.032818251070452234
292,35831,0.04453055683710295
292,35832,0.056814258726078176
292,35833,0.64016204347163
292,35834,0.056920276865277036
292,35835,0.05400786908505455
292,35836,0.015051990061716317
292,35837,0.06941386420880967
292,35838,0.03845162760360446
292,35839,0.06473510562919366
292,35840,0.026226710722911172
292,35841,0.011633845465581627
292,35842,0.07254546277654798
292,35843,0.0050022530258607536
292,35844,0.07965225714641844
292,35845,0.03904099812882665
292,35846,0.027890619492444313
292,35847,0.024841144058209412
292,35848,0.036236782997534606
292,35901,0.05893715774632107
292,35902,0.01391939532717567
292,35903,0.07475904053247391
292,35904,0.03250716682772352
292,35905,0.03129889864405632
292,35906,0.12213462862735436
292,35907,0.24832945268207654
292,35908,0.04113380379626878
292,35909,0.021562241741899954
292,35910,0.05381080819972706
292,35911,0.007919428363068123
292,35912,0.07506994904992272
292,35913,0.018201818125003003
292,35914,0.04003819638600631
292,35915,0.07970683999967745
292,35916,0.018157524481888128
292,35917,0.010437269199340985
292,35918,0.018238463530950037
292,35919,0.021581099784378915
292,35920,0.08936830345880988
292,35921,0.01417735012260182
292,35922,0.04316404908596313
292,35923,0.034533628107152596
292,35924,0.042751681938192315
292,35925,0.06397654196696706
292,35926,0.009046153391416392
292,35927,0.3242383111972481
292,35928,0.025269644920294782
292,35929,0.03476965748846363
292,35930,0.01950734439509288
292,35931,0.029021240269548044
292,35932,0.04375901453763107
292,35933,0.01267642040002192
292,35934,0.018491450941711292
292,35935,0.042057544300521964
292,35936,0.019010530444179954
292,35937,0.08491481620260377
292,35938,0.01814201713875709
292,35939,0.025728163546345894
292,35940,0.041678740868289516
292,35941,0.037266463820623014
292,35942,0.04258567769821029
292,35943,0.07390092574288203
292,35944,0.0576353188539085
292,35945,0.07290036443243401
292,35946,0.015714415590800765
292,35947,0.0670442627056401
292,35948,0.040100636418224485
292,36001,0.02489647956768396
292,36002,0.15793400920749284
292,36003,0.009952130873780416
292,36004,0.07338861792649987
292,36005,0.025398900978690107
292,36006,0.010555443167511884
292,36007,0.0416132086509793
292,36008,0.009061607627509525
292,36009,0.056738364430745966
292,36010,0.04372565168603813
292,36011,0.043964692471137164
292,36012,0.032066443197636595
292,36013,0.014373440897365385
292,36014,0.0749269761578768
292,36015,0.013790131150403928
292,36016,0.01795254133000797
292,36017,0.02790532332780437
292,36018,0.013464773082077542
292,36019,0.02805474869625152
292,36020,0.027539233949519158
292,36021,0.044289325982992234
292,36022,0.03726136143213108
292,36023,0.5010686933403341
292,36024,0.08755593384802904
292,36025,0.03339620444953965
292,36026,0.030010750083218494
292,36027,0.06036892868697109
292,36028,0.020582532925429477
292,36029,0.01597752386700073
292,36030,0.05512889641029923
292,36031,0.023595845138134237
292,36032,0.036660424826040185
292,36033,0.028561858713128076
292,36034,0.053685343450872156
292,36035,0.03153989745887134
292,36036,0.03288569097955659
292,36037,0.08200636888041103
292,36038,0.01972286096363178
292,36039,0.0603623755810846
292,36040,0.04227189391715027
292,36041,0.014767842762960363
292,36042,0.06955912279176567
292,36043,0.024430589325821345
292,36044,0.03298754535249511
292,36045,0.1147141059126703
292,36046,0.13701609471457687
292,36047,0.028357806671539004
292,36048,0.020749892258841097
292,36101,0.025994468316252343
292,36102,0.0718422303829926
292,36103,0.04401285776639832
292,36104,0.03575661711776394
292,36105,0.03992904001619249
292,36106,0.04233311980617689
292,36107,0.05550117575856775
292,36108,0.012329512575517945
292,36109,0.09835496394183652
292,36110,0.015285044979488687
292,36111,0.038279738393222865
292,36112,0.032512768827869735
292,36113,0.01702309313472229
292,36114,0.027737066751017954
292,36115,0.015873915707246118
292,36116,0.023253528742610816
292,36117,0.4633308766916078
292,36118,0.03714629521246093
292,36119,0.06447296573581858
292,36120,0.031067121353759344
292,36121,0.050770627687018934
292,36122,0.01159175796921645
292,36123,0.06294121326028937
292,36124,0.008425596279421722
292,36125,0.06367180895755938
292,36126,0.020290967959398238
292,36127,0.04288652671004252
292,36128,0.04660526679778072
292,36129,0.024527588156615883
292,36130,0.0487000913327233
292,36131,0.02832856509108628
292,36132,0.08009669881451263
292,36133,0.06570003086357
292,36134,0.011673911765162503
292,36135,0.01614687158699375
292,36136,0.6371913971634414
292,36137,0.17716870307186272
292,36138,0.12182582636792669
292,36139,0.8199300293576162
292,36140,0.17431516463842692
292,36141,0.07125616123275491
292,36142,0.08203139991231641
292,36143,0.0468744327870726
292,36144,0.020360121621990128
292,36145,0.08066927608970931
292,36146,0.06366891626924027
292,36147,0.04057376626711544
292,36148,0.03328268508573875
292,36201,0.04829273490085443
292,36202,0.04948650458497214
292,36203,0.03610791979038607
292,36204,0.056386324717621526
292,36205,0.06425808186129463
292,36206,0.08371423609320118
292,36207,0.020125226255698167
292,36208,0.03305658460069224
292,36209,0.3885076859090822
292,36210,0.012511030679880828
292,36211,0.06976382031856708
292,36212,0.053566582535372845
292,36213,0.02923087389002265
292,36214,0.030573397131039848
292,36215,0.02268355277120742
292,36216,0.24753870779730103
292,36217,0.1623071834079521
292,36218,0.1582105701946765
292,36219,0.10212167456255733
292,36220,0.2825006364838755
292,36221,0.06995909319109614
292,36222,0.08487581882184858
292,36223,0.5645992361443302
292,36224,0.14605095434752288
292,36225,0.09213981152032598
292,36226,0.070063959106048
292,36227,0.052015220084452814
292,36228,0.04197844958254155
292,36229,0.018666520031282833
292,36230,0.03437357266284155
292,36231,0.06074201983267055
292,36232,0.03320011452855574
292,36233,0.061747542135997154
292,36234,0.04594743296911159
292,36235,0.07807997912458785
292,36236,0.023416462044506946
292,36237,0.8152851226145534
292,36238,0.21804491369308346
292,36239,0.9728995427775355
292,36240,0.15285108729134425
292,36241,0.15348195230265
292,36242,0.10192604661698557
292,36243,0.12006432154482169
292,36244,0.0630391310769774
292,36245,0.03288687598030961
292,36246,0.03448566664929458
292,36247,0.022786917295413895
292,36248,0.024782724122397157
292,36301,0.0602659923265641
292,36302,0.04873415677006175
292,36303,0.047284227808594904
292,36304,0.06619616588498861
292,36305,0.03456324010211257
292,36306,0.07367418707149105
292,36307,0.2161698828989329
292,36308,0.027717162304136646
292,36309,0.0638201622754737
292,36310,0.02960752811975911
292,36311,0.06994302197593182
292,36312,0.06530777178323455
292,36313,0.09411464961095475
292,36314,0.10548077177228188
292,36315,0.03483703092476514
292,36316,0.08171748821848385
292,36317,0.2448184124431872
292,36318,0.3722807801978091
292,36319,0.0832938360427605
292,36320,0.040277231560092254
292,36321,0.02893851162244616
292,36322,0.040207953961627296
292,36323,0.31704450521442656
292,36324,0.0296075168362068
292,36325,0.10343491234280677
292,36326,0.037807940061930265
292,36327,0.029508154353216975
292,36328,0.15564645931237528
292,36329,0.23187375975358396
292,36330,0.1587218978576743
292,36331,0.13095586931892383
292,36332,0.050487030326512444
292,36333,0.11335299508246886
292,36334,0.1539442401101049
292,36335,0.07484334985189114
292,36336,0.235377341633786
292,36337,0.6767164338027245
292,36338,0.24860205132734894
292,36339,0.7877262734243821
292,36340,0.1520483340697128
292,36341,0.05879410687962153
292,36342,0.16204772763782932
292,36343,0.4078739807217781
292,36344,0.04607797104159891
292,36345,0.07171357359233897
292,36346,0.049988226781993
292,36347,0.038186996991069505
292,36348,0.05500281161137725
292,36401,0.049197254828692645
292,36402,0.033622374786500625
292,36403,0.07010616867267072
292,36404,0.051810620279294166
292,36405,0.03228379704945033
292,36406,0.029228817053108497
292,36407,0.03607971159044558
292,36408,0.05289359536953002
292,36409,0.03782620505618723
292,36410,0.04781043999449813
292,36411,0.02975678034517695
292,36412,0.07459626305854607
292,36413,0.045461370970617115
292,36414,0.051913808899105796
292,36415,0.030913133239915434
292,36416,0.1678597910199252
292,36417,0.02380190779347153
292,36418,0.08600635725321458
292,36419,0.022776467374840497
292,36420,0.04850231363653301
292,36421,0.036244544865675105
292,36422,0.005874529707452788
292,36423,0.04203431825737214
292,36424,0.030164629283083264
292,36425,0.013085055421502817
292,36426,0.07762383031697447
292,36427,0.046538230202150394
292,36428,0.022133608681709164
292,36429,0.09228646899074515
292,36430,0.012546667705286377
292,36431,0.06677807563230051
292,36432,0.05054808368442002
292,36433,0.02005191752477345
292,36434,0.09010444599057182
292,36435,0.4769752464184048
292,36436,0.027068294419493558
292,36437,0.0829584865619148
292,36438,0.0872906618243052
292,36439,0.08422100447561238
292,36440,0.06043643429207819
292,36441,0.09678689130761876
292,36442,0.09504885431985959
292,36443,0.08587003995911494
292,36444,0.03818927420585725
292,36445,0.032293755676687214
292,36446,0.10222210908512884
292,36447,0.034122538531551026
292,36448,0.06919757829822822
292,36501,0.06342019146831065
292,36502,0.009123623109988089
292,36503,0.054328017175638524
292,36504,0.03739814806231633
292,36505,0.06318716565262195
292,36506,0.26919976162355014
292,36507,0.019408857118554546
292,36508,0.022837616396616692
292,36509,0.0178089686772709
292,36510,0.023183486258453845
292,36511,0.06841052780848916
292,36512,0.017388980453689907
292,36513,0.06078805560343768
292,36514,0.023764769495087597
292,36515,0.7927693043650672
292,36516,0.15684790321978442
292,36517,0.05232769522443647
292,36518,0.022347119758258583
292,36519,0.04767156623167254
292,36520,0.09472698584693459
292,36521,0.01356254240767046
292,36522,0.022107110415065977
292,36523,0.053621004982625016
292,36524,0.018253918068913293
292,36525,0.02303557240216386
292,36526,0.051221132825668036
292,36527,0.006866176084994169
292,36528,0.058309088890145085
292,36529,0.04136557673444444
292,36530,0.024923488271679083
292,36531,0.09405688523479222
292,36532,0.049939353447661955
292,36533,0.028080862001744835
292,36534,0.03540365857840263
292,36535,0.041517620280920736
292,36536,0.03905013778322665
292,36537,0.1326941554702447
292,36538,0.5610886450332214
292,36539,0.13657066503343757
292,36540,1.3546516849516117
292,36541,0.4895265365087866
292,36542,0.13286990918336195
292,36543,0.5752043436236595
292,36544,0.06422551147050469
292,36545,0.11266535051738207
292,36546,0.05734120192077289
292,36547,0.02474632927533103
292,36548,0.06276090990783673
292,36601,0.014526108783265544
292,36602,0.031742785773674884
292,36603,0.03406837166229035
292,36604,0.029023924797456208
292,36605,0.0851279375499761
292,36606,0.03540622978540138
292,36607,0.04376945409245641
292,36608,0.021462521797653185
292,36609,0.02480449107675444
292,36610,0.04131265221683453
292,36611,0.020043271102774474
292,36612,0.07420838014746578
292,36613,0.07879548145117661
292,36614,0.047041637969178096
292,36615,0.06429591636233442
292,36616,0.5784097776306067
292,36617,0.056441571075577214
292,36618,0.05344065251215201
292,36619,0.12224851997609966
292,36620,0.2974928624861101
292,36621,0.15544995685173416
292,36622,0.803668866186418
292,36623,0.5862139746103603
292,36624,0.5446792843355329
292,36625,0.5514565630021023
292,36626,0.3380572934777655
292,36627,0.3585331528710551
292,36628,0.23305026295578024
292,36629,0.34670509488263757
292,36630,0.5373195558207939
292,36631,0.02890949657150445
292,36632,0.09245957706623
292,36633,0.03463508594582423
292,36634,0.0438322998931095
292,36635,0.05557534944010818
292,36636,0.07340570562783648
292,36637,0.06051416645676747
292,36638,0.04607821325411657
292,36639,0.23493238203434375
292,36640,0.667392032293134
292,36641,0.16317165249498572
292,36642,0.04826634474544512
292,36643,0.060104429814051695
292,36644,0.0642832572321969
292,36645,0.04428696792585174
292,36646,0.07829296849172977
292,36647,0.093983456832313
292,36648,0.01743089804579989
292,36701,0.08990748487044525
292,36702,0.04140665443309855
292,36703,0.045368214859642486
292,36704,0.05057699242920503
292,36705,0.06423791821549667
292,36706,0.04029370227308791
292,36707,0.04741548537696956
292,36708,0.04823208007068955
292,36709,0.035105811139682065
292,36710,0.029515220379556367
292,36711,0.15363645332704376
292,36712,0.33401090438752745
292,36713,0.015192067693408171
292,36714,0.09189945477083962
292,36715,0.011963626446477478
292,36716,0.08183226602339304
292,36717,0.2724781038129073
292,36718,0.14409809071934418
292,36719,0.085780844450772
292,36720,0.11602129060888375
292,36721,0.3407127152574134
292,36722,0.10717643506678472
292,36723,0.1433834773158133
292,36724,0.5681180651284289
292,36725,0.0587093924727856
292,36726,0.02730415835958097
292,36727,0.04043084967378935
292,36728,0.047168285040647635
292,36729,0.019376264420444066
292,36730,0.07794539627423737
292,36731,0.022217796753434188
292,36732,0.016194895059665888
292,36733,0.11988209382362694
292,36734,0.1549571187881566
292,36735,2.077917969171051
292,36736,0.6508662289729384
292,36737,0.18080059193288722
292,36738,0.3924762731720158
292,36739,0.4353736946644286
292,36740,0.08898042345227469
292,36741,0.09381417550344234
292,36742,0.11478618668688932
292,36743,0.09281612287625679
292,36744,0.10149130146222585
292,36745,0.02874131128387154
292,36746,0.0385550156295706
292,36747,0.038399642348839004
292,36748,0.016749382504715412
292,36801,0.03713075203051971
292,36802,0.08427313745156334
292,36803,0.026015946791952082
292,36804,0.06617045608939752
292,36805,0.031887578582903885
292,36806,0.07696254343486002
292,36807,0.044050214304306855
292,36808,0.015207567015489018
292,36809,0.04619323502129144
292,36810,0.051335344914189264
292,36811,0.39420371683689187
292,36812,0.03835437941690701
292,36813,0.08356659182143174
292,36814,0.02333749733213428
292,36815,0.11727377945797564
292,36816,0.09682327268542508
292,36817,0.08422661431955934
292,36818,0.12141201475604448
292,36819,0.4370015022254691
292,36820,0.08455850547241649
292,36821,0.034746188382266036
292,36822,0.0339062263066858
292,36823,0.071466752288519
292,36824,0.01597868435918892
292,36825,0.056838315424808675
292,36826,0.013981193815195128
292,36827,0.09202211647858193
292,36828,0.13654875298075775
292,36829,0.09846257299595101
292,36830,0.4900532151232761
292,36831,0.17008837585515293
292,36832,0.07391903384326486
292,36833,0.07937560766350026
292,36834,0.07394819796318841
292,36835,0.1615923908023775
292,36836,0.16947982937618097
292,36837,0.08274462362687623
292,36838,0.1249303479193097
292,36839,0.5273373684912355
292,36840,0.1621022431776075
292,36841,0.2009084892255853
292,36842,0.1179567651884968
292,36843,0.09094339410114213
292,36844,0.10105155558054378
292,36845,0.09260421439679832
292,36846,0.08408325389657
292,36847,0.06357131966502441
292,36848,0.07570149930659006
292,36901,0.065401769597344
292,36902,0.01580962329024542
292,36903,0.04159352527797461
292,36904,0.03955800498534603
292,36905,0.03151911873907847
292,36906,0.08047575875712233
292,36907,0.01623092298793673
292,36908,0.11623668629800032
292,36909,0.03278408525143334
292,36910,0.045318944764866385
292,36911,0.012886134073518182
292,36912,0.06024836378391049
292,36913,0.041682941856998286
292,36914,0.05473572684557101
292,36915,0.34740762668101427
292,36916,0.02329774442256912
292,36917,0.0549382002962279
292,36918,0.05982625969909331
292,36919,0.011089088167865791
292,36920,0.03450810561830137
292,36921,0.04259785783347917
292,36922,0.05875078663807986
292,36923,0.040117924999820136
292,36924,0.04077577759698907
292,36925,0.041314171991732006
292,36926,0.039898732406383086
292,36927,0.04181902163645314
292,36928,0.03180191359852541
292,36929,0.06682653350209261
292,36930,0.01854920852697413
292,36931,0.03981889457661655
292,36932,0.011840642578960087
292,36933,0.024298582760538916
292,36934,0.03738405348141624
292,36935,0.2880862024389993
292,36936,0.1823034797259798
292,36937,0.3779910874631474
292,36938,0.16869293801304192
292,36939,0.04165235825106693
292,36940,0.8498111784001101
292,36941,0.3741735742576114
292,36942,0.06869791940570653
292,36943,0.08599944188173499
292,36944,0.03616837031294557
292,36945,0.03875882849225666
292,36946,0.059432246806337505
292,36947,0.09776407377806744
292,36948,0.00985419956074622
292,37001,0.030069011343886825
292,37002,0.04114442688513715
292,37003,0.07104478218455383
292,37004,0.030074161003842827
292,37005,0.06014700481479795
292,37006,0.060938409505571875
292,37007,0.05730778425518879
292,37008,0.06912032779303344
292,37009,0.0328640594652431
292,37010,0.04505338987449596
292,37011,0.04161593313809836
292,37012,0.3737370701925172
292,37013,0.027713640123106727
292,37014,0.05166240079035977
292,37015,0.029971711303679607
292,37016,0.05074585399771921
292,37017,0.010027765151775381
292,37018,0.05227198837891793
292,37019,0.010400450101380286
292,37020,0.06938426872707569
292,37021,0.022081408711010404
292,37022,0.020892977190223563
292,37023,0.04688419931370164
292,37024,0.04789625617232166
292,37025,0.04483117390910025
292,37026,0.036203376743615935
292,37027,0.034350351298605405
292,37028,0.02808790435899089
292,37029,0.009221303859877666
292,37030,0.07469671138710399
292,37031,0.426549497930721
292,37032,0.017848887193692355
292,37033,0.03458385139460493
292,37034,0.03620674728270532
292,37035,0.018972323068391056
292,37036,0.2110057118083942
292,37037,0.07550884661548897
292,37038,0.11943036577154327
292,37039,0.5934693640979397
292,37040,1.009814382868164
292,37041,0.29326556270044296
292,37042,0.08336321467606408
292,37043,0.12270868766330992
292,37044,0.04570268619700895
292,37045,0.053662418968389684
292,37046,0.02346222581286317
292,37047,0.05242166124182575
292,37048,0.03500547275052587
292,37101,0.03519740966259257
292,37102,0.09761706493131977
292,37103,0.04750217647889184
292,37104,0.08946878343970993
292,37105,0.0437412010975136
292,37106,0.05444912583215859
292,37107,0.08881709704790768
292,37108,0.022227859543289635
292,37109,0.06928139484796454
292,37110,0.30362847989030506
292,37111,0.03504496438050247
292,37112,0.020140764293785612
292,37113,0.02661130873878319
292,37114,0.017498502462120504
292,37115,0.03922941954924434
292,37116,0.02351190715507553
292,37117,0.035814816285422754
292,37118,0.025256284245166856
292,37119,0.029949048530893876
292,37120,0.05467584802514236
292,37121,0.017102235114180814
292,37122,0.05483484568385129
292,37123,0.008626515904606766
292,37124,0.022551846367205846
292,37125,0.2737568936769529
292,37126,0.06947457373316446
292,37127,0.03672348563818562
292,37128,0.049645262115152876
292,37129,0.020867641784132154
292,37130,0.0421320742763356
292,37131,0.05957184358596005
292,37132,0.07480222741311553
292,37133,0.08980068225611364
292,37134,0.04692987706230212
292,37135,0.06909379860737344
292,37136,0.41344490660903593
292,37137,0.008407257799329482
292,37138,0.09755299230075941
292,37139,0.026083626849802293
292,37140,0.07116821641927441
292,37141,0.14619761463259934
292,37142,0.15231438516093704
292,37143,0.13970529915210328
292,37144,0.11330026176664357
292,37145,0.030420955018861127
292,37146,0.07375753753574565
292,37147,0.014276727932447417
292,37148,0.03482479277332911
292,37201,0.023515965986218832
292,37202,0.06773330187700967
292,37203,0.03195655908951833
292,37204,0.06016907834469188
292,37205,0.05720261723666872
292,37206,0.20688715700004218
292,37207,0.06765642381968982
292,37208,0.02465750665738656
292,37209,0.038013668057141375
292,37210,0.026655493187113133
292,37211,0.03826861690654591
292,37212,0.03595962074588111
292,37213,0.02354128398991134
292,37214,0.03095545787304892
292,37215,0.03734975467187234
292,37216,0.02902298952792355
292,37217,0.03646269902328067
292,37218,0.02202353532040437
292,37219,0.012766197648776512
292,37220,0.09475184490554588
292,37221,0.16869668077737612
292,37222,0.029591891507447798
292,37223,0.06625247048895222
292,37224,0.07352658253324698
292,37225,0.14881487159541495
292,37226,0.01615387641783685
292,37227,0.05354052514173547
292,37228,0.04593582226396416
292,37229,0.040590038445200746
292,37230,0.06598465051982844
292,37231,0.011672802764531994
292,37232,0.08018228234213698
292,37233,0.015654035477810763
292,37234,0.03142123055105588
292,37235,0.059034331751962855
292,37236,0.015142651797248278
292,37237,0.3572646787986692
292,37238,0.698743145509731
292,37239,1.290395896943445
292,37240,0.7386483756171282
292,37241,0.2251092904068513
292,37242,0.4026533881658115
292,37243,0.22287266787275856
292,37244,0.1081351091965194
292,37245,0.07908838913177073
292,37246,0.11522384274316626
292,37247,0.08171108802285824
292,37248,0.061972524716199386
292,37301,0.0988286974525616
292,37302,0.04325731806297446
292,37303,0.06410517463833708
292,37304,0.043673759583466074
292,37305,0.09106979615321506
292,37306,0.07143617970435799
292,37307,0.060979270298599814
292,37308,0.11184266041780119
292,37309,0.018989492047898193
292,37310,0.12477744536633723
292,37311,0.04328341591137681
292,37312,0.4333037714095239
292,37313,0.12395821004595148
292,37314,0.08843720065582834
292,37315,0.2958382460140948
292,37316,0.29528430199248634
292,37317,0.07491630589616508
292,37318,0.19670968133750533
292,37319,0.31627258532616215
292,37320,0.2620695522556131
292,37321,0.032120192616789826
292,37322,0.0684756010129874
292,37323,0.012137890849384398
292,37324,0.058938154087288974
292,37325,0.052910147456394
292,37326,0.01521834283554294
292,37327,0.28977461703475355
292,37328,0.28126731977169467
292,37329,0.2227797270949052
292,37330,0.5159777326966045
292,37331,0.35141951063347887
292,37332,0.7093664344307724
292,37333,0.07203357660448348
292,37334,0.08731023375836279
292,37335,0.025961933060294342
292,37336,0.6771111170420094
292,37337,0.49771969594706444
292,37338,0.2608524426502997
292,37339,0.4529445585120151
292,37340,1.9087177144978287
292,37341,0.2060317526286801
292,37342,0.22037227213410385
292,37343,0.11335646350145363
292,37344,0.1281480121124719
292,37345,0.09515847618540588
292,37346,0.0343694603003349
292,37347,0.0894014415039513
292,37348,0.037802533417623366
292,37401,0.044525254512209185
292,37402,0.09898566517699915
292,37403,0.03606621630655332
292,37404,0.08296515340060336
292,37405,0.039065157721219296
292,37406,0.030207336974019203
292,37407,0.03993404437032659
292,37408,0.033184916436102
292,37409,0.07784989664919933
292,37410,0.017339926733140842
292,37411,0.07207960070693105
292,37412,0.5173835536863303
292,37413,0.060633693240211915
292,37414,0.03125511725867694
292,37415,0.09717995468953894
292,37416,0.2989150090854524
292,37417,0.07596486365211277
292,37418,0.2246761698443375
292,37419,0.06398859633928317
292,37420,0.5307036005297994
292,37421,0.012929199356403874
292,37422,0.020722721210544658
292,37423,0.020958561961263368
292,37424,0.05301106203462479
292,37425,0.03137040981834231
292,37426,0.08586663828499727
292,37427,0.029377464641208523
292,37428,0.036526640712155646
292,37429,0.036435010622466395
292,37430,0.118517102870779
292,37431,0.38230239458790716
292,37432,0.21224262186022141
292,37433,0.17701216193723646
292,37434,0.24999960696852425
292,37435,0.8919274266911074
292,37436,0.8496167688930478
292,37437,0.27136671768162046
292,37438,0.8542021388488262
292,37439,0.519229547364592
292,37440,0.5628441146060287
292,37441,0.7522097993635984
292,37442,0.3610952259984521
292,37443,0.06280945685342007
292,37444,0.0120516573245045
292,37445,0.07267197662443008
292,37446,0.05516110606546948
292,37447,0.03815300671949525
292,37448,0.07166420606684784
292,37501,0.05296188237294217
292,37502,0.05657231687263698
292,37503,0.012019004916110644
292,37504,0.029844555050058036
292,37505,0.0070744312566633095
292,37506,0.030041787761117853
292,37507,0.014317417494510818
292,37508,0.021146426585706268
292,37509,0.036015945725081336
292,37510,0.06344129507198111
292,37511,0.03506039755024777
292,37512,0.060157663538421315
292,37513,0.03605192696927332
292,37514,0.060228879826065604
292,37515,0.019568673851712293
292,37516,0.4599750189260305
292,37517,0.037053672891758545
292,37518,0.020479939502226395
292,37519,0.08684783258366027
292,37520,0.043299589791295036
292,37521,0.06064558626639542
292,37522,0.07619574959106996
292,37523,0.03205126753312421
292,37524,0.03972234016015569
292,37525,0.02621316596853853
292,37526,0.035820363734403775
292,37527,0.06054536560747581
292,37528,0.4581872736630218
292,37529,0.05706627557231749
292,37530,0.015016585425436742
292,37531,0.07965468078492548
292,37532,0.03307681449985366
292,37533,0.22315895072738726
292,37534,0.262802988264528
292,37535,0.039163965825914596
292,37536,0.02637087560392865
292,37537,0.02939888885796136
292,37538,0.018351197978693383
292,37539,0.02455852827743835
292,37540,0.06588189177799363
292,37541,0.03030985246589153
292,37542,0.026790912321575377
292,37543,0.013522819924544372
292,37544,0.07815641474405838
292,37545,0.021625397882876565
292,37546,0.05293888860433435
292,37547,0.006342927082548397
292,37548,0.0718949854139805
292,37601,0.06870884852807617
292,37602,0.06847302920012378
292,37603,0.05176576215812636
292,37604,0.037962280298662124
292,37605,0.0424356650887651
292,37606,0.32413526539481197
292,37607,0.013412781231384742
292,37608,0.08154015471244151
292,37609,0.03135069659644904
292,37610,0.09199602264961429
292,37611,0.013542867417696204
292,37612,0.06883346011629579
292,37613,0.031743913277436205
292,37614,0.04638350241984094
292,37615,0.07266963950795945
292,37616,0.490183003208794
292,37617,0.03214098939079243
292,37618,0.01934482632196359
292,37619,0.06154297605781541
292,37620,0.029209063720277775
292,37621,0.02491237386835537
292,37622,0.014112513351096728
292,37623,0.030985117278578802
292,37624,0.011872088717903165
292,37625,0.03969917600763896
292,37626,0.01552069033675369
292,37627,0.0970817897784664
292,37628,0.02398539800572983
292,37629,0.08498366083830877
292,37630,0.02035055027078694
292,37631,0.09175243905390022
292,37632,0.025200297794330473
292,37633,0.028624290810960136
292,37634,0.007094059673399313
292,37635,0.037841459902798524
292,37636,0.021372161311720168
292,37637,0.041387482577825055
292,37638,0.17956009436676007
292,37639,0.4121447540558205
292,37640,0.09109531198461501
292,37641,0.10288851052742884
292,37642,0.08062426179846426
292,37643,0.640819738565427
292,37644,0.05384149580194819
292,37645,0.07104242131151291
292,37646,0.030195785881065796
292,37647,0.02388806161781511
292,37648,0.023556885567524468
292,37701,0.10950078567934055
292,37702,0.016513254507427865
292,37703,0.07266834162345025
292,37704,0.03753115457069739
292,37705,0.07677512394265297
292,37706,0.05551863444410013
292,37707,0.04455666035058646
292,37708,0.0745466384917228
292,37709,0.03354337852299828
292,37710,0.03760775881620879
292,37711,0.06811129181205451
292,37712,0.04438730959089704
292,37713,0.1182297063867064
292,37714,0.05991316126854326
292,37715,0.06478479178328854
292,37716,0.025297516490435004
292,37717,0.2771237077082083
292,37718,0.03600774299290748
292,37719,0.03278116828663216
292,37720,0.031131094657520862
292,37721,0.03777685573164823
292,37722,0.05034967215327538
292,37723,0.024487500211096667
292,37724,0.03686538779224884
292,37725,0.008937538691359454
292,37726,0.022959217199561868
292,37727,0.03075376346705131
292,37728,0.06754925332722914
292,37729,0.013757879458867592
292,37730,0.016307569015600622
292,37731,0.07381413139250968
292,37732,0.01781864468321446
292,37733,0.06725657168429282
292,37734,0.012596623465134418
292,37735,0.07476133674399135
292,37736,0.02430222542948775
292,37737,0.33886118564950823
292,37738,0.2514782139292136
292,37739,0.07582155301547511
292,37740,0.16926862828415046
292,37741,0.7125977089558712
292,37742,0.07032403283712058
292,37743,0.07005488413955738
292,37744,0.027355666752373234
292,37745,0.07914541470808867
292,37746,0.01070724594481935
292,37747,0.06236095054059352
292,37748,0.055683278766058865
292,37801,0.018548117724788076
292,37802,0.0676938382136713
292,37803,0.020353714249010713
292,37804,0.09033013305263994
292,37805,0.062011414991895525
292,37806,0.036285255958384666
292,37807,0.06154067071363889
292,37808,0.030212985947792717
292,37809,0.033800199560828297
292,37810,0.029434106042763607
292,37811,0.06182961553252389
292,37812,0.05606084309710559
292,37813,0.0171612685785606
292,37814,0.281354414597758
292,37815,0.02152939274659951
292,37816,0.07796340740754203
292,37817,0.03218029228176811
292,37818,0.036003119838438916
292,37819,0.03691239516275818
292,37820,0.02388236226629544
292,37821,0.057013103417950524
292,37822,0.01196052251363018
292,37823,0.0941476192884019
292,37824,0.03750206500943651
292,37825,0.04602875479361496
292,37826,0.08394922202296705
292,37827,0.032346262943788257
292,37828,0.055003125013155164
292,37829,0.05825022638620331
292,37830,0.013252375870290305
292,37831,0.09511957548651384
292,37832,0.022839394926879145
292,37833,0.18907842525869012
292,37834,0.11536618355641684
292,37835,1.4109727164818051
292,37836,0.13986959190346895
292,37837,0.046390913109508145
292,37838,0.03401634132524305
292,37839,0.07206325631620546
292,37840,0.018840070211416707
292,37841,0.07617101164257145
292,37842,0.08317493649518977
292,37843,0.09387601140831635
292,37844,0.034081977204176876
292,37845,0.13025825241966532
292,37846,0.11696129737784852
292,37847,0.028725034023282456
292,37848,0.02629289618921548
292,37901,0.10363867280756067
292,37902,0.05361598368527403
292,37903,0.03171011411849373
292,37904,0.08464158061683857
292,37905,0.03235930473892183
292,37906,0.13905601233465512
292,37907,0.04718351516611085
292,37908,0.028356803376395807
292,37909,0.035244130760714525
292,37910,0.008469091063215044
292,37911,0.040203706204284116
292,37912,0.015315307860614774
292,37913,0.0588315519305195
292,37914,0.03959848528843782
292,37915,0.01647345824546581
292,37916,0.05435543858438792
292,37917,0.021808564894423992
292,37918,0.025730665701768726
292,37919,0.05640579945026198
292,37920,0.08996915205212812
292,37921,0.047331814322058484
292,37922,0.0581974332652136
292,37923,0.011586905753631553
292,37924,0.02496142927067173
292,37925,0.06464228790161841
292,37926,0.3107894781123662
292,37927,0.025036647070359474
292,37928,0.020928361324328633
292,37929,0.01295987038830662
292,37930,0.03724261609803679
292,37931,0.01596622739956274
292,37932,0.025413310616006213
292,37933,0.06834896543570383
292,37934,0.024792816039309936
292,37935,0.11829296347976911
292,37936,0.16209565463761705
292,37937,0.26389226551455
292,37938,0.05674055438036282
292,37939,0.23179514974499824
292,37940,0.7102823162325538
292,37941,0.11345440614991871
292,37942,0.08942027330876645
292,37943,0.11199213762471077
292,37944,0.11835748967976158
292,37945,0.03729566503972533
292,37946,0.07631823146064537
292,37947,0.06163254950569646
292,37948,0.050868294038355966
292,38001,0.04795685589051689
292,38002,0.04547096011761586
292,38003,0.06201848408761157
292,38004,0.02282148346997076
292,38005,0.10181398877667887
292,38006,0.012330329735394387
292,38007,0.03199262615048738
292,38008,0.1604721934579046
292,38009,0.09525911185535464
292,38010,0.062210171950880216
292,38011,0.012765812152717307
292,38012,0.019604293221451026
292,38013,0.030335962599706612
292,38014,0.022798344349171513
292,38015,0.10296804997786424
292,38016,0.01888648545092093
292,38017,0.060362641683565296
292,38018,0.06721904150062395
292,38019,0.022579474439807453
292,38020,0.058328009997684574
292,38021,0.06697017686089456
292,38022,0.049103868195912545
292,38023,0.017608336286833056
292,38024,0.05535011140542016
292,38025,0.05388307968672992
292,38026,0.03095674173787687
292,38027,0.04810410688440059
292,38028,0.08035900525611595
292,38029,0.2677198308783383
292,38030,1.009743093544735
292,38031,0.7663537075690422
292,38032,0.38145357131597013
292,38033,0.4338137454191668
292,38034,0.36480209680146797
292,38035,0.35545381141880406
292,38036,0.05095829831600852
292,38037,0.016061285429732442
292,38038,0.15933480571131325
292,38039,0.06180080344057236
292,38040,0.02397847323482119
292,38041,0.07411479926915489
292,38042,0.011580891804223906
292,38043,0.060629650392477946
292,38044,0.383054970602441
292,38045,0.36740760095983127
292,38046,0.03661181921392749
292,38047,0.10575670279432435
292,38048,0.04951883152982145
292,38101,0.0421503052870096
292,38102,0.05885930840776447
292,38103,0.032173405578430056
292,38104,0.018490232210907512
292,38105,0.10475609554343708
292,38106,0.026804858722744823
292,38107,0.05937374052093932
292,38108,0.04335942448392976
292,38109,0.02928011108871057
292,38110,0.07112442025897125
292,38111,0.036543699864314175
292,38112,0.037168731979063833
292,38113,0.06110944435763082
292,38114,0.037547790471981334
292,38115,0.057176319697157314
292,38116,0.1071213411266061
292,38117,0.1516749633148711
292,38118,0.5359051457952273
292,38119,0.06521770290215909
292,38120,0.40874086689062117
292,38121,0.5159016593068163
292,38122,1.0398729921376564
292,38123,0.550416706134896
292,38124,0.19483299810298918
292,38125,0.023846926773499328
292,38126,0.061400812661974835
292,38127,0.04788575185617168
292,38128,0.029787602360347328
292,38129,0.4585956525926685
292,38130,0.5849915175992726
292,38131,0.221680275656703
292,38132,0.4136291910921697
292,38133,0.2375679997244738
292,38134,0.057549182189894146
292,38135,0.05373554938333525
292,38136,0.10287560259328926
292,38137,0.09390022955991982
292,38138,0.12324528144737919
292,38139,0.18853040296468387
292,38140,0.2457827867178194
292,38141,0.0690343902104911
292,38142,0.39632207472439984
292,38143,0.06356568189430974
292,38144,0.09854176986531155
292,38145,0.020023948727923725
292,38146,0.04457568232241398
292,38147,0.06257708961819809
292,38148,0.0711022022622328
292,38201,0.040542233302098364
292,38202,0.06777276191630328
292,38203,0.031079801003568545
292,38204,0.03167526506017289
292,38205,0.08920574953011487
292,38206,0.03298963073831395
292,38207,0.029888638250872235
292,38208,0.029928217894555253
292,38209,0.061779428717958475
292,38210,0.08483335596287489
292,38211,0.016970167358188782
292,38212,0.08946415005413895
292,38213,0.024427855731352636
292,38214,0.0751717066645129
292,38215,0.08820460473185669
292,38216,0.15587816246764138
292,38217,0.048534527808697346
292,38218,0.007939170002059032
292,38219,0.04863635233989387
292,38220,0.016634887309313486
292,38221,0.04617535940060675
292,38222,0.023444254740861568
292,38223,0.01985660621439126
292,38224,0.06708787029795316
292,38225,0.017755877563976587
292,38226,0.07233500307420375
292,38227,0.059287115948705636
292,38228,0.029568760660924447
292,38229,0.04220818064431993
292,38230,0.04169792762318416
292,38231,0.05928026587906725
292,38232,0.048742479357992155
292,38233,0.017493853467495376
292,38234,0.0633264215033281
292,38235,0.02945293734980168
292,38236,0.02404359179643714
292,38237,0.0320114113462374
292,38238,0.21402578537478492
292,38239,0.15763301518225875
292,38240,0.16636505219063652
292,38241,0.766731999125562
292,38242,0.10564902514668295
292,38243,0.09358448328225918
292,38244,0.024166214519890608
292,38245,0.06995838165118383
292,38246,0.03461575007609005
292,38247,0.06918198870112159
292,38248,0.05781513427654865
292,38301,0.016614088812436378
292,38302,0.05194069398704787
292,38303,0.01701128741937845
292,38304,0.08716417959661588
292,38305,0.026450797130192792
292,38306,0.0424722655434932
292,38307,0.05275117175843713
292,38308,0.2011660007515843
292,38309,0.17114716199392288
292,38310,0.05317077149147384
292,38311,0.059182203452466275
292,38312,0.03560187384150357
292,38313,0.0806486136530173
292,38314,0.023772342530068793
292,38315,0.07714572335340035
292,38316,0.0203217728350902
292,38317,0.03988888226669975
292,38318,0.03928019873337772
292,38319,0.01571064696778135
292,38320,0.026400091746951078
292,38321,0.012054384931364298
292,38322,0.03523633019105778
292,38323,0.055222534110284896
292,38324,0.022909603300039633
292,38325,0.023746348851979928
292,38326,0.01312834283945799
292,38327,0.06719376939618846
292,38328,0.03061336354438443
292,38329,0.042227485650527086
292,38330,0.39015599372818544
292,38331,0.02303940545332658
292,38332,0.029341305601218542
292,38333,0.007639491453790636
292,38334,0.0487192946617387
292,38335,0.04234316315684681
292,38336,0.07115858708019891
292,38337,0.12066735479943666
292,38338,0.08085310136384867
292,38339,0.11749893141498896
292,38340,0.835467233323867
292,38341,0.06603380261093023
292,38342,0.11260685766155508
292,38343,0.09658904279401766
292,38344,0.09259397220162037
292,38345,0.08623346889172054
292,38346,0.017054142345082676
292,38347,0.033812861647402735
292,38348,0.04820829857758542
292,38401,0.046013375534935584
292,38402,0.04034262555425066
292,38403,0.03380258202922791
292,38404,0.0411798780317622
292,38405,0.016788041472699886
292,38406,0.06832371999601328
292,38407,0.021809442023302556
292,38408,0.039326896825358865
292,38409,0.05768496290453264
292,38410,0.0239225343612147
292,38411,0.08938902760812915
292,38412,0.017425165455347825
292,38413,0.37890483013027304
292,38414,0.10179225653307697
292,38415,0.05497308120507001
292,38416,0.0237695835110482
292,38417,0.03292584179148656
292,38418,0.03550664650537084
292,38419,0.04386354682732759
292,38420,0.06971847642006083
292,38421,0.02736286150700526
292,38422,0.055329594629675335
292,38423,0.01645116259688521
292,38424,0.03360721669080278
292,38425,0.061643378691123976
292,38426,0.02579669119062485
292,38427,0.037011509707347436
292,38428,0.02896185176400889
292,38429,0.017792229656561867
292,38430,0.036262440729823216
292,38431,0.020541166691041488
292,38432,0.06051522329307975
292,38433,0.14560846097081914
292,38434,0.6997130949779731
292,38435,0.27211826878339807
292,38436,0.058207346072472146
292,38437,0.08052746281449706
292,38438,0.03417554849193868
292,38439,0.0461165187884671
292,38440,0.10927168385693277
292,38441,0.05089524971461815
292,38442,0.05360570687349425
292,38443,0.12099052564417383
292,38444,0.07975103443202915
292,38445,0.42405380790577735
292,38446,0.09484476014663776
292,38447,0.07040148710569127
292,38448,0.04460009961399687
292,38501,0.016771870814209278
292,38502,0.04680406664733367
292,38503,0.04443190419130019
292,38504,0.05829660112874716
292,38505,0.09065667160557753
292,38506,0.017634739200793212
292,38507,0.023871861476662114
292,38508,0.06569081615987891
292,38509,0.03720204559878254
292,38510,0.06677519795199015
292,38511,0.01611861508555963
292,38512,0.05253078756188739
292,38513,0.03390307989364402
292,38514,0.03377979257312029
292,38515,0.044259549571238156
292,38516,0.02086381943557831
292,38517,0.32218603199017376
292,38518,0.17439943602906513
292,38519,0.06210650300808856
292,38520,0.0443849615871726
292,38521,0.03996670221631806
292,38522,0.09293242762542321
292,38523,0.050155219842845426
292,38524,0.04416047278800223
292,38525,0.03361956584920535
292,38526,0.03464330108257299
292,38527,0.04854378323104549
292,38528,0.010023060581530834
292,38529,0.07415609923353095
292,38530,0.02188677309222282
292,38531,0.030379841002788188
292,38532,0.027809428562933374
292,38533,0.013414277068459123
292,38534,0.057395425759441086
292,38535,0.08066209270220152
292,38536,0.01848254244710142
292,38537,0.04595642304236598
292,38538,0.03739023064147919
292,38539,0.19970471067040027
292,38540,0.45693103135742846
292,38541,0.20352404872890345
292,38542,0.2593142807413948
292,38543,0.256046436482926
292,38544,0.027298048848439765
292,38545,0.04035656588590337
292,38546,0.04921744273029195
292,38547,0.04032707751274589
292,38548,0.07811799059068336
292,38601,0.04808575438874222
292,38602,0.026745316116323664
292,38603,0.013710605868725273
292,38604,0.09273917755917094
292,38605,0.03036513060988121
292,38606,0.036255154919272836
292,38607,0.06147235852450171
292,38608,0.01731816126797395
292,38609,0.03355194138908192
292,38610,0.3261920663106516
292,38611,0.0459173403698843
292,38612,0.03585183018514285
292,38613,0.04481748459672929
292,38614,0.038079573342631304
292,38615,0.02312272645775401
292,38616,0.08593743076741682
292,38617,0.01957134898125737
292,38618,0.07675068028586127
292,38619,0.03525706006597011
292,38620,0.060953117862969496
292,38621,0.03697965844977625
292,38622,0.025724341712897263
292,38623,0.08396243628472412
292,38624,0.023161457979271535
292,38625,0.06320631628965112
292,38626,0.0865936753945839
292,38627,0.02562996587854721
292,38628,0.03621832323286893
292,38629,0.06852206844953326
292,38630,0.025985817728243106
292,38631,0.45420725781329935
292,38632,0.06585968746939935
292,38633,0.015150960893927935
292,38634,0.024184185271927616
292,38635,0.040291668697652855
292,38636,0.04038997660103406
292,38637,0.09009433930555422
292,38638,0.9384124880127465
292,38639,1.3990002629177898
292,38640,0.1824880474102389
292,38641,0.28957017080243824
292,38642,0.15941576265991805
292,38643,0.6486817592760401
292,38644,0.05101260128155356
292,38645,0.07512369457823799
292,38646,0.04700407432736801
292,38647,0.06501649954881071
292,38648,0.11270264745865835
292,38701,0.10792634513323494
292,38702,0.09472207301408826
292,38703,0.034098217403323715
292,38704,0.024222545434473688
292,38705,0.06515643969635178
292,38706,0.0422313773692935
292,38707,0.03930462843047014
292,38708,0.07942412298985912
292,38709,0.057517236428315216
292,38710,0.03133043808548701
292,38711,0.027887024166070674
292,38712,0.024024131599538836
292,38713,0.050226394600929675
292,38714,0.01704711354980586
292,38715,0.05907748408000823
292,38716,0.06813379701345826
292,38717,0.45579256015444014
292,38718,0.1724716779998491
292,38719,0.18849422749528597
292,38720,0.13716477202455232
292,38721,0.09836037773507013
292,38722,0.5827780001503926
292,38723,0.023699091198396555
292,38724,0.04154374956056035
292,38725,0.22738010165935754
292,38726,0.08933275365727926
292,38727,0.674561273321404
292,38728,0.14615268887933858
292,38729,0.058408406628118914
292,38730,0.15077157501233848
292,38731,0.14151355874044444
292,38732,0.09191316814083401
292,38733,0.0517404843492815
292,38734,0.08275613262129591
292,38735,0.741791308276367
292,38736,0.08709601009581688
292,38737,0.07275752370595796
292,38738,0.1331788209511759
292,38739,0.43209606995888467
292,38740,0.16586960324537792
292,38741,0.330432301718525
292,38742,0.5889874581762781
292,38743,0.30619036662518384
292,38744,0.2659629906133553
292,38745,0.037810993439719214
292,38746,0.06077981990116476
292,38747,0.24928850802765284
292,38748,0.04220216448565264
292,38801,0.0379023945472739
292,38802,0.013558591642463636
292,38803,0.03415414821455082
292,38804,0.02678215911038763
292,38805,0.052539783039407165
292,38806,0.05706236780243801
292,38807,0.04065874191864637
292,38808,0.029905494053966922
292,38809,0.03735752714975797
292,38810,0.05119271613468599
292,38811,0.02584165360383757
292,38812,0.03790916430266223
292,38813,0.03277093626347646
292,38814,0.024818502774580305
292,38815,0.049319931423557756
292,38816,0.029796865920513768
292,38817,0.3603580737591624
292,38818,0.34311042157187416
292,38819,0.6094127774396788
292,38820,0.61065172188138
292,38821,0.4222869317987583
292,38822,0.15204511559357642
292,38823,0.05730082457933034
292,38824,0.49222506312432524
292,38825,0.04437488825863458
292,38826,0.033061770229519796
292,38827,0.014894823985248891
292,38828,0.07582746838541361
292,38829,0.013652045342984939
292,38830,0.061614597150657625
292,38831,0.043576548563491725
292,38832,0.11775487498021131
292,38833,0.1652455767462802
292,38834,0.13645551009377185
292,38835,0.03310788660611453
292,38836,0.07580418136180729
292,38837,0.3742654196874922
292,38838,0.11281502939659144
292,38839,0.07662245610939825
292,38840,0.6395178738743947
292,38841,0.16497617833032854
292,38842,0.1227375305245775
292,38843,0.09893468671069032
292,38844,0.38267195172598945
292,38845,0.14018012654482437
292,38846,0.0718496937879728
292,38847,0.024056607030741493
292,38848,0.022003470716392585
292,38901,0.07287149388182344
292,38902,0.07238560477055041
292,38903,0.03512895874516083
292,38904,0.07081152515174395
292,38905,0.02167582445190902
292,38906,0.034236830159423706
292,38907,0.06343679904828788
292,38908,0.016620144012056408
292,38909,0.06893800235004159
292,38910,0.028123888263432695
292,38911,0.03731285077708532
292,38912,0.022734754395571547
292,38913,0.039509927703574796
292,38914,0.021296671394063174
292,38915,1.1231085788806274
292,38916,0.046966507428293156
292,38917,0.023035584812771917
292,38918,0.03243492512481411
292,38919,0.03113431552118158
292,38920,0.06542012660697216
292,38921,0.010951038953060852
292,38922,0.09644986663255671
292,38923,0.04025313082145794
292,38924,0.021262437674183936
292,38925,0.052831383723444404
292,38926,0.013528522476227734
292,38927,0.0591337011149712
292,38928,0.01544409613891901
292,38929,0.026265027674147113
292,38930,0.05673376839497847
292,38931,0.012170099393850577
292,38932,0.0815277340809096
292,38933,0.03271727980871487
292,38934,0.03638924688010325
292,38935,0.09183942325760326
292,38936,0.020390660418758984
292,38937,0.30316113042511356
292,38938,0.04199904244418588
292,38939,0.01624555859420199
292,38940,0.04355932650734459
292,38941,0.050032904421445985
292,38942,0.670894968499427
292,38943,0.3894213497313138
292,38944,0.19537737725286325
292,38945,0.13849681440135783
292,38946,0.14658315132421643
292,38947,0.08155041508806606
292,38948,0.05016349561873337
292,39001,0.026046128452587212
292,39002,0.07454076907603426
292,39003,0.05002321744920575
292,39004,0.03815056851082187
292,39005,0.08043233018914586
292,39006,0.0083076733347104
292,39007,0.05484325070763685
292,39008,0.018380846604068867
292,39009,0.04573112485509667
292,39010,0.03332863721995792
292,39011,0.0103999085395543
292,39012,0.04541755387460953
292,39013,0.03156825163011082
292,39014,0.07937737105385285
292,39015,0.018172768792043617
292,39016,0.04013666143628946
292,39017,0.08691959210245041
292,39018,0.030941318823093242
292,39019,0.05772387810250464
292,39020,0.2981464426828101
292,39021,0.026181998383717032
292,39022,0.03821830564273801
292,39023,0.010006207025555576
292,39024,0.09274401849599133
292,39025,0.02354144964918731
292,39026,0.025444233343993358
292,39027,0.06641922295151526
292,39028,0.03672677164857623
292,39029,0.05335415180217188
292,39030,0.01604980540109485
292,39031,0.04877678421673912
292,39032,0.06398097225656417
292,39033,0.01759599918997659
292,39034,0.07507911948569898
292,39035,0.027428732178971144
292,39036,0.08152662838262352
292,39037,1.37244311385634
292,39038,0.7840868838551777
292,39039,1.461407487783686
292,39040,0.9774368792490388
292,39041,0.5866074920222675
292,39042,0.25983086382922876
292,39043,0.33092359293082996
292,39044,0.14701706117347274
292,39045,0.6701867904490337
292,39046,0.06024707320673252
292,39047,0.025229955925928135
292,39048,0.07937168379004074
292,39101,0.017490905913070467
292,39102,0.055161791937534996
292,39103,0.026243492216920173
292,39104,0.009731853222999224
292,39105,0.07199158940076754
292,39106,0.04773203911289368
292,39107,0.02525907055267313
292,39108,0.049726717497000444
292,39109,0.042977166697834884
292,39110,0.05857394603717735
292,39111,0.04355936484366199
292,39112,0.02738114322562777
292,39113,0.09579246054671597
292,39114,0.008113875229177258
292,39115,0.05318326535323925
292,39116,0.05599741458635977
292,39117,0.23751543551202906
292,39118,0.27607386418810487
292,39119,0.238966903237439
292,39120,0.6864859034589297
292,39121,0.6525780547826373
292,39122,0.9229756733830093
292,39123,0.7948857121284465
292,39124,0.6277752710571909
292,39125,0.39036771819451244
292,39126,1.1040737155358424
292,39127,0.02255878297562591
292,39128,0.01719485349632954
292,39129,0.041201511656717316
292,39130,0.04611638254022899
292,39131,0.03159097746668399
292,39132,0.06827282009555839
292,39133,0.08327585715021711
292,39134,0.04241130942055787
292,39135,0.020128800350715053
292,39136,0.031544531007264426
292,39137,0.048264737476701985
292,39138,0.07367828863389103
292,39139,0.09472580887017978
292,39140,0.05667510521886984
292,39141,0.17098090586766992
292,39142,0.5832706963186944
292,39143,0.5877760605650142
292,39144,0.14850266922972202
292,39145,0.07516974475250668
292,39146,0.04525315917870954
292,39147,0.04631384196531495
292,39148,0.06881509300137001
292,39201,0.041379792903214696
292,39202,0.026424007205301494
292,39203,0.0676952598713874
292,39204,0.04087016885413827
292,39205,0.028685171078006017
292,39206,0.03823477434219235
292,39207,0.052214941333245356
292,39208,0.074637543151155
292,39209,0.019250552688717552
292,39210,0.02115296444707011
292,39211,0.10535818086733963
292,39212,0.21067573484412233
292,39213,0.0497970960602719
292,39214,0.08206027467659574
292,39215,0.03831640239704271
292,39216,0.28710905257813796
292,39217,0.11427458327260466
292,39218,0.17577688025566177
292,39219,0.46952333516235395
292,39220,0.05825280795485902
292,39221,0.042235177898215015
292,39222,0.03350585349331963
292,39223,0.06436652605631223
292,39224,0.009135015490007444
292,39225,0.037374086221782434
292,39226,0.02301765467421663
292,39227,0.01885379168000081
292,39228,0.09026273779634914
292,39229,0.010761125014065348
292,39230,0.04305113890549553
292,39231,0.01525507221208438
292,39232,0.03741184668627149
292,39233,0.04210062823758319
292,39234,0.056774057599657354
292,39235,0.058416798347325244
292,39236,0.06346949453608623
292,39237,0.08574649190605035
292,39238,0.03216946276299879
292,39239,0.10629725995868175
292,39240,0.35416395526048533
292,39241,0.43912735890720533
292,39242,1.3551149931690265
292,39243,0.3364411495729112
292,39244,0.09909990011243693
292,39245,0.08125243479871716
292,39246,0.055578452668678766
292,39247,0.017819401144365414
292,39248,0.059660443966419875
292,39301,0.028086402400671777
292,39302,0.045705741571016444
292,39303,0.09575171509961854
292,39304,0.020015915663144413
292,39305,0.02949252167104343
292,39306,0.04005420417715329
292,39307,0.051564881953999796
292,39308,0.06336596547797173
292,39309,0.10321919041677546
292,39310,0.03320269162130193
292,39311,0.024270536009350988
292,39312,0.023840073182421564
292,39313,0.08737756418417593
292,39314,0.2775106969071981
292,39315,0.20535130997562356
292,39316,0.03631827898114656
292,39317,0.02874686004612235
292,39318,0.075692324805761
292,39319,0.04388127188278119
292,39320,0.022491264819794094
292,39321,0.031681838877215526
292,39322,0.021016178051940174
292,39323,0.05902912318918145
292,39324,0.062693766317063
292,39325,0.02582182321362541
292,39326,0.025874160263858074
292,39327,0.009151210970050352
292,39328,0.044074795057837735
292,39329,0.023394184114596442
292,39330,0.024137309917569405
292,39331,0.07592839312423273
292,39332,0.015597617313274555
292,39333,0.028571307640725907
292,39334,0.05573519179325708
292,39335,0.26408620064388544
292,39336,0.7907795538090012
292,39337,0.8973274569912845
292,39338,0.24533519172343224
292,39339,0.6125488581585452
292,39340,0.16197294221429645
292,39341,0.39747815803348235
292,39342,0.3069046356608469
292,39343,0.09431540724044998
292,39344,0.07890887364879773
292,39345,0.06590298914835134
292,39346,0.01775782722113341
292,39347,0.07306346138691412
292,39348,0.04245544539092368
292,39401,0.037442834210747296
292,39402,0.10214641197379853
292,39403,0.02230099930635512
292,39404,0.08692569764870069
292,39405,0.03667992033664981
292,39406,0.01845064773311363
292,39407,0.030728421457906763
292,39408,0.06422890217687614
292,39409,0.05442629095547851
292,39410,0.09026457011759437
292,39411,0.005277122124358947
292,39412,0.05730076682849381
292,39413,0.03655533343684211
292,39414,0.016830164685492616
292,39415,0.3664884357559732
292,39416,0.1208586558795623
292,39417,0.28929211939612104
292,39418,0.19114174781901064
292,39419,0.16862490993057308
292,39420,0.06242668201751272
292,39421,0.025117240796924324
292,39422,0.042402392250435815
292,39423,0.018663479776392326
292,39424,0.16545956415784752
292,39425,0.38421766412089375
292,39426,0.2269735081081563
292,39427,0.06090585179877191
292,39428,0.06665857417147876
292,39429,0.026916945515041875
292,39430,0.09938808404768158
292,39431,0.0692734922113003
292,39432,0.2049600448939282
292,39433,0.3958533063691802
292,39434,0.15303977354788872
292,39435,0.04338284129466834
292,39436,0.19294246873087362
292,39437,0.040898105591143624
292,39438,0.5294911899032391
292,39439,0.18768489104021702
292,39440,0.07155464391094883
292,39441,0.13424563469873563
292,39442,0.14016242181504696
292,39443,0.18927335785896454
292,39444,0.027730181165868055
292,39445,0.03975883567560405
292,39446,0.09899189943644729
292,39447,0.032806128290625174
292,39448,0.026660417795723836
292,39501,0.050722823573937606
292,39502,0.052314842299814174
292,39503,0.00838519111509264
292,39504,0.06816431140524516
292,39505,0.08576199925529748
292,39506,0.02828064635071363
292,39507,0.02470403608404294
292,39508,0.03836739599909764
292,39509,0.026603192812327352
292,39510,0.08133407213541546
292,39511,0.05400193738280596
292,39512,0.02899186941526795
292,39513,0.08793683121501536
292,39514,0.013591951654674053
292,39515,0.07540074173139312
292,39516,0.309323295683918
292,39517,0.2768813513052505
292,39518,0.5101587584973293
292,39519,0.5391279399648028
292,39520,0.4023592888048704
292,39521,0.6616381350735455
292,39522,0.9585327165975666
292,39523,0.28229073170595825
292,39524,0.14385382477402447
292,39525,0.08463854103417852
292,39526,0.08239018973414555
292,39527,0.07268550634184791
292,39528,0.492208882207921
292,39529,0.03407036619191326
292,39530,0.026685587210702938
292,39531,0.08894181771539157
292,39532,0.09968607927081238
292,39533,0.04675320042916319
292,39534,0.039726528844115615
292,39535,0.09477619148141449
292,39536,0.13654277337090318
292,39537,0.04658349910704495
292,39538,0.09307230784569946
292,39539,0.10016154970002401
292,39540,0.32000080567709105
292,39541,0.39395637341252004
292,39542,0.06340561713125419
292,39543,0.05651920240674078
292,39544,0.11587979275278913
292,39545,0.0613490405032264
292,39546,0.06183478060759054
292,39547,0.06421281780956199
292,39548,0.07391366378847146
292,39601,0.02851410091399198
292,39602,0.023405342727225886
292,39603,0.057132618567258334
292,39604,0.06223441219561567
292,39605,0.017938043219414238
292,39606,0.09758847900830173
292,39607,0.07538735357258336
292,39608,0.030364450482856895
292,39609,0.09493760022922441
292,39610,0.08127447479278807
292,39611,0.01908023047916489
292,39612,0.07895228181471374
292,39613,0.5090239025377548
292,39614,0.032239656512631255
292,39615,0.08764454901313973
292,39616,0.08073227592629063
292,39617,0.012810337272371075
292,39618,0.06382058616823152
292,39619,0.02873163990639955
292,39620,0.062314902978263795
292,39621,0.05459630820578187
292,39622,0.03411729161336448
292,39623,0.0875789286700448
292,39624,0.05140792064910247
292,39625,0.040199287456251453
292,39626,0.008020629402959683
292,39627,0.08869939204386779
292,39628,0.08449618103513683
292,39629,0.01470864290315899
292,39630,0.03473637069722106
292,39631,0.03398672076079965
292,39632,0.024961391510664274
292,39633,0.008503839524684016
292,39634,0.2134657450689966
292,39635,0.06808508035720189
292,39636,0.07801002582768525
292,39637,0.01807324222683593
292,39638,0.03618014103586801
292,39639,0.029067151452863996
292,39640,0.02445754116566841
292,39641,0.05436417539674309
292,39642,0.09335475432935107
292,39643,0.14345509728697378
292,39644,0.11292589355447774
292,39645,0.2192036822371639
292,39646,0.07110952111003548
292,39647,0.0331118520744458
292,39648,0.09081381203369164
292,39701,0.033594358885798106
292,39702,0.06794488597177402
292,39703,0.01953321921610522
292,39704,0.06924973815004365
292,39705,0.07601613424774717
292,39706,0.027404115711459495
292,39707,0.014204907955599777
292,39708,0.4621889475107866
292,39709,0.167644325459155
292,39710,0.015544245031250306
292,39711,0.046103232764045106
292,39712,0.05101582736809511
292,39713,0.010334517686531562
292,39714,0.16638101550655357
292,39715,0.47617609317286885
292,39716,0.08513609719811659
292,39717,0.030140316839897954
292,39718,0.03920053991969821
292,39719,0.047292963443011204
292,39720,0.054230828262847704
292,39721,0.0408318847972088
292,39722,0.03361935772591225
292,39723,0.0694355772492568
292,39724,0.03376677683021208
292,39725,0.00986347925998961
292,39726,0.043758956902803785
292,39727,0.08838189576286816
292,39728,0.08127100697255892
292,39729,0.006667024892747016
292,39730,0.036489912508194174
292,39731,0.09792632619172943
292,39732,0.08044354497286338
292,39733,0.016862921153086956
292,39734,0.0470143106985079
292,39735,0.07959923125111583
292,39736,0.048066981063442406
292,39737,0.07265367730543132
292,39738,0.20883715554979626
292,39739,0.27822155786734876
292,39740,0.333583858530074
292,39741,0.23220824881974045
292,39742,0.5070517409287302
292,39743,0.40858706018112556
292,39744,0.8179695799663443
292,39745,0.07400870391095377
292,39746,0.03529668136057869
292,39747,0.023786527834600862
292,39748,0.09938323170147262
292,39801,0.052843206980856865
292,39802,0.04340443317137847
292,39803,0.03602158455609468
292,39804,0.051345819083734034
292,39805,0.02016680995467699
292,39806,0.046715434216495155
292,39807,0.037445181367845436
292,39808,0.039329557309139174
292,39809,0.046527848622166045
292,39810,0.08555531053970196
292,39811,0.05213238658051923
292,39812,0.09426788454237228
292,39813,0.07373704126675233
292,39814,0.02560632551262402
292,39815,0.03764411689034688
292,39816,0.05662620160484016
292,39817,0.05734627311544719
292,39818,0.03296408133931127
292,39819,0.03439809840456713
292,39820,0.08702469115862779
292,39821,0.5216926841676259
292,39822,0.016315878203758283
292,39823,0.03819897555295948
292,39824,0.07529220140469543
292,39825,0.0414944168876889
292,39826,0.010239515842803613
292,39827,0.025138467331513262
292,39828,0.06433765500061836
292,39829,0.04025197679890204
292,39830,0.06358857367703374
292,39831,0.0581017017373783
292,39832,0.024537137916017145
292,39833,0.08801321473901792
292,39834,0.1698511533125754
292,39835,0.04738516905315253
292,39836,0.07949387592799763
292,39837,0.12148984883434417
292,39838,0.05291656318651972
292,39839,0.056228736302019924
292,39840,0.4746059948219557
292,39841,0.6208231111677889
292,39842,0.32239860632016687
292,39843,0.2159864540235712
292,39844,0.10848136745356947
292,39845,0.03889476299130049
292,39846,0.03750584195008717
292,39847,0.08529654210322322
292,39848,0.048057457267674644
292,39901,0.07234405996113268
292,39902,0.06409983885739792
292,39903,0.06698341627621651
292,39904,0.03851135763148681
292,39905,0.09687511613809359
292,39906,0.061561371095318305
292,39907,0.07995341069606472
292,39908,0.010425588403185528
292,39909,0.04493610483725295
292,39910,0.09860362864828967
292,39911,0.05636153262841578
292,39912,0.03885653973371639
292,39913,0.10764020091238294
292,39914,0.07145777194310568
292,39915,0.1859632861620275
292,39916,0.05452238303995918
292,39917,0.05177282994066295
292,39918,0.03974329431811722
292,39919,0.03982341242413482
292,39920,0.0553020048726833
292,39921,0.057553765535143075
292,39922,0.06346003955739907
292,39923,0.0663689705984339
292,39924,0.053398348432870515
292,39925,0.06811505851183589
292,39926,0.031396419360386715
292,39927,0.07247247204902221
292,39928,0.037504937934831506
292,39929,0.04781520625476586
292,39930,0.030556094022980266
292,39931,0.051617912935700117
292,39932,0.04527034902622667
292,39933,0.07912002964572006
292,39934,0.1107730660329736
292,39935,0.3442067301866443
292,39936,0.6094217783378512
292,39937,0.03143282003417032
292,39938,0.09895767114472977
292,39939,0.0832033833774596
292,39940,0.04799426722005419
292,39941,0.21009311349299525
292,39942,0.1988729103625177
292,39943,0.3692243270632011
292,39944,0.4196584661062458
292,39945,0.11464259047683625
292,39946,0.2334970359739553
292,39947,0.03419167770949499
292,39948,0.09680818038176656
292,40001,0.057127417506053414
292,40002,0.05295394269301549
292,40003,0.02532982703011999
292,40004,0.010649318642545244
292,40005,0.04649017328663296
292,40006,0.04371867008058429
292,40007,0.0565576213431962
292,40008,0.018804036885135454
292,40009,0.07366312415737038
292,40010,0.07820498939162772
292,40011,0.025119186286837368
292,40012,0.08390075550063389
292,40013,0.0723219702053474
292,40014,0.06533797674909528
292,40015,0.05224470931591663
292,40016,0.0632865792706289
292,40017,0.031879594331747356
292,40018,0.058490362230907034
292,40019,0.02491693623918659
292,40020,0.0271190865078119
292,40021,0.07195979436402981
292,40022,0.18848252036105106
292,40023,0.032196077251266046
292,40024,0.031761661559685565
292,40025,0.05501982210870598
292,40026,0.03745231856565641
292,40027,0.0407561891739802
292,40028,0.01359671571101867
292,40029,0.02659165434617212
292,40030,0.04174278823141615
292,40031,0.026748302495211762
292,40032,0.028617592544516818
292,40033,0.2631099124544263
292,40034,0.3934472928586956
292,40035,0.3517006250513226
292,40036,0.3146034478495764
292,40037,0.6100258835373631
292,40038,0.5473553310723069
292,40039,0.5792638692882759
292,40040,2.2780120329194333
292,40041,1.8702545046086798
292,40042,0.7223713894570108
292,40043,0.3287094597127526
292,40044,0.24213865546079855
292,40045,0.019296477865222067
292,40046,0.04558208225511686
292,40047,0.0763591350613698
292,40048,0.030304388337271844
292,40101,0.05234417996428758
292,40102,0.07925699328716332
292,40103,0.06285826991095983
292,40104,0.0871322493758864
292,40105,0.08683233148834417
292,40106,0.06588018877568518
292,40107,0.5211136496219368
292,40108,0.048454303244919
292,40109,0.020377772005238323
292,40110,0.07460014421328476
292,40111,0.06005241390096799
292,40112,0.016263332010682318
292,40113,0.05180835346352855
292,40114,0.08687300746664861
292,40115,0.09273337326763804
292,40116,0.269871891818165
292,40117,0.08686586151472749
292,40118,0.12781400808871585
292,40119,0.08826479901697182
292,40120,0.026632922460599985
292,40121,0.5097839206755481
292,40122,0.08437499148748803
292,40123,0.05744168137416729
292,40124,0.025373190718693334
292,40125,0.8574465157010975
292,40126,1.0132224157189649
292,40127,0.5471106584418645
292,40128,1.1010187624106231
292,40129,0.309145733979877
292,40130,0.9889081845255278
292,40131,0.6957136143505714
292,40132,0.32343826807418835
292,40133,1.0608682961332905
292,40134,0.9792077382691926
292,40135,1.3473037370689467
292,40136,0.47326911965372775
292,40137,0.15047792758028863
292,40138,0.031574030129751164
292,40139,0.04332854121470792
292,40140,0.025638480606965972
292,40141,0.09023763006909252
292,40142,0.10575847048540794
292,40143,0.0500589346391945
292,40144,0.05775839590315629
292,40145,0.07284429990505914
292,40146,0.5621217078739006
292,40147,0.1154004740191108
292,40148,0.06222405380505361
292,40201,0.08050801821602072
292,40202,0.007822333318626386
292,40203,0.06444508263684055
292,40204,0.08123775453256259
292,40205,0.03561427434858627
292,40206,0.06594604587245131
292,40207,0.07221014909074043
292,40208,0.01342496513523187
292,40209,0.10256977526058385
292,40210,0.3311610822218118
292,40211,0.052815001413938516
292,40212,0.040693014131964245
292,40213,0.024312631033100066
292,40214,0.09207758653383424
292,40215,0.09897264881968841
292,40216,0.22126628662970008
292,40217,0.2906640827079019
292,40218,0.4702616591258328
292,40219,0.50350394656682
292,40220,0.5336797301945273
292,40221,0.5640606277318319
292,40222,0.09436402020650983
292,40223,0.05416067303334223
292,40224,0.029795932824543816
292,40225,0.03591942706971593
292,40226,0.05103623685524585
292,40227,0.018310582316921703
292,40228,0.04950660251234684
292,40229,0.08859860707149525
292,40230,0.0177677084394074
292,40231,0.005525348011575222
292,40232,0.0
292,40233,0.003972409163923659
292,40234,0.8619820197464408
292,40235,0.4302533481653892
292,40236,0.11156917666595427
292,40237,0.14656785683940404
292,40238,0.29699059166458247
292,40239,0.0836156237471531
292,40240,0.10887940301951049
292,40241,0.13253122525501088
292,40242,0.5494912479112526
292,40243,0.14357041829490824
292,40244,0.028869473748741416
292,40245,0.07099214122682929
292,40246,0.035038560995134735
292,40247,0.039785672654953474
292,40248,0.06612099407722352
292,40301,0.02401221829619106
292,40302,0.07746286212745207
292,40303,0.007737471281937895
292,40304,0.029849179380112313
292,40305,0.045485175700867686
292,40306,0.0658576255320756
292,40307,0.043585736153772946
292,40308,0.026677697133025563
292,40309,0.06318319725448256
292,40310,0.026856549633207185
292,40311,0.04286061420737704
292,40312,0.024535484045889993
292,40313,0.28208547487525026
292,40314,0.0797247252294384
292,40315,0.07332606385872958
292,40316,0.04574255929458303
292,40317,0.07601931558800265
292,40318,0.02142794085793582
292,40319,0.040446552099163605
292,40320,0.032209388079671705
292,40321,0.02942666184742321
292,40322,0.08355217613328224
292,40323,0.02040749607602484
292,40324,0.027696856472632304
292,40325,0.008851160606450394
292,40326,0.04324780792903087
292,40327,0.02610380948935755
292,40328,0.05123436609017021
292,40329,0.06555690169503647
292,40330,0.02515389450107593
292,40331,0.02309138603612231
292,40332,0.009600848571581047
292,40333,0.058941067680360636
292,40334,0.19322949596874017
292,40335,0.038125872460175
292,40336,0.06503821978150615
292,40337,0.11202049501369697
292,40338,0.18240754138528806
292,40339,0.1757418588017434
292,40340,0.28299713349741795
292,40341,1.1294267337159343
292,40342,0.13616222828818572
292,40343,0.08514241631129946
292,40344,0.10324250703567249
292,40345,0.03916098224070668
292,40346,0.1012917716596897
292,40347,0.06403576959201937
292,40348,0.04649312079658274
292,40401,0.05972172720027879
292,40402,0.013467318040823816
292,40403,0.062072890479076326
292,40404,0.017485916857057106
292,40405,0.031971552373361765
292,40406,0.04801553182563188
292,40407,0.01983219752896113
292,40408,0.04200832241339825
292,40409,0.01166406590799651
292,40410,0.11216184760034667
292,40411,0.12513894423241406
292,40412,0.09831447934931187
292,40413,0.019094607452229465
292,40414,0.060014632120301184
292,40415,0.07658103341139033
292,40416,0.021750940909720348
292,40417,0.03020212251744315
292,40418,0.06950964045913503
292,40419,0.018480867017463775
292,40420,0.04264051485760758
292,40421,0.04692503872444477
292,40422,0.015057992560315148
292,40423,0.018261059841205567
292,40424,0.05728810106586802
292,40425,0.03842175171562156
292,40426,0.06181681917937898
292,40427,0.0297803559353408
292,40428,0.07958634737634644
292,40429,0.016567362769128024
292,40430,0.04368672717354171
292,40431,0.050113945949183496
292,40432,0.2378124913407624
292,40433,0.08716647544300749
292,40434,0.02766926574211321
292,40435,0.03361430369356046
292,40436,0.028669211741826094
292,40437,0.6379732009637389
292,40438,1.220755164406944
292,40439,0.0782896165487682
292,40440,0.1478113958443618
292,40441,0.14905239715052607
292,40442,0.6949199782193353
292,40443,0.12473206546492407
292,40444,0.10045849349642383
292,40445,0.08173187323850496
292,40446,0.06499695119872163
292,40447,0.029339567950743644
292,40448,0.023826118962900218
292,40501,0.11721098817977013
292,40502,0.01773122991372812
292,40503,0.04841738434544268
292,40504,0.040035720575963385
292,40505,0.039616111699150997
292,40506,0.06646560291400437
292,40507,0.038769058467857394
292,40508,0.036208983422320304
292,40509,0.043200528750503495
292,40510,0.03422152392989393
292,40511,0.07574204015033346
292,40512,0.015876129270809454
292,40513,0.07209529460116826
292,40514,0.014500117907591823
292,40515,0.03283688319619733
292,40516,0.025234469923340292
292,40517,0.18428794779825494
292,40518,0.0557800835400393
292,40519,0.04363652334723812
292,40520,0.08361169250670013
292,40521,0.014159948294002139
292,40522,0.029632575209720045
292,40523,0.02998354879827105
292,40524,0.04194714964804726
292,40525,0.040595110157434396
292,40526,0.0445560039300669
292,40527,0.02970095459481903
292,40528,0.05294314093575394
292,40529,0.029398388805765334
292,40530,0.03267837401598252
292,40531,0.05843272858060965
292,40532,0.052067907002971196
292,40533,0.0499382559280768
292,40534,0.3986024491198053
292,40535,3.094737235257632
292,40536,1.2490410494281492
292,40537,0.10037058489402755
292,40538,0.08505057563654787
292,40539,0.10357558933482788
292,40540,0.09875466478472195
292,40541,0.38699978155302267
292,40542,0.08077327598925263
292,40543,0.7579058766163906
292,40544,0.10151710853048124
292,40545,0.11117518175053194
292,40546,0.05657487681497784
292,40547,0.05875671116167989
292,40548,0.05094248803895707
292,40601,0.026440069567572628
292,40602,0.019958828689679405
292,40603,0.0892209934839927
292,40604,0.06212973954136341
292,40605,0.06996681268052349
292,40606,0.06834324408211787
292,40607,0.010381838362270843
292,40608,0.09000720866059096
292,40609,0.06722205814673
292,40610,0.01727230994161427
292,40611,0.10562971911825741
292,40612,0.02420968752430504
292,40613,0.053687099505836666
292,40614,0.07606232656432531
292,40615,0.06582441629601717
292,40616,0.0798160299400053
292,40617,0.015409486332530654
292,40618,0.36689071138497975
292,40619,0.04044151008860622
292,40620,0.05445980052017489
292,40621,0.09171579997701379
292,40622,0.023577143887155268
292,40623,0.033676850443015605
292,40624,0.010001576986309775
292,40625,0.030898365327107834
292,40626,0.034431753772679666
292,40627,0.030484825858780255
292,40628,0.06916002855216968
292,40629,0.024856552479061846
292,40630,0.06799707914695613
292,40631,0.021612065586758235
292,40632,0.030133500898252227
292,40633,0.114558261515979
292,40634,0.06692285710410968
292,40635,0.297677906176969
292,40636,0.10312418593729344
292,40637,0.1034517821595784
292,40638,0.031839601175661876
292,40639,0.08815859408304466
292,40640,0.0717293650560245
292,40641,0.11413464337986073
292,40642,0.15806243835361142
292,40643,0.11607151423631483
292,40644,0.052242867709190455
292,40645,0.10583056765358657
292,40646,0.04531456952918363
292,40647,0.05524338271735559
292,40648,0.05897107991264368
292,40701,0.016347564517963684
292,40702,0.03411486895479326
292,40703,0.062403840515143326
292,40704,0.023508340191244717
292,40705,0.0961247379261771
292,40706,0.043904411549357696
292,40707,0.04301625940830542
292,40708,0.5987378161406638
292,40709,0.010621512757060603
292,40710,0.07487222448988237
292,40711,0.03006617556242154
292,40712,0.04285274339285109
292,40713,0.045575585223771455
292,40714,0.2619626554707846
292,40715,0.05120463861994864
292,40716,0.010247546707553139
292,40717,0.08267685988036688
292,40718,0.018103855587268375
292,40719,0.041649120985282194
292,40720,0.03212509039321135
292,40721,0.07314903238490064
292,40722,0.09239909141515905
292,40723,0.04186732505748477
292,40724,0.0427239838282686
292,40725,0.014450186496734532
292,40726,0.061661790159414545
292,40727,0.03299270712080763
292,40728,0.017947540878928914
292,40729,0.03850501897533546
292,40730,0.03412348601143263
292,40731,0.03338842356529643
292,40732,0.09594207718520506
292,40733,0.04275868713110481
292,40734,0.051431967095299555
292,40735,0.07379124703042701
292,40736,0.5356500838092862
292,40737,0.06573712951585418
292,40738,0.0667463051645699
292,40739,0.026627517280286297
292,40740,0.09245032918405958
292,40741,0.024441478932814027
292,40742,0.053318705901095616
292,40743,0.08432326325371577
292,40744,0.03374626735595711
292,40745,0.07630606850998489
292,40746,0.0747513762819444
292,40747,0.044892813471459216
292,40748,0.020745428117642906
292,40801,0.02795374214515829
292,40802,0.06426723922180903
292,40803,0.051129270901976796
292,40804,0.009225307403700181
292,40805,0.06161937862156914
292,40806,0.04934244940867911
292,40807,0.01827826470684484
292,40808,0.0810695842313905
292,40809,0.009424903834172117
292,40810,0.026473401430526473
292,40811,0.13636422439255452
292,40812,0.01742739440663362
292,40813,0.09518206853632451
292,40814,0.027151074395132178
292,40815,0.041920913716635144
292,40816,0.06446751421464905
292,40817,0.010229940811972605
292,40818,0.05796571895686334
292,40819,0.017448504799015555
292,40820,0.05167925348902141
292,40821,0.042421231395590196
292,40822,0.04715351329435969
292,40823,0.06587292975739487
292,40824,0.06516915843232568
292,40825,0.06051353106835413
292,40826,0.028386671468756626
292,40827,0.039719764010291904
292,40828,0.03473895320839274
292,40829,0.01094132025801533
292,40830,0.0407279686807898
292,40831,0.02628547864428637
292,40832,0.06149507212541942
292,40833,0.17880508745051524
292,40834,0.024799601748449324
292,40835,0.09275913079187617
292,40836,0.008181406281933827
292,40837,0.0640393744689681
292,40838,0.04081503689119691
292,40839,0.015509341614197656
292,40840,0.024925124758741465
292,40841,0.00766747695551731
292,40842,0.0956751907123273
292,40843,0.040722892042121615
292,40844,0.05984753109128477
292,40845,0.060199238956233504
292,40846,0.017570209920905928
292,40847,0.05831860605835241
292,40848,0.016274801446687696
292,40901,0.0714586497601461
292,40902,0.015060219202255183
292,40903,0.03768362963443374
292,40904,0.08138485385015744
292,40905,0.03559129695766727
292,40906,0.33630348541752897
292,40907,0.030754422944832934
292,40908,0.04288515675844017
292,40909,0.01579020083711718
292,40910,0.08177916538775214
292,40911,0.01910067273271254
292,40912,0.04127905066266921
292,40913,0.03167156232683497
292,40914,0.06173684675714759
292,40915,0.038631947451426986
292,40916,0.015836836944556013
292,40917,0.07630925285401137
292,40918,0.00540585115746446
292,40919,0.05427612605109497
292,40920,0.016586378505372385
292,40921,0.027207884044994524
292,40922,0.024831438468848725
292,40923,0.04198863576632574
292,40924,0.035105532236886006
292,40925,0.01458007010881591
292,40926,0.062436593569580846
292,40927,0.570694776522475
292,40928,0.12420820182706749
292,40929,0.17875267592148872
292,40930,0.055284335779392416
292,40931,0.11297381225721836
292,40932,0.11877557717403209
292,40933,0.041352694043423066
292,40934,0.06587073557399818
292,40935,0.09396459025218344
292,40936,0.025738781606737746
292,40937,0.0188409158410702
292,40938,0.036168044791917826
292,40939,0.07612882404306312
292,40940,0.016944754498416325
292,40941,0.6401194048554901
292,40942,0.49260490176672644
292,40943,0.1530290637989226
292,40944,0.12527522885069217
292,40945,0.020402571203563088
292,40946,0.04024975655691821
292,40947,0.32979010059025315
292,40948,0.010794082521768791
292,41001,0.028194918702958843
292,41002,0.05253667805320054
292,41003,0.051196109424466396
292,41004,0.07978271798828315
292,41005,0.04925794282420378
292,41006,0.022788077474246066
292,41007,0.035725150620787974
292,41008,0.03910042267985783
292,41009,0.09760577712581071
292,41010,0.016291805618173477
292,41011,0.07641572669942077
292,41012,0.06284537467327948
292,41013,0.031034955022830435
292,41014,0.1498421431437912
292,41015,0.0663407720566133
292,41016,0.01919846986820772
292,41017,0.030756280272070287
292,41018,0.03373804486034056
292,41019,0.05070217439634078
292,41020,0.1359533512607115
292,41021,0.05652118458382361
292,41022,0.09232136740727072
292,41023,0.013886622805798806
292,41024,0.05694761214395571
292,41025,0.033431377802400845
292,41026,0.018126829179383824
292,41027,0.06890339823653252
292,41028,0.011022802157655661
292,41029,0.06099561480112207
292,41030,0.02857343784663602
292,41031,0.017640172126161674
292,41032,0.07059195443606611
292,41033,0.20514273830602148
292,41034,0.6372242863909775
292,41035,0.307643947028871
292,41036,0.5834135375910112
292,41037,1.5839680767691613
292,41038,1.6683451436763836
292,41039,0.5411698962811274
292,41040,0.24041407698524753
292,41041,0.17607612924260374
292,41042,0.0837814052822678
292,41043,0.04235825203453633
292,41044,0.10700088946227244
292,41045,0.0870958414545104
292,41046,0.03166386881438292
292,41047,0.059385886360904215
292,41048,0.03639356139460596
292,41101,0.02703167681380301
292,41102,0.07358475101876776
292,41103,0.34537884285398196
292,41104,0.06101852889142497
292,41105,0.04429341692246106
292,41106,0.04609768878565801
292,41107,0.056471566627828804
292,41108,0.024912324725666058
292,41109,0.05091981029087854
292,41110,0.031374147140933714
292,41111,0.034551364839558764
292,41112,0.021986354893182652
292,41113,0.03929601312335309
292,41114,0.07553610799976138
292,41115,0.09616789312334934
292,41116,0.06128679221347017
292,41117,0.016071986245665276
292,41118,0.06275388148944172
292,41119,0.03413688256695077
292,41120,0.04044512396436098
292,41121,0.016729710208978683
292,41122,0.09847591137739048
292,41123,0.1402758531400931
292,41124,0.07505425299512966
292,41125,0.009411726285533866
292,41126,0.06103131842355827
292,41127,0.0327354566917382
292,41128,0.06236374594710874
292,41129,0.043749160183876735
292,41130,0.0477531651787575
292,41131,0.03285950793419782
292,41132,0.03216090629806978
292,41133,0.023636055689483574
292,41134,0.0330703899694515
292,41135,0.06815365789224653
292,41136,0.03752855674652196
292,41137,0.08938318683215267
292,41138,0.07441135267784389
292,41139,0.032661736511308194
292,41140,0.024118355400682027
292,41141,0.3575827867960165
292,41142,0.23923862045259853
292,41143,0.05359070774981333
292,41144,0.04566460079534461
292,41145,0.053645864596326386
292,41146,0.06680229131522562
292,41147,0.07409602163459604
292,41148,0.04123484546830527
292,41201,0.02996024670835568
292,41202,0.025994250859308225
292,41203,0.04705948700189978
292,41204,0.03213658771642844
292,41205,0.017753209094420193
292,41206,0.023889386461116057
292,41207,0.052627788404890144
292,41208,0.06255439435970593
292,41209,0.02788388271561167
292,41210,0.08775413338324081
292,41211,0.02757098641963336
292,41212,0.03096423066174146
292,41213,0.25892667644580386
292,41214,0.017628572010551544
292,41215,0.0818305494662907
292,41216,0.060274029024427585
292,41217,0.09891033584144879
292,41218,0.060595113716911835
292,41219,0.03212432991089229
292,41220,0.04594817236173698
292,41221,0.03869006501100237
292,41222,0.010329257866589432
292,41223,0.034100617955522744
292,41224,0.02753540520613821
292,41225,0.023860379102558706
292,41226,0.026172811119684253
292,41227,0.0507352492641449
292,41228,0.03627650996299388
292,41229,0.02932306114861183
292,41230,0.025463995681863832
292,41231,0.021516453165508098
292,41232,0.07396635893231043
292,41233,0.05473385064382819
292,41234,0.28492597476978976
292,41235,0.07031398752424016
292,41236,0.29651690498994815
292,41237,0.29938838697742703
292,41238,0.30307731743003963
292,41239,0.5110313491923034
292,41240,0.7409337129579247
292,41241,0.9261762079015585
292,41242,0.23882607355676322
292,41243,0.1746793967754628
292,41244,0.05358345534359813
292,41245,0.0549350839194386
292,41246,0.07481894445729166
292,41247,0.07008000113410146
292,41248,0.026126638393537394
292,41301,0.05365234291824303
292,41302,0.051037709784825705
292,41303,0.06385340239156356
292,41304,0.02444134982864107
292,41305,0.030539185330939054
292,41306,0.05666425520211682
292,41307,0.05680627749067062
292,41308,0.06262457862579325
292,41309,0.06836179807239204
292,41310,0.03134424070999481
292,41311,0.08128995230515595
292,41312,0.02756312454897819
292,41313,0.04032608587148603
292,41314,1.1254779141429434
292,41315,0.12476923742788144
292,41316,0.08734120686245361
292,41317,0.040755068219581414
292,41318,0.08694474715437263
292,41319,0.04258523865087709
292,41320,0.026787965366220627
292,41321,0.0371408731567837
292,41322,0.028342168499769064
292,41323,0.09153586107091254
292,41324,0.012248619059285986
292,41325,0.02526461230969902
292,41326,0.024544049855694545
292,41327,0.04393436189541967
292,41328,0.09112322595399859
292,41329,0.04360794098265128
292,41330,0.025371899211931646
292,41331,0.04835211159054163
292,41332,0.007587301834291718
292,41333,0.43202529874447665
292,41334,0.037940115776016844
292,41335,0.044449474366085207
292,41336,0.0847869988902445
292,41337,0.031295958591248015
292,41338,0.051448566664104405
292,41339,0.054515740540481826
292,41340,0.17405166960497792
292,41341,0.4556081131636666
292,41342,0.5644131254932813
292,41343,0.2707367745604509
292,41344,0.24412385197465403
292,41345,0.18502114317380647
292,41346,0.0505140806674117
292,41347,0.03646753604505004
292,41348,0.06459220497240621
292,41401,0.054561104772559814
292,41402,0.020771211341884185
292,41403,0.06801563535882248
292,41404,0.019601369577058173
292,41405,0.03909373626455065
292,41406,0.03831954879415522
292,41407,0.056281519666272026
292,41408,0.022869295512613422
292,41409,0.011905901164013011
292,41410,0.051652508996909534
292,41411,0.018685414159351484
292,41412,0.041341779336731464
292,41413,0.014389109348386504
292,41414,0.23655771401062364
292,41415,0.19584711961839324
292,41416,0.04003402279179774
292,41417,0.06491039011758608
292,41418,0.032410843341514346
292,41419,0.08316643911387966
292,41420,0.019043717710166098
292,41421,0.07360178633022232
292,41422,0.054038514213802256
292,41423,0.07547268395919723
292,41424,0.04417817561398103
292,41425,0.08558003753577761
292,41426,0.016987622841023436
292,41427,0.02577854293138664
292,41428,0.08997967186097104
292,41429,0.016067602955140745
292,41430,0.0475522400565493
292,41431,0.017037992598712824
292,41432,0.041496902070467384
292,41433,0.025620889520933617
292,41434,0.30833607817423136
292,41435,0.9336956388658716
292,41436,2.149368818803734
292,41437,0.9335616136219327
292,41438,0.7452367269196513
292,41439,0.20788350373160216
292,41440,0.24593030299734128
292,41441,0.721422962294393
292,41442,0.07337058705517364
292,41443,0.11169072495082848
292,41444,0.025230579735357767
292,41445,0.06479247186569312
292,41446,0.08851158041586583
292,41447,0.025776915601580186
292,41448,0.0534313285146827
292,41501,0.04536390289763688
292,41502,0.08319601392655197
292,41503,0.03447998813712401
292,41504,0.04939224321618091
292,41505,0.04004910017181954
292,41506,0.052443124145854544
292,41507,0.06764824107902304
292,41508,0.028812380427263595
292,41509,0.08781619195592981
292,41510,0.03956883212718587
292,41511,0.04450545401890774
292,41512,0.2720137392213007
292,41513,0.03333853384809497
292,41514,0.09107051602596122
292,41515,0.025433463487899047
292,41516,0.0789471585997852
292,41517,0.44152814966263604
292,41518,0.13858618020700592
292,41519,0.035744616160470276
292,41520,0.06877028894522585
292,41521,0.33289347073482173
292,41522,0.23263730881429065
292,41523,0.029610666147431824
292,41524,0.03541889157862693
292,41525,0.06011116110173165
292,41526,0.06630019920531022
292,41527,0.025126335557913784
292,41528,0.6017852867405609
292,41529,0.4811910257354255
292,41530,0.6022898038432553
292,41531,0.5674558823994061
292,41532,0.7822100651263044
292,41533,1.1173580652376591
292,41534,0.7108298615475147
292,41535,1.2665113937129329
292,41536,0.4293642621591375
292,41537,0.054483167618173484
292,41538,0.062186867451327045
292,41539,0.20291485400992254
292,41540,0.03160911340275938
292,41541,0.09196916285303447
292,41542,0.18510062738424315
292,41543,0.668994817661085
292,41544,0.18874465140227564
292,41545,0.07476721945126122
292,41546,0.24781409478455566
292,41547,0.03101540318087655
292,41548,0.04678208235567632
292,41601,0.05214330399781047
292,41602,0.04747276842241654
292,41603,0.049880080960526575
292,41604,0.02835993444173966
292,41605,0.07258393732831157
292,41606,0.058817451014790904
292,41607,0.049402568192648884
292,41608,0.034614301048367574
292,41609,0.014633612419750919
292,41610,0.07616792298980729
292,41611,0.06696994580084514
292,41612,0.049582301607134574
292,41613,0.02705082543851541
292,41614,0.045074146383651786
292,41615,0.07226123148149781
292,41616,0.08717566092309983
292,41617,0.447195172909274
292,41618,0.9450830798837201
292,41619,0.13855834750496984
292,41620,0.3731754818996044
292,41621,0.03634382882245994
292,41622,0.01797877295152573
292,41623,0.04929261814375998
292,41624,0.018092873095558
292,41625,0.051701067948845734
292,41626,0.044848031990085066
292,41627,0.03501026303564232
292,41628,0.07818664918088468
292,41629,0.02433814284303041
292,41630,0.019492006768649546
292,41631,0.05855408571671316
292,41632,0.016446345534832704
292,41633,0.018123752682629765
292,41634,0.05551134659857154
292,41635,0.04048933114496884
292,41636,0.06951014887092559
292,41637,0.07863928681439733
292,41638,0.06658131280550546
292,41639,0.07280669943348655
292,41640,0.025382519147548688
292,41641,0.12821555709698798
292,41642,0.4837685321951849
292,41643,0.19108532118514165
292,41644,0.40381374745207516
292,41645,0.4205791695470326
292,41646,0.049738120371479635
292,41647,0.04834855057265404
292,41648,0.03665252987280449
292,41701,0.06257876348254564
292,41702,0.07443796066901079
292,41703,0.04820591277841487
292,41704,0.07203474452838225
292,41705,0.029199082193727122
292,41706,0.11890765391461654
292,41707,0.09491766111068001
292,41708,0.03650993232749542
292,41709,0.02408602453172562
292,41710,0.08177490596240568
292,41711,0.011238960261791728
292,41712,0.06807829983166772
292,41713,0.0970200912582517
292,41714,0.04174602420501729
292,41715,0.08610182870942809
292,41716,0.03988337687143221
292,41717,0.5053736618309591
292,41718,0.05773096860043571
292,41719,0.010951866905676098
292,41720,0.027130945466704814
292,41721,0.03248791521466647
292,41722,0.033439047822623226
292,41723,0.07070482503491461
292,41724,0.028632674338356884
292,41725,0.06160569955947275
292,41726,0.0211567101898005
292,41727,0.041152834678761296
292,41728,0.03897507819695182
292,41729,0.029395949167577266
292,41730,0.037916743357362295
292,41731,0.08541706382616142
292,41732,0.09519311696036857
292,41733,0.029962808108234356
292,41734,0.051911742542102034
292,41735,0.3210029110533664
292,41736,0.9774749322467696
292,41737,0.513508764581589
292,41738,1.3753903272505406
292,41739,0.15716558185935917
292,41740,0.17943184386211505
292,41741,0.15497449473301877
292,41742,0.09521569653756634
292,41743,0.06706533198343388
292,41744,0.13244925738757662
292,41745,0.0831445600195813
292,41746,0.048145368146998574
292,41747,0.020911608899945592
292,41748,0.0893588247258887
292,41801,0.025752556297834586
292,41802,0.060069915598760834
292,41803,0.047005439168539914
292,41804,0.07436660891835657
292,41805,0.048113160615883305
292,41806,0.08173123517267807
292,41807,0.08354381000071355
292,41808,0.031168261002223183
292,41809,0.025478136062892422
292,41810,0.06526008404065475
292,41811,0.3067399260325049
292,41812,0.025604620097265912
292,41813,0.04188850447140405
292,41814,0.09092358547465286
292,41815,0.16801735161356074
292,41816,0.03699540150322961
292,41817,0.0740354733177503
292,41818,0.019930092328147693
292,41819,0.048559830647812816
292,41820,0.026512081343373958
292,41821,0.09414238146073102
292,41822,0.012626767299295114
292,41823,0.09885110057995232
292,41824,0.007787278329877643
292,41825,0.09775384699426351
292,41826,0.23417811086919538
292,41827,0.051283808377056636
292,41828,0.01714196558049847
292,41829,0.03163906504161395
292,41830,0.06493184958810955
292,41831,0.04780299200853362
292,41832,0.019337403854817328
292,41833,0.04722550566686473
292,41834,0.10082487560454398
292,41835,0.0578746208460636
292,41836,0.07823450220491197
292,41837,0.6997641820847866
292,41838,0.33645754549572515
292,41839,0.4217406992342282
292,41840,0.22600509153744522
292,41841,0.2890900164965246
292,41842,0.08916010228836407
292,41843,0.069566962752061
292,41844,0.05775048829374965
292,41845,0.03781473183510322
292,41846,0.06869923119420021
292,41847,0.03378943071714773
292,41848,0.05327350551124432
292,41901,0.0374199742392445
292,41902,0.024661222339615062
292,41903,0.05886716984314308
292,41904,0.016918930961626676
292,41905,0.026068609739207462
292,41906,0.05410971419674402
292,41907,0.04786017861765126
292,41908,0.05952078308522805
292,41909,0.4072436732018666
292,41910,0.06019583612338756
292,41911,0.01824459611261401
292,41912,0.03136417198830308
292,41913,0.02047189914623296
292,41914,0.09202210393034697
292,41915,0.46710978528608527
292,41916,0.02505050537567342
292,41917,0.010761963948609144
292,41918,0.05384677475414411
292,41919,0.06962423557485314
292,41920,0.009948622202209255
292,41921,0.02276389106305911
292,41922,0.02551744411543022
292,41923,0.05564510761905821
292,41924,0.038556296840504524
292,41925,0.0168712890444418
292,41926,0.06188590691200356
292,41927,0.024131170342753586
292,41928,0.04212725088853703
292,41929,0.04209253752252754
292,41930,0.017545193464461397
292,41931,0.031233608096225943
292,41932,0.021256718404475915
292,41933,0.021143231078040982
292,41934,0.03705620456564176
292,41935,0.03231199287406559
292,41936,0.11666838519456733
292,41937,0.2224441350658446
292,41938,0.2221371467340518
292,41939,0.304410268560339
292,41940,0.3742738716184909
292,41941,0.053466314570233014
292,41942,0.12159290953322639
292,41943,0.17597625487025348
292,41944,0.14786768234435227
292,41945,0.17740205597305292
292,41946,0.1009231802028007
292,41947,0.10234375571850914
292,41948,0.06024020578747476
292,42001,0.08760652010868081
292,42002,0.04683240371641981
292,42003,0.0759933214385483
292,42004,0.09774713383859156
292,42005,0.029047102190212854
292,42006,0.043560987906889344
292,42007,0.06931449605356739
292,42008,0.014864654064490135
292,42009,0.040517610988204215
292,42010,0.02249698805356718
292,42011,0.032947133588182555
292,42012,0.05050902647248992
292,42013,0.016822440899737695
292,42014,0.7427807042682948
292,42015,0.04564021483041533
292,42016,0.0648934913987041
292,42017,0.06228096725542028
292,42018,0.08558502692338882
292,42019,0.03562083159001723
292,42020,0.018162467519370246
292,42021,0.066727340148836
292,42022,0.03536896011344624
292,42023,0.015465892506010511
292,42024,0.04295481442922329
292,42025,0.006711136678057839
292,42026,0.04804239821804017
292,42027,0.017192575312407834
292,42028,0.05154465856413174
292,42029,0.07522227554404595
292,42030,0.0052695756584373145
292,42031,0.07609884780508487
292,42032,0.027598225768055464
292,42033,0.014858135651614215
292,42034,0.28132657017575186
292,42035,0.07255487832728977
292,42036,0.11197288243706376
292,42037,0.06890657867547065
292,42038,0.32538866533047267
292,42039,0.33681201055541665
292,42040,0.18763763730235167
292,42041,0.33829341555869
292,42042,0.07391461102337651
292,42043,0.12691649415822373
292,42044,0.45385072009441574
292,42045,0.11532612819530216
292,42046,0.5861111609355708
292,42047,0.49279962781757586
292,42048,0.08742501558420877
292,42101,0.04240172975629079
292,42102,0.014456066735455735
292,42103,0.07588085296197603
292,42104,0.06657174879797466
292,42105,0.02715050767468458
292,42106,0.026598362498357495
292,42107,0.05083657559082165
292,42108,0.054005868316135235
292,42109,0.03402791242680865
292,42110,0.04270096535325544
292,42111,0.06518683298865405
292,42112,0.031905998822330486
292,42113,0.04318994664620121
292,42114,0.03865234999752542
292,42115,0.08450765079347333
292,42116,0.16549434726687884
292,42117,0.18530844747228253
292,42118,0.0680045692342364
292,42119,0.3178465147469548
292,42120,0.11207915252891218
292,42121,0.03274593350732733
292,42122,0.02740782371904914
292,42123,0.1502483296692307
292,42124,0.08322205221561087
292,42125,0.1533827493912103
292,42126,1.5134948892658315
292,42127,0.06947101711025674
292,42128,0.03369712140153861
292,42129,0.03066614887169129
292,42130,0.03548914719432373
292,42131,0.10966299949407739
292,42132,0.035365933643380164
292,42133,0.014565022927163752
292,42134,0.10825678110314972
292,42135,0.016663947317949165
292,42136,0.037151421205755895
292,42137,0.0446462646625886
292,42138,0.023277593631790917
292,42139,0.05741922919444886
292,42140,0.028578490456981378
292,42141,0.029536234033704263
292,42142,0.07748185294662613
292,42143,0.3666018554808846
292,42144,0.08956867338914018
292,42145,0.07592387242344623
292,42146,0.011817013460504027
292,42147,0.034831228875464575
292,42148,0.024615227699570884
292,42201,0.04269547767152558
292,42202,0.07763514240710953
292,42203,0.43061027184235645
292,42204,0.021242834256000213
292,42205,0.04771172685189714
292,42206,0.02546296699488788
292,42207,0.06673253440616606
292,42208,0.019360382969511283
292,42209,0.03242487544820013
292,42210,0.09205472699888786
292,42211,0.02821689297401697
292,42212,0.06097644252239695
292,42213,0.09713813124341301
292,42214,0.12950518873771297
292,42215,0.870800239899855
292,42216,1.1466074493249363
292,42217,0.5977164273565524
292,42218,0.29625651359800287
292,42219,0.24025188176870543
292,42220,0.1270391384406586
292,42221,0.08773572036013168
292,42222,0.06345310142312273
292,42223,0.10348125871688703
292,42224,0.0558948809862452
292,42225,0.03211778135838969
292,42226,0.030588147957633784
292,42227,0.050147490804257046
292,42228,0.2299870132049905
292,42229,0.23927636564095964
292,42230,0.2633242228816985
292,42231,0.8242610877559553
292,42232,0.8526291008928495
292,42233,0.3443368720073318
292,42234,0.19936241777772948
292,42235,0.5727961548421551
292,42236,0.4226979247564364
292,42237,1.1100448509347731
292,42238,1.2349713308719656
292,42239,0.6375937851181984
292,42240,0.41610467813806845
292,42241,0.05183961578548723
292,42242,0.10252934715279324
292,42243,0.07587782134515837
292,42244,0.06188323585665484
292,42245,0.04754631737260506
292,42246,0.036962800577680095
292,42247,0.11404913759380503
292,42248,0.11213829381004588
292,42301,0.03521919829662132
292,42302,0.11184668768639822
292,42303,0.11007702725412082
292,42304,0.032525853508972496
292,42305,0.1138041485361317
292,42306,0.5608226941209221
292,42307,0.032567490048069636
292,42308,0.10546501683923339
292,42309,0.05312851103855253
292,42310,0.027510440846612527
292,42311,0.06670508661569169
292,42312,0.04355218213450267
292,42313,0.10529804270421551
292,42314,0.025682389019262553
292,42315,0.5180387310728712
292,42316,0.15529437772378304
292,42317,0.13140430643226486
292,42318,0.12680726650076593
292,42319,0.09137681975342539
292,42320,0.4552282462850898
292,42321,0.04808732765218683
292,42322,0.05524583024437978
292,42323,0.5161280374776961
292,42324,0.052640781287604736
292,42325,0.026466663122004484
292,42326,0.05885745551396093
292,42327,0.050818178438478995
292,42328,0.07683847053258108
292,42329,0.04203168899159508
292,42330,0.05110919161144941
292,42331,0.07059809821550436
292,42332,0.1770853766055543
292,42333,0.1584107174410934
292,42334,0.15889670269437314
292,42335,0.3892312383211469
292,42336,0.38314504372773045
292,42337,0.5264042945972124
292,42338,0.9530624194877032
292,42339,0.7233540429694304
292,42340,0.5985571969695953
292,42341,0.42581739027355403
292,42342,0.18677415367381756
292,42343,0.09612029517789147
292,42344,0.2218783868003075
292,42345,0.15816652420784216
292,42346,0.0804369780373849
292,42347,0.0908563226568357
292,42348,0.09366435810240345
292,42401,0.06827764355819621
292,42402,0.1035791733035256
292,42403,0.07024160070711809
292,42404,0.06133745722416438
292,42405,0.03395039355673254
292,42406,0.06857092609073846
292,42407,0.09440694443267234
292,42408,0.0249102157585424
292,42409,0.09695821525140577
292,42410,0.07098094533875064
292,42411,0.0431963507755502
292,42412,0.06914416735542518
292,42413,0.11958316443545011
292,42414,0.2899971490605398
292,42415,0.04930114918856543
292,42416,0.06453977339539078
292,42417,0.024986974851874406
292,42418,0.032121166029248804
292,42419,0.3144751855365833
292,42420,0.08901550241424502
292,42421,0.04321235749271218
292,42422,0.07778795195978284
292,42423,0.08998192371355525
292,42424,0.06123938551234606
292,42425,0.07047152347614881
292,42426,0.019907792273964206
292,42427,0.0966912558089227
292,42428,0.05335577024026685
292,42429,0.022407941893016526
292,42430,0.06922097955960052
292,42431,0.07185695195952138
292,42432,0.025156184624067175
292,42433,0.10175253112828349
292,42434,0.16782334615938072
292,42435,0.8950136113583188
292,42436,2.6070470129424828
292,42437,0.23588548279164115
292,42438,0.2000048457626559
292,42439,0.4812417290001585
292,42440,0.3605223912703341
292,42441,0.37708808228803026
292,42442,0.6315908543917356
292,42443,0.31858021381715634
292,42444,0.08113118509540339
292,42445,0.0333269099649613
292,42446,0.047684407748267064
292,42447,0.07509271098268243
292,42448,0.019047350841690337
292,42501,0.08507729966746085
292,42502,0.08097175791473712
292,42503,0.02162724455965786
292,42504,0.11184907116902892
292,42505,0.08418556186312572
292,42506,0.027062568347035045
292,42507,0.0883198796999569
292,42508,0.03560840396006954
292,42509,0.04281873719066482
292,42510,0.07195498893021267
292,42511,0.058782524824405255
292,42512,0.1632058526239596
292,42513,0.07615810127913179
292,42514,0.09180307695632178
292,42515,0.03756824484879165
292,42516,0.049504897709291305
292,42517,0.045568650382540744
292,42518,0.10088845957208495
292,42519,0.07533595110998746
292,42520,0.031690914153885516
292,42521,0.09669229843401672
292,42522,0.0647699925037211
292,42523,0.09067086200634838
292,42524,0.05410392618545967
292,42525,0.06885004740229395
292,42526,0.057242826039920466
292,42527,0.06830518531215929
292,42528,0.03739427000355534
292,42529,0.07125081235972866
292,42530,0.02883623896693862
292,42531,0.04395050061802134
292,42532,0.03275743552182171
292,42533,0.3939517100037221
292,42534,0.16856338523501269
292,42535,0.0720422790821436
292,42536,0.005421127449411294
292,42537,0.07522382695578729
292,42538,0.025674470593026476
292,42539,0.054512116774665824
292,42540,0.026586974079714196
292,42541,0.04055935174617053
292,42542,0.08655822298259118
292,42543,0.06449007059709587
292,42544,0.0706716021637439
292,42545,0.009828803802014301
292,42546,0.06670263737508078
292,42547,0.07312222627213566
292,42548,0.024116560420874233
292,42601,0.10608762463437134
292,42602,0.0396981172666654
292,42603,0.022078646631763347
292,42604,0.031238192568100117
292,42605,0.04236603390333077
292,42606,0.02440212766211593
292,42607,0.02480302106498469
292,42608,0.1376335285458951
292,42609,0.3272006930227268
292,42610,0.05611132295850132
292,42611,0.026772370773247428
292,42612,0.015287401534092084
292,42613,0.05321967409344572
292,42614,0.06958052330374015
292,42615,0.03543930624234266
292,42616,0.0816062277163755
292,42617,0.6172304707876912
292,42618,0.05854355137740605
292,42619,0.022390946007257093
292,42620,0.038806387611959
292,42621,0.07350701436937467
292,42622,0.02853176540295828
292,42623,0.0150960206411941
292,42624,0.06255609140063509
292,42625,0.026283752471735537
292,42626,0.03678866200953925
292,42627,0.03041323517010405
292,42628,0.02640673781333275
292,42629,0.06415225904254625
292,42630,0.04164641536231673
292,42631,0.021474708070959893
292,42632,0.0688295050615137
292,42633,0.03487886650705378
292,42634,0.024725907355455358
292,42635,0.09454370877823647
292,42636,0.03841556283399041
292,42637,0.11797308833720214
292,42638,0.064541364624665
292,42639,0.06672978176921354
292,42640,0.1326160299751067
292,42641,0.260896146556734
292,42642,0.916269977194493
292,42643,0.17609298560143125
292,42644,0.07716798586976077
292,42645,0.08554806667617548
292,42646,0.025019885791383648
292,42647,0.09400601845698714
292,42648,0.05718237182016864
292,42701,0.036656008076174536
292,42702,0.06619021918529273
292,42703,0.05474960253047123
292,42704,0.03124110672972437
292,42705,0.04081905058063279
292,42706,0.05495484161077302
292,42707,0.0605934693942447
292,42708,0.0881558497396628
292,42709,0.018713953681156435
292,42710,0.04465861982408148
292,42711,0.05450870255268163
292,42712,0.02350087249304991
292,42713,0.09533261648205077
292,42714,0.3842124997905222
292,42715,0.014491389725729711
292,42716,0.021825538278425087
292,42717,0.02680989282492676
292,42718,0.06328310314464072
292,42719,0.0875359600209973
292,42720,0.02699150634732983
292,42721,0.031634287834011995
292,42722,0.018347930051870073
292,42723,0.05276001107036856
292,42724,0.06979935225717498
292,42725,0.013671197508067463
292,42726,0.04960774243924643
292,42727,0.05113442253913056
292,42728,0.024278524503258885
292,42729,0.07712370626830606
292,42730,0.022758634031283073
292,42731,0.030448230707982
292,42732,0.09816629074116225
292,42733,0.0102264376181276
292,42734,0.03936407611023726
292,42735,0.08499844681781044
292,42736,0.4522779756289816
292,42737,0.031662203974193025
292,42738,0.07534418764016036
292,42739,0.025800210501937277
292,42740,0.037420714163611146
292,42741,0.03930785255852864
292,42742,0.03536077605606438
292,42743,0.056784787465590604
292,42744,0.04719241880843873
292,42745,0.047107065483510825
292,42746,0.05524418863871637
292,42747,0.07640429143747281
292,42748,0.040495963881811384
292,42801,0.04898331950891563
292,42802,0.013051499127018711
292,42803,0.04878488426602577
292,42804,0.035105344115645525
292,42805,0.04282388009758311
292,42806,0.038952434894366526
292,42807,0.014869239782376314
292,42808,0.030412574007004145
292,42809,0.06765771451595676
292,42810,0.1234031920196632
292,42811,0.046535935720171215
292,42812,0.03370222219986003
292,42813,0.02079215928428381
292,42814,0.04779708396246644
292,42815,0.0163417207341485
292,42816,0.010223005663117854
292,42817,0.07995648982627634
292,42818,0.035046424169828685
292,42819,0.036109061811345565
292,42820,0.031101651310495537
292,42821,0.007645823371242517
292,42822,0.059948514171326364
292,42823,0.03884121533966868
292,42824,0.025544625533330322
292,42825,0.0582066702524628
292,42826,0.0863024878163449
292,42827,0.04092269158131278
292,42828,0.013346901809928794
292,42829,0.02331102127495876
292,42830,0.052892523915737906
292,42831,0.026353598925760578
292,42832,0.1737609082327146
292,42833,0.06972529983661536
292,42834,0.01396103554973247
292,42835,0.03373730279149024
292,42836,0.05467578631428215
292,42837,0.020513939492915096
292,42838,0.05892002557042985
292,42839,0.07826556934222864
292,42840,0.030987908501932
292,42841,0.07115314314350946
292,42842,0.039154603734795984
292,42843,0.012839115302146136
292,42844,0.03351904473428837
292,42845,0.03397700965440599
292,42846,0.018813908419778338
292,42847,0.08713874944187133
292,42848,0.0620190335511326
292,42901,0.05649319433820398
292,42902,0.0671287361527615
292,42903,0.06833638857436156
292,42904,0.08303529309908532
292,42905,0.3860658431893962
292,42906,0.03763556985282012
292,42907,0.04037520768958468
292,42908,0.013151331679373431
292,42909,0.06164195661656255
292,42910,0.052913314041214854
292,42911,0.02878161823366621
292,42912,0.07255561856324698
292,42913,0.03095660463625324
292,42914,0.02884184623276136
292,42915,0.06878105576132024
292,42916,0.012422461202659978
292,42917,0.029736498504124572
292,42918,0.06031126292193399
292,42919,0.01693884517001713
292,42920,0.08577126059158359
292,42921,0.04239777630647586
292,42922,0.04956335527847543
292,42923,0.08479462055729403
292,42924,0.00748772695353972
292,42925,0.2898271020393827
292,42926,0.08589453898261151
292,42927,0.031227314992478224
292,42928,0.04202822282304527
292,42929,0.046647526364160925
292,42930,0.09381382563985796
292,42931,0.020277457976026536
292,42932,0.021215272208054994
292,42933,0.058260287000400604
292,42934,0.02063144273053346
292,42935,0.06516082564058602
292,42936,0.05452302199481014
292,42937,0.017527418688610026
292,42938,0.0781029098317645
292,42939,0.02891921426822184
292,42940,0.03758677842992387
292,42941,0.018298337794085406
292,42942,0.019757883821934694
292,42943,0.0582169956491315
292,42944,0.12520432055602257
292,42945,0.19931529830848033
292,42946,0.08693287776738826
292,42947,0.0095641537910138
292,42948,0.039453106606840864
292,43001,0.04193504889479484
292,43002,0.008455273272249169
292,43003,0.07547808766844508
292,43004,0.012540519854532502
292,43005,0.03417808072399783
292,43006,0.09087818204429911
292,43007,0.026638650809771357
292,43008,0.07193465117361626
292,43009,0.06641673865086051
292,43010,0.05655170354324417
292,43011,0.010204081254221405
292,43012,0.04516651726570134
292,43013,0.026723623720291082
292,43014,0.03740600206527551
292,43015,0.07985176152200564
292,43016,0.2386240700041661
292,43017,0.05390455002064522
292,43018,0.020434431187377165
292,43019,0.027967672438353314
292,43020,0.06488960974810724
292,43021,0.029597479216255933
292,43022,0.04082065425913894
292,43023,0.052728345952363496
292,43024,0.00964783108555289
292,43025,0.052052720293941826
292,43026,0.018178539229917783
292,43027,0.013450021420883949
292,43028,0.05369924879322104
292,43029,0.021304004707761025
292,43030,0.050632500354707524
292,43031,0.029517781358860812
292,43032,0.013558891961159664
292,43033,0.04700292434018452
292,43034,0.00856623244672909
292,43035,0.02962273636281717
292,43036,0.2929230388051442
292,43037,0.09111550667889687
292,43038,0.05350170086998667
292,43039,0.08261979361365433
292,43040,0.03322641359201006
292,43041,0.016449780841328053
292,43042,0.08943730758247698
292,43043,0.029337381884915633
292,43044,0.03317983003697
292,43045,0.04744817650615074
292,43046,0.030239640856909066
292,43047,0.03890997305276087
292,43048,0.05642994903197287
292,43101,0.018190951509035276
292,43102,0.033534953792242826
292,43103,0.019111370489064562
292,43104,0.05053888521733363
292,43105,0.05675165092495611
292,43106,0.01799528546980281
292,43107,0.06751952830507156
292,43108,0.23574316481017854
292,43109,0.022950287208401317
292,43110,0.08044614831907848
292,43111,0.024419325427544783
292,43112,0.030155529916914697
292,43113,0.05150165070044862
292,43114,0.0189858767425886
292,43115,0.08519851237989444
292,43116,0.04389022050544748
292,43117,0.093544692683488
292,43118,0.07016078308399708
292,43119,0.020273299793057288
292,43120,0.012920698326897514
292,43121,0.01594767799040185
292,43122,0.07363092980836544
292,43123,0.020593035716040094
292,43124,0.0774665672753398
292,43125,0.063330449937298
292,43126,0.03127601744684243
292,43127,0.41518300341895836
292,43128,0.09434424355542197
292,43129,0.054597711200781496
292,43130,0.0598258171292761
292,43131,0.007291316763442031
292,43132,0.07557655175550033
292,43133,0.0529258201489952
292,43134,0.02614681289167767
292,43135,0.05700409432050837
292,43136,0.032423142870681286
292,43137,0.016401995843836312
292,43138,0.02354292543907894
292,43139,0.02601536417028997
292,43140,0.022891841974220794
292,43141,0.09043442332903903
292,43142,0.022867752128732568
292,43143,0.05549966475556901
292,43144,0.09044524119122024
292,43145,0.06091875164461739
292,43146,0.05303358842320023
292,43147,0.02540687617747526
292,43148,0.025799044412447552
292,43201,0.372852359651405
292,43202,0.016536867424482522
292,43203,0.05944666196219872
292,43204,0.024219035459986417
292,43205,0.029031984023501795
292,43206,0.053983798097298606
292,43207,0.02176003171841437
292,43208,0.028333249702736495
292,43209,0.06266000388249512
292,43210,0.030833326517459996
292,43211,0.06330849855955678
292,43212,0.02735680018088118
292,43213,0.06302590976696909
292,43214,0.049118226513352195
292,43215,0.006666218857620257
292,43216,0.03729496041581667
292,43217,0.04190685915355729
292,43218,0.039719125570149186
292,43219,0.0708886272057121
292,43220,0.015268783766562963
292,43221,0.405549610854619
292,43222,0.03641034912890185
292,43223,0.05394134508845807
292,43224,0.08011809594896442
292,43225,0.08122502342376947
292,43226,0.05430783442671767
292,43227,0.018261239094373185
292,43228,0.07125940553824091
292,43229,0.09480919927739295
292,43230,0.02972059472185332
292,43231,0.024459998140002288
292,43232,0.03921579704494953
292,43233,0.03462372598028346
292,43234,0.042374131723307513
292,43235,0.04581872737723402
292,43236,0.0278344254202497
292,43237,0.0417763714116997
292,43238,0.23332152037700576
292,43239,0.08773680734598265
292,43240,0.3686066218844391
292,43241,0.7780424180457547
292,43242,0.07004708435842939
292,43243,0.10275220554577649
292,43244,0.12834328681726329
292,43245,0.057968270321753466
292,43246,0.08202211057628123
292,43247,0.08812908860821793
292,43248,0.04373165643015939
292,43301,0.026214007725153116
292,43302,0.019724336816853306
292,43303,0.08005402002706521
292,43304,0.08887214673847527
292,43305,0.029808117837545695
292,43306,0.06295484575789473
292,43307,0.026275432554831033
292,43308,0.020789737579030458
292,43309,0.036499867499154195
292,43310,0.054959968402809894
292,43311,0.2574494512701334
292,43312,0.04612954011718237
292,43313,0.019030062788331126
292,43314,0.03964126718279351
292,43315,0.5604965327046825
292,43316,0.22479665370364235
292,43317,0.15725110328674763
292,43318,0.1397082675124834
292,43319,0.669443347958076
292,43320,0.06926685043837612
292,43321,0.10861336706762553
292,43322,0.1263579264023855
292,43323,0.401799052681808
292,43324,0.3874704788563056
292,43325,0.30572125948001533
292,43326,0.08920095073710975
292,43327,0.2934098889062317
292,43328,0.6079378311313548
292,43329,0.14876871420276389
292,43330,0.05299278114007107
292,43331,0.04182137689053305
292,43332,0.03488943421598122
292,43333,0.147509769988592
292,43334,0.10096109977922196
292,43335,0.1432686227663439
292,43336,0.30387197174198544
292,43337,0.08927325843246886
292,43338,0.13545900379452788
292,43339,0.272323079036894
292,43340,0.4286288423278743
292,43341,0.09645591078661848
292,43342,0.10577564840869584
292,43343,0.09564740239332722
292,43344,0.09730648402148498
292,43345,0.07688510489202187
292,43346,0.08983906960232992
292,43347,0.03259332931758466
292,43348,0.03573001445645883
292,43401,0.09485508976739551
292,43402,0.020683213884039847
292,43403,0.051331302143788615
292,43404,0.0467823733589824
292,43405,0.03416511736961496
292,43406,0.06223622956697181
292,43407,0.037054359343698405
292,43408,0.028084455037474993
292,43409,0.08514780369263579
292,43410,0.015376194120747234
292,43411,0.25982643885938045
292,43412,0.0605815729522176
292,43413,0.04019642450271841
292,43414,0.07888141485572438
292,43415,0.03748051231834127
292,43416,0.02793088832188376
292,43417,0.007693095849069578
292,43418,0.029807893327799824
292,43419,0.03733648158078108
292,43420,0.029635595069661083
292,43421,0.02729997355607645
292,43422,0.015948071758744322
292,43423,0.055974953175382224
292,43424,0.04738372284379699
292,43425,0.018483566023952774
292,43426,0.08956269482644329
292,43427,0.016554776305098117
292,43428,0.042908821190434904
292,43429,0.027387875928923833
292,43430,0.05072845732066773
292,43431,0.04339682328959056
292,43432,0.01769515599247814
292,43433,0.4057972741707771
292,43434,0.8643191688521764
292,43435,0.13061241840053736
292,43436,0.07218350593428356
292,43437,0.06392164650835735
292,43438,0.05240914902581641
292,43439,0.1797708144519006
292,43440,0.49605867405801946
292,43441,0.2680311274088426
292,43442,0.06382592114012628
292,43443,0.017733856721504553
292,43444,0.07103395388128823
292,43445,0.06271638456089454
292,43446,0.025532377591375374
292,43447,0.08745147725573266
292,43448,0.016399816270542496
292,43501,0.04117191947145607
292,43502,0.05719291569250787
292,43503,0.02412013158776797
292,43504,0.04138030691795192
292,43505,0.019319581466854054
292,43506,0.08624808717756942
292,43507,0.1519224404311722
292,43508,0.09543885099878804
292,43509,0.05442704107786192
292,43510,0.026388912645359013
292,43511,0.054722115575950685
292,43512,0.03092664435521163
292,43513,0.05162176011864446
292,43514,0.1037747536209673
292,43515,0.006634340099913846
292,43516,0.02814614844307146
292,43517,0.06413625938850696
292,43518,0.06705251100890885
292,43519,0.04762310538476944
292,43520,0.08167417797482703
292,43521,0.021560452587948788
292,43522,0.06844648123731002
292,43523,0.018644509246939917
292,43524,0.01846893969649195
292,43525,0.041372407890962054
292,43526,0.011922539305527408
292,43527,0.06372233311267336
292,43528,0.03571122083760303
292,43529,0.36299337537085224
292,43530,0.028224248078843477
292,43531,0.03320494372732536
292,43532,0.06572108337259647
292,43533,0.04766660166498277
292,43534,0.011407207155731007
292,43535,0.06427196239548197
292,43536,0.018364394139543008
292,43537,0.2076331091255435
292,43538,0.5807528675772197
292,43539,1.307145708362564
292,43540,0.5733725062534474
292,43541,0.6359682869714826
292,43542,0.23690363954800195
292,43543,0.133293570259781
292,43544,0.12977622187752288
292,43545,0.07253485506581327
292,43546,0.03534031893916899
292,43547,0.03125288856054
292,43548,0.05595030371445225
292,43601,0.027984289219326136
292,43602,0.07632288259210679
292,43603,0.047953136728184936
292,43604,0.03915728555346871
292,43605,0.05681273352032317
292,43606,0.05311666581803969
292,43607,0.00941045177661225
292,43608,0.03951169050842321
292,43609,0.08944123945472002
292,43610,0.029245886251697113
292,43611,0.07610875652222697
292,43612,0.05848734439347052
292,43613,0.30537790917155183
292,43614,0.08329486053249024
292,43615,0.03341983333673096
292,43616,0.11039231692851045
292,43617,0.12531106427125946
292,43618,0.050931332572271684
292,43619,0.10498061535452013
292,43620,0.15057898520774826
292,43621,0.45082096190292736
292,43622,0.3856218083256518
292,43623,0.7501872647287747
292,43624,0.577119254261503
292,43625,0.06730101589487837
292,43626,0.10250328767660155
292,43627,0.24295336779108884
292,43628,0.6139639348426597
292,43629,0.06033784257120745
292,43630,0.0497882238169826
292,43631,0.07381640074349316
292,43632,0.04650806822470458
292,43633,0.05311531071662759
292,43634,0.08935200887181521
292,43635,0.12975821752315192
292,43636,0.08533550203732367
292,43637,0.02902004731883901
292,43638,0.04559575071859497
292,43639,0.03912829132470993
292,43640,0.04177997771995767
292,43641,0.03819354688787432
292,43642,0.14090857185371947
292,43643,0.4235374722735334
292,43644,0.12726561905992448
292,43645,0.04854730695876946
292,43646,0.031713483281843216
292,43647,0.04088247995011143
292,43648,0.0366207946467542
292,43701,0.0119866060649275
292,43702,0.013149723510562011
292,43703,0.027083387565487158
292,43704,0.01971921140601577
292,43705,0.01505528885728166
292,43706,0.04424501450705364
292,43707,0.006421192715781989
292,43708,0.04045844590328733
292,43709,0.08226767774224447
292,43710,0.010542440969055043
292,43711,0.0636703439613852
292,43712,0.07332740938056366
292,43713,0.03405333171547585
292,43714,0.09353400843369643
292,43715,0.030913808278704772
292,43716,0.2134361764099929
292,43717,0.22438697348474976
292,43718,0.10993142241647161
292,43719,0.15557390143277744
292,43720,0.08453791834613487
292,43721,0.06788511656425646
292,43722,0.08415060088431613
292,43723,0.020930554511011983
292,43724,0.08414468812389718
292,43725,0.5924304686775889
292,43726,0.08868491799479103
292,43727,0.3388830916758602
292,43728,0.42052143351006593
292,43729,1.1074609309270211
292,43730,0.021264871185101595
292,43731,0.034509642278910464
292,43732,0.0946528104469755
292,43733,0.07026680088622934
292,43734,0.04050146912621118
292,43735,0.037635295512406214
292,43736,0.04322012641809573
292,43737,0.05957848308292627
292,43738,0.08723899913846975
292,43739,0.08856154760919055
292,43740,0.2242618496721756
292,43741,0.15945830025373173
292,43742,0.179672035961857
292,43743,0.02952345718813591
292,43744,0.09690425847203815
292,43745,0.04409280861637438
292,43746,0.026041373895564095
292,43747,0.05956182570600869
292,43748,0.0724618856756364
292,43801,0.02020567806635323
292,43802,0.03881683863904186
292,43803,0.02508249616121043
292,43804,0.02342217015187283
292,43805,0.17362221307093229
292,43806,0.13152430099055137
292,43807,0.04982472215503878
292,43808,0.09381600405983864
292,43809,0.05963159961059045
292,43810,0.015422642335885932
292,43811,0.07340782976057253
292,43812,0.052503117469970245
292,43813,0.016696343833381495
292,43814,0.07321644885735726
292,43815,0.22182016605716032
292,43816,0.00502058065157065
292,43817,0.018723523261028465
292,43818,0.06101604544109359
292,43819,0.008488649123050154
292,43820,0.0656438949284844
292,43821,0.026784781226739204
292,43822,0.018655400996825548
292,43823,0.0690335341357896
292,43824,0.019458232407975395
292,43825,0.008592345363500384
292,43826,0.09787108978046374
292,43827,0.045782450574946475
292,43828,0.025510536536093455
292,43829,0.03647773939733088
292,43830,0.06761741250746799
292,43831,0.020941568413404065
292,43832,0.03268126189875337
292,43833,0.08665101747895308
292,43834,0.3484827616452172
292,43835,0.4060431167983029
292,43836,0.49829367709942857
292,43837,0.8806324988492955
292,43838,1.0707191725811622
292,43839,0.8180351128572058
292,43840,0.08959099390080309
292,43841,0.14947824589474173
292,43842,0.08053308402440564
292,43843,0.09079760897562443
292,43844,0.0472622165024472
292,43845,0.041257556605319934
292,43846,0.09404972996754289
292,43847,0.031200360066061143
292,43848,0.05535572033106203
292,43901,0.05525790660988912
292,43902,0.029487606418035446
292,43903,0.07703326112611883
292,43904,0.08630985874675826
292,43905,0.5531200760121467
292,43906,0.09080861654534789
292,43907,0.021111172020461935
292,43908,0.03285652043534715
292,43909,0.023037858724954584
292,43910,0.032038494681879304
292,43911,0.06438622060379462
292,43912,0.09658879578609401
292,43913,0.04244874616613773
292,43914,0.08938723444101913
292,43915,0.10191725791523384
292,43916,0.017765929934660644
292,43917,0.039144748995107344
292,43918,0.08963275305069517
292,43919,0.0035853907625958874
292,43920,0.018482339669291744
292,43921,0.0568277004875878
292,43922,0.017094581924149987
292,43923,0.24964723473827818
292,43924,0.046746829860388715
292,43925,0.021501939254826297
292,43926,0.037773844110598684
292,43927,0.0644097296241732
292,43928,0.06365108085862631
292,43929,0.05465522279185515
292,43930,0.08530044283561598
292,43931,0.06944839665451095
292,43932,0.017124606545240173
292,43933,0.014869205046651969
292,43934,0.054582099589309166
292,43935,0.09778091401540297
292,43936,0.10655906061214397
292,43937,0.18358082878884419
292,43938,0.7851805958618023
292,43939,0.1726926417849999
292,43940,0.22994769645593546
292,43941,0.34808956494194465
292,43942,0.1050894835350263
292,43943,0.01841231662281195
292,43944,0.09863404294764938
292,43945,0.03305419486519291
292,43946,0.008500496302047147
292,43947,0.09727129137226834
292,43948,0.08239251370344579
292,44001,0.07025820241053231
292,44002,0.08689983280415664
292,44003,0.04291360456080786
292,44004,0.0455547509201107
292,44005,0.023687231966296112
292,44006,0.007691052548640706
292,44007,0.0508853236020928
292,44008,0.03942721495641927
292,44009,0.008986667073418105
292,44010,0.025603299849405868
292,44011,0.052546301904119685
292,44012,0.023100589258176627
292,44013,0.08304245337579594
292,44014,0.17197136307458358
292,44015,0.043486181474095456
292,44016,0.049707342480972215
292,44017,0.006815630281616251
292,44018,0.03858789306108393
292,44019,0.06013337185294169
292,44020,0.008717315972233127
292,44021,0.058300780236964916
292,44022,0.20116006129504588
292,44023,0.0584931937760995
292,44024,0.05022434793699235
292,44025,0.026947260861899504
292,44026,0.09465609104397317
292,44027,0.06877666692307516
292,44028,0.05565905439378153
292,44029,0.08407717879500748
292,44030,0.04779822240430194
292,44031,0.07377741017595887
292,44032,0.07004348877278582
292,44033,0.02171013171452282
292,44034,0.028474084378197758
292,44035,0.12042143710334668
292,44036,0.56726303358237
292,44037,0.7130232726319036
292,44038,0.33913541404935627
292,44039,0.3080905618008517
292,44040,0.7341787513144886
292,44041,0.14175784537738825
292,44042,0.13776604956308788
292,44043,0.06320662762247056
292,44044,0.031222191928159917
292,44045,0.059098838740247406
292,44046,0.08885913238390128
292,44047,0.06616877272526138
292,44048,0.0250857833305722
292,44101,0.06976306458247286
292,44102,0.02501081712830852
292,44103,0.02418383645997087
292,44104,0.062234834666039456
292,44105,0.035700217903046325
292,44106,0.02873792022976914
292,44107,0.07948366529896618
292,44108,0.02997742679581024
292,44109,0.026060408888191198
292,44110,0.026722841213676057
292,44111,0.05218011722814756
292,44112,0.014883745226162043
292,44113,0.476128827783666
292,44114,0.13538931240846025
292,44115,0.03696019840836582
292,44116,0.028146531238563803
292,44117,0.017283043913909026
292,44118,0.05122638194908128
292,44119,0.02987301706558861
292,44120,0.0165770557582713
292,44121,0.03733699644937988
292,44122,0.04631444094300814
292,44123,0.019771467427552862
292,44124,0.04548493138653443
292,44125,0.043961991480398914
292,44126,0.06559033660920187
292,44127,0.05769283300346012
292,44128,0.05766280098990746
292,44129,0.07605028408080637
292,44130,0.04246294300758582
292,44131,0.017704746260152428
292,44132,0.029590643057965795
292,44133,0.06583544030425897
292,44134,0.35575554527088393
292,44135,0.08457257474393465
292,44136,0.029520495515176208
292,44137,0.6779944212888712
292,44138,0.05270147459856516
292,44139,0.03845734363742211
292,44140,0.021678157228356244
292,44141,0.003436317021123889
292,44142,0.03127179708716878
292,44143,0.0768311055149233
292,44144,0.019025114098108444
292,44145,0.05656118942263025
292,44146,0.034135143500449674
292,44147,0.04214052456938641
292,44148,0.07026270311142323
292,44201,0.009171042439540948
292,44202,0.07909972305132966
292,44203,0.06192035519369235
292,44204,0.0863584641007499
292,44205,0.024323422864865087
292,44206,0.027461291356107462
292,44207,0.03549843212683362
292,44208,0.03961636984532017
292,44209,0.06471193390811728
292,44210,0.02297466888339404
292,44211,0.33736788678693963
292,44212,0.03351175353977454
292,44213,0.025741014078500525
292,44214,0.11215613063595542
292,44215,0.043150169704141844
292,44216,0.06339658878538919
292,44217,0.03159028469166572
292,44218,0.06444212801753196
292,44219,0.016166651131476313
292,44220,0.0347927983607195
292,44221,0.042300048344640614
292,44222,0.03812215347638546
292,44223,0.03589966663383203
292,44224,0.008461606555517857
292,44225,0.06195260443981428
292,44226,0.020696596788073424
292,44227,0.03132673017513401
292,44228,0.029307385839639582
292,44229,0.03272299195107582
292,44230,0.024150969823097414
292,44231,0.07916770949931815
292,44232,0.36109269277256223
292,44233,0.020079040390634566
292,44234,0.04663763149164194
292,44235,0.09299618719562157
292,44236,0.23282855416280757
292,44237,1.224784418740762
292,44238,0.08227407165735644
292,44239,0.18195993519399725
292,44240,0.42652038431949196
292,44241,0.2041686602118843
292,44242,0.13997546059028898
292,44243,0.08221105187868478
292,44244,0.03073484139012325
292,44245,0.09026743806543855
292,44246,0.028120972071419763
292,44247,0.02067520859390829
292,44248,0.027672755335808104
292,44301,0.06395082094723517
292,44302,0.010574471842707853
292,44303,0.04498385220342389
292,44304,0.047664935120632086
292,44305,0.07385601878445144
292,44306,0.07893505815980173
292,44307,0.03777279713405234
292,44308,0.05306464928255675
292,44309,0.04319756614978386
292,44310,0.01772607917529615
292,44311,0.04903895392782692
292,44312,0.21143002876555353
292,44313,0.009868302243863543
292,44314,0.029157663631776718
292,44315,0.03781321321800589
292,44316,0.027662727566821543
292,44317,0.4984671925613035
292,44318,0.1281460862598625
292,44319,0.28402238676941544
292,44320,0.08097479935517207
292,44321,0.09393488305055073
292,44322,0.02788861609912646
292,44323,0.022803013638362946
292,44324,0.04790460594636045
292,44325,0.08883943464780811
292,44326,0.1928479748461934
292,44327,0.16120006939781137
292,44328,0.11730386844606523
292,44329,0.5446542801297111
292,44330,0.09826765440411415
292,44331,0.10037786956125332
292,44332,0.16285004769522557
292,44333,0.18128032197592464
292,44334,0.34779856553772454
292,44335,0.3191456088468691
292,44336,0.11951410551812547
292,44337,0.08706715857462313
292,44338,0.3693583860986624
292,44339,0.03265801063710426
292,44340,0.05110446486159709
292,44341,0.05336617417299406
292,44342,0.029367161447268048
292,44343,0.08307041691431549
292,44344,0.031253052755325576
292,44345,0.050198726218335564
292,44346,0.16847081617552692
292,44347,0.1373332141775765
292,44348,0.07607648261108872
292,44401,0.02423631215254563
292,44402,0.07740916492281824
292,44403,0.09382196734049823
292,44404,0.09645690617078113
292,44405,0.04998370110920087
292,44406,0.03336236386506857
292,44407,0.095951084952387
292,44408,0.03827994150096841
292,44409,0.07394616866172798
292,44410,0.047105657197234294
292,44411,0.01599636323270045
292,44412,0.09682434318732276
292,44413,0.0199662825451379
292,44414,0.0704999009649212
292,44415,0.049998502336792185
292,44416,0.03592757010378329
292,44417,0.22873487015456395
292,44418,0.06794579604830903
292,44419,0.5039823439317797
292,44420,0.052891148673964834
292,44421,0.12456913281821803
292,44422,0.15704316228613424
292,44423,0.06782937119006016
292,44424,0.2946881245084594
292,44425,0.4358555691274046
292,44426,0.11868605938599677
292,44427,0.07826546922368818
292,44428,0.5328158322057132
292,44429,0.1233319574349921
292,44430,0.15121626091143442
292,44431,0.07668236675026209
292,44432,0.041966656759042965
292,44433,0.13308641808609584
292,44434,0.042184626152966545
292,44435,0.2751636557710617
292,44436,0.3168294031075256
292,44437,0.047357109124903055
292,44438,0.4500317621322246
292,44439,0.0601383824920407
292,44440,0.04710055199692391
292,44441,0.11421572924364745
292,44442,0.1607884720925398
292,44443,0.02572095541486081
292,44444,0.03265956860157043
292,44445,0.061752924879348525
292,44446,0.04120666431437316
292,44447,0.03767219628036696
292,44448,0.03975040545320906
292,44501,0.015371737789366747
292,44502,0.042105336518709416
292,44503,0.07165971429126351
292,44504,0.10881463240811047
292,44505,0.08325970762546081
292,44506,0.08811078028717177
292,44507,0.01745685667665811
292,44508,0.028332472341151483
292,44509,0.512031644995426
292,44510,0.02359315287923166
292,44511,0.02803304919957542
292,44512,0.016015137414948765
292,44513,0.031989265279193435
292,44514,0.13485125305333273
292,44515,0.0258024012476098
292,44516,0.0815955736398832
292,44517,0.018826184529255136
292,44518,0.059698409869800496
292,44519,0.03823305466855358
292,44520,0.015707510051048305
292,44521,0.022127098165778843
292,44522,0.03468993610812729
292,44523,0.03769031008495897
292,44524,0.01657043588175737
292,44525,0.060911040387719294
292,44526,0.04934327996726293
292,44527,0.05380795634131992
292,44528,0.07526276600626648
292,44529,0.21876659469133145
292,44530,0.03991693964177024
292,44531,0.020829773468764023
292,44532,0.032807380550762745
292,44533,0.0968972458305555
292,44534,0.16092033594961
292,44535,0.4593205919394089
292,44536,2.0054169773712545
292,44537,1.3245409646737203
292,44538,0.11103854204117108
292,44539,0.2135531738437943
292,44540,0.8992281524969931
292,44541,0.1431862191651933
292,44542,0.1128943004713242
292,44543,0.07074960309488923
292,44544,0.07270583005724618
292,44545,0.06436548148401942
292,44546,0.09559731737660183
292,44547,0.0107693261018583
292,44548,0.07050875841149104
292,44601,0.03860682024224998
292,44602,0.027384815759308314
292,44603,0.037099325237900826
292,44604,0.04957450990324663
292,44605,0.024677425214563044
292,44606,0.09642481337256861
292,44607,0.05861055725599094
292,44608,0.049129517962249056
292,44609,0.019195923029133567
292,44610,0.026713560034507214
292,44611,0.04271902498356578
292,44612,0.03230677064647058
292,44613,0.3731528623678972
292,44614,0.25138962786032865
292,44615,0.06743993867811178
292,44616,0.06438303366839676
292,44617,0.013688836495980497
292,44618,0.06249656506049461
292,44619,0.05372852183194616
292,44620,0.018297693295278705
292,44621,0.03321846916191652
292,44622,0.024421349746634777
292,44623,0.03917521102310406
292,44624,0.045637820124069105
292,44625,0.07076603662664183
292,44626,0.047395113055586385
292,44627,0.06321484584214328
292,44628,0.05359651185795506
292,44629,0.04449044394455103
292,44630,0.021100461851368345
292,44631,0.04601147134977809
292,44632,0.04516800569098611
292,44633,0.02814779663234212
292,44634,0.03403942125918489
292,44635,0.06746423543499608
292,44636,0.26363081461616666
292,44637,0.09490160878924782
292,44638,0.12367713624052899
292,44639,0.48630359956620384
292,44640,0.21501309125803686
292,44641,0.06072949749811065
292,44642,0.094816167694155
292,44643,0.1772581928256881
292,44644,0.1390229565842793
292,44645,0.09459189412942323
292,44646,0.01776975147272077
292,44647,0.05629536996827347
292,44648,0.029972729637274365
292,44701,0.058534029976440985
292,44702,0.07384929514992632
292,44703,0.051962051791839
292,44704,0.014009209049900615
292,44705,0.046039944217244166
292,44706,0.07015571206138682
292,44707,0.05154144081858698
292,44708,0.02279561366055961
292,44709,0.034639781670177505
292,44710,0.027074692166349258
292,44711,0.036780975333047645
292,44712,0.5000654996646874
292,44713,0.1097819620122573
292,44714,0.06790765461170337
292,44715,0.08402277577974626
292,44716,0.052968142618173446
292,44717,0.023514981664432767
292,44718,0.060171660537963946
292,44719,0.06231055387686863
292,44720,0.016412691302519804
292,44721,0.024563521455722766
292,44722,0.06507763447405003
292,44723,0.07446866678185994
292,44724,0.06943811037510002
292,44725,0.06407439490291461
292,44726,0.09835857865534228
292,44727,0.08772717352563311
292,44728,0.028119553162910274
292,44729,0.043404526359018016
292,44730,0.026901217102399906
292,44731,0.08234429601546558
292,44732,0.024268178597553303
292,44733,0.4355557684062762
292,44734,0.19147146469036577
292,44735,0.262319902453521
292,44736,0.4520746081322379
292,44737,0.12008028380900548
292,44738,0.0707131623494684
292,44739,0.23665407864141302
292,44740,0.8736883096704553
292,44741,0.0787881182611749
292,44742,0.1180103916411728
292,44743,0.06456900169492238
292,44744,0.06657182327535391
292,44745,0.027143968329292376
292,44746,0.052287618125844204
292,44747,0.040507765167387466
292,44748,0.02777956835264032
292,44801,0.06928521210873556
292,44802,0.0696149066226422
292,44803,0.018542947537820317
292,44804,0.038472686616496415
292,44805,0.03584088212905177
292,44806,0.010066768859800186
292,44807,0.08480403595639158
292,44808,0.0818095064459814
292,44809,0.01613233099510757
292,44810,0.09808768656766842
292,44811,1.3928364395496176
292,44812,0.08882937331158228
292,44813,0.0674032587056011
292,44814,0.049948174991466116
292,44815,0.01344029333747714
292,44816,0.08170162224703935
292,44817,0.06333584302672615
292,44818,0.02617884716683222
292,44819,0.08733902764011
292,44820,0.039705264539678896
292,44821,0.01812973135989379
292,44822,0.017264261530674254
292,44823,0.0844879622191679
292,44824,0.28459082978490324
292,44825,0.012888710504648909
292,44826,0.09364770523639707
292,44827,0.054618962563604434
292,44828,0.005163870421051883
292,44829,0.056609145566425344
292,44830,0.0489754118061015
292,44831,0.009515674100362505
292,44832,0.058777774044464035
292,44833,0.06596440467818568
292,44834,0.046184018899354286
292,44835,0.09186239892601661
292,44836,0.7278591066220166
292,44837,0.02980637345863226
292,44838,0.02653905082557842
292,44839,0.052002486739156285
292,44840,0.007538959467005891
292,44841,0.06988536534959217
292,44842,0.14282979577582036
292,44843,0.09398203974266849
292,44844,0.05338517864209434
292,44845,0.1172479733739792
292,44846,0.11463311201304174
292,44847,0.03877573071369316
292,44848,0.06422588710611424
292,44901,0.014482875565860871
292,44902,0.018670104343286847
292,44903,0.038625587438968816
292,44904,0.014706830407515964
292,44905,0.04370043469042196
292,44906,0.06040017568565708
292,44907,0.0070456561546712124
292,44908,0.2250747939644843
292,44909,0.05881264031606648
292,44910,0.016768208514951498
292,44911,0.048960815706740796
292,44912,0.04010354847840583
292,44913,0.022623974037218338
292,44914,0.059335951783389844
292,44915,0.061367981366423595
292,44916,0.03653768663897638
292,44917,0.059875657542046025
292,44918,0.01594808581908852
292,44919,0.02166659991077336
292,44920,0.04238102429259098
292,44921,0.026729825784294677
292,44922,0.053249105279375895
292,44923,0.0820600086543735
292,44924,0.08123126007196459
292,44925,0.052468642452716686
292,44926,0.07786791358424822
292,44927,0.0240172057626712
292,44928,0.386800022231297
292,44929,0.07850961314193367
292,44930,0.0315086840519621
292,44931,0.017703212488350138
292,44932,0.04171986466064421
292,44933,0.0515678450819938
292,44934,0.069999350320865
292,44935,0.5830624398090579
292,44936,0.05517781017201635
292,44937,0.05028828496763298
292,44938,0.027639504555307247
292,44939,0.09710478506756035
292,44940,0.07063467535452368
292,44941,0.0733690835061976
292,44942,0.06106536307315307
292,44943,0.06210229811487573
292,44944,0.03164536711313458
292,44945,0.44739641435473726
292,44946,0.30373121313430645
292,44947,0.13214782290095795
292,44948,0.024775729501021904
292,45001,0.07981857488346944
292,45002,0.061437770803035266
292,45003,0.019878675320587735
292,45004,0.038754816267197206
292,45005,0.05704710647787874
292,45006,0.02416084401846584
292,45007,0.018373683635225742
292,45008,0.05896565612225445
292,45009,0.03275209053856433
292,45010,0.00814713036336794
292,45011,0.07540510697878187
292,45012,0.042989404660877265
292,45013,0.02443201190297942
292,45014,0.31119360592425915
292,45015,0.25225522367149633
292,45016,0.9439338228472212
292,45017,1.035590929473808
292,45018,0.920090203314997
292,45019,0.777472624556547
292,45020,0.029060894945760064
292,45021,0.022740523529601316
292,45022,0.020402332203014375
292,45023,0.060702455586977414
292,45024,0.05022030716563371
292,45025,0.008382168779630744
292,45026,0.02611740070265737
292,45027,0.2636324369890699
292,45028,0.281508293467554
292,45029,0.38880851048631077
292,45030,0.8727643473315277
292,45031,0.40843802401673046
292,45032,0.6164985364707277
292,45033,0.2640167970583161
292,45034,1.2748668471025162
292,45035,0.9409700843508546
292,45036,0.1914556594810393
292,45037,1.3257973257184676
292,45038,0.30491691663957554
292,45039,0.15746107543639393
292,45040,1.113182043671146
292,45041,0.8987357045599305
292,45042,0.39235728957363
292,45043,0.24700628012658055
292,45044,0.406773977535852
292,45045,0.5044970954277864
292,45046,0.29660944098792114
292,45047,0.08127313567933164
292,45048,0.10895649707020959
292,45101,0.03159115550440588
292,45102,0.07276500355027009
292,45103,0.0764086766286945
292,45104,0.09274429412539827
292,45105,0.03738654489706377
292,45106,0.010329694120881059
292,45107,0.0664447958299599
292,45108,0.02965360770856328
292,45109,0.044025504608311936
292,45110,0.0920246726545855
292,45111,0.10124047932257914
292,45112,0.0949561212232694
292,45113,0.08577625217139412
292,45114,0.0918327719883801
292,45115,0.5021215793611183
292,45116,0.16752120732485534
292,45117,0.4160064722118795
292,45118,0.4483065146315408
292,45119,0.4987718595460059
292,45120,0.14935916115735495
292,45121,0.40565178020387577
292,45122,1.3823606173387368
292,45123,0.2477242336829863
292,45124,0.054252638210872554
292,45125,0.15394199475884682
292,45126,0.13281441690234533
292,45127,0.1689491670761765
292,45128,0.05783187195172291
292,45129,0.16355272683014974
292,45130,0.11863642544202345
292,45131,0.040240558809451994
292,45132,0.6350168670014952
292,45133,0.11277597824256148
292,45134,0.09531712415317493
292,45135,0.06268763025515994
292,45136,0.25953437426899967
292,45137,0.08186069762447988
292,45138,0.04898481451671349
292,45139,0.07122591616891841
292,45140,0.012104999499039636
292,45141,0.04027573834568639
292,45142,0.017221313387266363
292,45143,0.03630711900421474
292,45144,0.14768286198211264
292,45145,0.015571249049525619
292,45146,0.01635852331450836
292,45147,0.027562517432478405
292,45148,0.02517046537385293
292,45201,0.08926117918921393
292,45202,0.02725072325064652
292,45203,0.0741792596613792
292,45204,0.04184364633184454
292,45205,0.32976347768751657
292,45206,0.028066015695685537
292,45207,0.017921764076018566
292,45208,0.0264215168113703
292,45209,0.010670728169184459
292,45210,0.03711917402497756
292,45211,0.02813263534648728
292,45212,0.01871444730345811
292,45213,0.033146042696197475
292,45214,0.035540619074606476
292,45215,0.051616367166786484
292,45216,0.025303566727678584
292,45217,0.07422139900291924
292,45218,0.03241262441589909
292,45219,0.16615330143892343
292,45220,0.1623450785645249
292,45221,0.02730411704959851
292,45222,0.014787047695191846
292,45223,0.04302836006367621
292,45224,0.0026529451497446462
292,45225,0.02264420986386186
292,45226,0.031480066281064006
292,45227,0.029833917598181325
292,45228,0.025701562203819913
292,45229,0.016087770692880508
292,45230,0.05675981093391163
292,45231,0.01715596549647755
292,45232,0.02763988195486736
292,45233,0.055280288167317865
292,45234,0.188479189845728
292,45235,0.03224821979936162
292,45236,0.5101138920208257
292,45237,0.7909494999675809
292,45238,0.17172421422576276
292,45239,0.30867728609289025
292,45240,0.2643521320612841
292,45241,0.06996522819215366
292,45242,0.08197261830634611
292,45243,0.3889354762762616
292,45244,0.07629307028603619
292,45245,0.07073125394896078
292,45246,0.042368479004241816
292,45247,0.015423304655458199
292,45248,0.08261131184199375
292,45301,0.011378937724455345
292,45302,0.07232270059570226
292,45303,0.030043995821993033
292,45304,0.030342696085431085
292,45305,0.07082913339982361
292,45306,0.028039511695986282
292,45307,0.08396054837714592
292,45308,0.029428694284004405
292,45309,0.0730202861803371
292,45310,0.0431191327814204
292,45311,0.06004675796310619
292,45312,0.02155844583933933
292,45313,0.0341735078691104
292,45314,0.08765613615512312
292,45315,0.3867015666842679
292,45316,0.0742860536615712
292,45317,0.017410924559055144
292,45318,0.021148417395925156
292,45319,0.02950949694246314
292,45320,0.03727544230956145
292,45321,0.020193303476480712
292,45322,0.013379230778151148
292,45323,0.0758468125283821
292,45324,0.05775400461363592
292,45325,0.03637750120339111
292,45326,0.08113564970567476
292,45327,0.04269101688871846
292,45328,0.014659729034380802
292,45329,0.02720919456719374
292,45330,0.04234140805107117
292,45331,0.0071534832934769445
292,45332,0.04018403419472106
292,45333,0.019154583827081566
292,45334,0.0641458867554694
292,45335,0.025773497668669803
292,45336,0.5241603657522396
292,45337,0.2044552835230094
292,45338,0.14903289089194732
292,45339,0.1574389895572895
292,45340,0.22072886490220853
292,45341,0.4427046572797597
292,45342,0.12861144615913359
292,45343,0.05052212866321187
292,45344,0.06848332006275752
292,45345,0.04276078577055254
292,45346,0.01778907140546644
292,45347,0.02887425482279925
292,45348,0.019153985417251034
292,45401,0.0554544581332183
292,45402,0.034448098401138764
292,45403,0.036706305708682815
292,45404,0.0667232401556774
292,45405,0.05448534394007938
292,45406,0.04985378880362046
292,45407,0.060610816831724645
292,45408,0.025419453852719924
292,45409,0.060060858201319255
292,45410,0.06808380246885971
292,45411,0.014901021082670154
292,45412,0.08798097389772336
292,45413,0.4395032564750312
292,45414,0.06644117701569399
292,45415,0.03609660427848448
292,45416,0.027931882044293876
292,45417,0.0557676232469481
292,45418,0.006900638833239723
292,45419,0.02416724393498722
292,45420,0.041652672692641314
292,45421,0.0359987882311547
292,45422,0.06161945176211441
292,45423,0.021884307393932635
292,45424,0.03289289283878608
292,45425,0.006247640363047384
292,45426,0.027399645436900384
292,45427,0.0189886503597422
292,45428,0.03319828580963214
292,45429,0.06914217059125198
292,45430,0.005399144760393173
292,45431,0.05821591129922836
292,45432,0.04396915251517226
292,45433,0.07553652568253474
292,45434,0.3178025013364935
292,45435,0.06513335216137654
292,45436,0.05345285102938926
292,45437,0.025586761189088172
292,45438,0.016799723354992777
292,45439,0.42319375853425156
292,45440,0.051489605145402954
292,45441,0.008585926254845146
292,45442,0.11485094131420176
292,45443,0.018909281421526137
292,45444,0.020510944663174935
292,45445,0.07061837146657424
292,45446,0.010173040592431168
292,45447,0.028009037984235225
292,45448,0.01532867610202512
292,45501,0.05057923862952455
292,45502,0.031640586684994615
292,45503,0.024928621069570837
292,45504,0.05975881739041171
292,45505,0.019628808380383885
292,45506,0.08710077974232847
292,45507,0.01971357266483998
292,45508,0.0632242473010705
292,45509,0.015724109117243024
292,45510,0.02786016919810751
292,45511,0.5665789736563341
292,45512,0.02779798301022804
292,45513,0.046538903884298544
292,45514,0.5571682782798466
292,45515,0.4408198976079346
292,45516,0.06886603154927717
292,45517,0.025842442428395423
292,45518,0.011907485293964194
292,45519,0.05487586040806268
292,45520,0.010963883214547707
292,45521,0.022352491899141295
292,45522,0.05971411891072779
292,45523,0.0158722192568898
292,45524,0.02999927780780866
292,45525,0.016682479995954343
292,45526,0.026715444961473368
292,45527,0.03375775121521144
292,45528,0.02592571176259687
292,45529,0.042572001020831154
292,45530,0.030960672065244468
292,45531,0.03397294562647954
292,45532,0.004147562149635984
292,45533,0.06644477455079227
292,45534,0.593840006817386
292,45535,0.32836757351792967
292,45536,0.024184395170498606
292,45537,0.05381790095856059
292,45538,0.029793460453316878
292,45539,0.05542168532021027
292,45540,0.03766685724462398
292,45541,0.08491235358127773
292,45542,0.11670754933557921
292,45543,0.14615544773833458
292,45544,0.1297563780900962
292,45545,0.1129301377073969
292,45546,0.04577204703794769
292,45547,0.04158489382297268
292,45548,0.03650350441323221
292,45601,0.020303680115090303
292,45602,0.03130780634085981
292,45603,0.052966992295585186
292,45604,0.2871048246150364
292,45605,0.05379400339211407
292,45606,0.027919164319469603
292,45607,0.07940664038755392
292,45608,0.053680114607118856
292,45609,0.026608465266786768
292,45610,0.03179457830532937
292,45611,0.030848532282989595
292,45612,0.029329406972891683
292,45613,0.025749290778641704
292,45614,0.09045175084808765
292,45615,0.01986472137405954
292,45616,0.04997247588436638
292,45617,0.015538422338733277
292,45618,0.015095626360115086
292,45619,0.01689168201586117
292,45620,0.01751571736164005
292,45621,0.022497570307729125
292,45622,0.13410408667948978
292,45623,0.047945494389471786
292,45624,0.023370874158775156
292,45625,0.03436978374636831
292,45626,0.023759059389140517
292,45627,0.02742123965382482
292,45628,0.011292995123308863
292,45629,0.06641693797553849
292,45630,0.02050534278056463
292,45631,0.030823254533439468
292,45632,0.07981873125575906
292,45633,0.06398700329496032
292,45634,0.04581053087744887
292,45635,0.02550570999884953
292,45636,2.2999285852181597
292,45637,0.9211222604414685
292,45638,0.16715551180396881
292,45639,0.6708192835221424
292,45640,0.25730287844563793
292,45641,0.13403684746904496
292,45642,0.19245644727437144
292,45643,0.18657349823984337
292,45644,0.36715885654608926
292,45645,0.024238223817194843
292,45646,0.025178830710369773
292,45647,0.04530650518855811
292,45648,0.03805663935261437
292,45701,0.023142403636008505
292,45702,0.01650152943603074
292,45703,0.08648545768960098
292,45704,0.0701366164104026
292,45705,0.020847702370322404
292,45706,0.023983654915568416
292,45707,0.04470083072612802
292,45708,0.05551342624701241
292,45709,0.02293588691798565
292,45710,0.06920848448892179
292,45711,0.013961768222639837
292,45712,0.039656834352249204
292,45713,0.015452685818955118
292,45714,0.03054400388373797
292,45715,0.03228813287506509
292,45716,0.2797769452251695
292,45717,0.14768941615552472
292,45718,0.09786989161306836
292,45719,0.18196607767826709
292,45720,0.10572503741006116
292,45721,0.05954846490259125
292,45722,0.5878333384049849
292,45723,0.07854828513712704
292,45724,0.014709973444096355
292,45725,0.05709008411106964
292,45726,0.03453036499249368
292,45727,0.037738654932237846
292,45728,0.036361997779443773
292,45729,0.06064944526683078
292,45730,0.2331289585083365
292,45731,0.12258591355704378
292,45732,0.11144591314305238
292,45733,0.13585510804865078
292,45734,0.0496389142867164
292,45735,0.10917763988328961
292,45736,0.2469871029681267
292,45737,0.4542196740209596
292,45738,0.29488339313597484
292,45739,0.4901300710261877
292,45740,0.14548355437312946
292,45741,0.09945921925729924
292,45742,0.10880186494703974
292,45743,0.10572903784171875
292,45744,0.19348778582213622
292,45745,0.015411109674606158
292,45746,0.0643343332496465
292,45747,0.01933464670814459
292,45748,0.04646989682902335
292,45801,0.031449395212089996
292,45802,0.023394720574215225
292,45803,0.03997812532891632
292,45804,0.055732774770909266
292,45805,0.032371637277977525
292,45806,0.1508451894421183
292,45807,0.05182709873691383
292,45808,0.027278571582390155
292,45809,0.07595650728483219
292,45810,0.048061868189443115
292,45811,0.04955146009335163
292,45812,0.049359945320231365
292,45813,0.021354607920423818
292,45814,0.3948476890374701
292,45815,0.08078744624252875
292,45816,0.15986522213164003
292,45817,0.07460662278221127
292,45818,0.07445277331814383
292,45819,0.04298901289501167
292,45820,0.04134421446311741
292,45821,0.5622248594052747
292,45822,0.04624408419175074
292,45823,0.030470979819126706
292,45824,0.04419141679824173
292,45825,0.0318259345862724
292,45826,0.040523457198426246
292,45827,0.025129576494278154
292,45828,0.02445662470863187
292,45829,0.01728163079592563
292,45830,0.07632121811502494
292,45831,0.02343089409671476
292,45832,0.059652038264634624
292,45833,0.02504163568682379
292,45834,0.03883677697901553
292,45835,0.09077442657867728
292,45836,0.7472919263981967
292,45837,0.23799578187070444
292,45838,0.051152492078459184
292,45839,0.18530159244715555
292,45840,0.1335941972119062
292,45841,0.36390027966965055
292,45842,0.09423623634683806
292,45843,0.016077488649594514
292,45844,0.02704824995068213
292,45845,0.059129957872054315
292,45846,0.026872149118993043
292,45847,0.06238330694526933
292,45848,0.014150067525311059
292,45901,0.035394249984506694
292,45902,0.027667690506152972
292,45903,0.064200031848556
292,45904,0.01962516294742848
292,45905,0.023912018957863122
292,45906,0.02969913629818836
292,45907,0.07982472172883974
292,45908,0.02022892386835076
292,45909,0.061216101219977705
292,45910,0.013989519966533876
292,45911,0.04566287974304127
292,45912,0.006440827941949592
292,45913,0.0386305191170859
292,45914,0.2674777649980998
292,45915,0.04091643043486981
292,45916,0.01989497324144977
292,45917,0.06854158762608765
292,45918,0.006582049337780543
292,45919,0.027008544316257543
292,45920,0.017835431933883737
292,45921,0.03306781998717183
292,45922,0.025646726616371206
292,45923,0.09820333926688592
292,45924,0.026821121807026442
292,45925,0.015687034871866325
292,45926,0.04860515502359828
292,45927,0.01683397423951946
292,45928,0.03720897107674101
292,45929,0.012884987049571707
292,45930,0.47370451405125513
292,45931,0.05259529240507013
292,45932,0.03128639032279459
292,45933,0.01271897313143451
292,45934,0.044374129748523346
292,45935,0.15212003000444338
292,45936,0.5876139235070515
292,45937,0.31956287972075637
292,45938,0.16443176937580156
292,45939,0.19981286776761487
292,45940,0.1126743850228169
292,45941,0.17710964296969375
292,45942,0.10726761060648234
292,45943,0.6104574542145831
292,45944,0.057537282842646
292,45945,0.01880208599179956
292,45946,0.028896885039948292
292,45947,0.017942119375176237
292,45948,0.02462386841247963
292,46001,0.038518326650572664
292,46002,0.04773341486910134
292,46003,0.040982710804223235
292,46004,0.04253849204312263
292,46005,0.05214754831425182
292,46006,0.0598484920593667
292,46007,0.05022973601369647
292,46008,0.01891211046002798
292,46009,0.017397976787780198
292,46010,0.05858518608000861
292,46011,0.024261750577900608
292,46012,0.06080709533720486
292,46013,0.020451671111849364
292,46014,0.5095879357153533
292,46015,0.057300339084498005
292,46016,0.022680353767363378
292,46017,0.014281766824636777
292,46018,0.031098231462214188
292,46019,0.0367639957519885
292,46020,0.017891696071687082
292,46021,0.013706809553082075
292,46022,0.055652994152309176
292,46023,0.03213296846810848
292,46024,0.024815394406930865
292,46025,0.011686845707387969
292,46026,0.05106022807668691
292,46027,0.4965532382442228
292,46028,0.04802082074290213
292,46029,0.05132420343062702
292,46030,0.01810185015225049
292,46031,0.03349476944629472
292,46032,0.03506530610567112
292,46033,0.038030630207882186
292,46034,0.03749643784399164
292,46035,0.033712383439716276
292,46036,0.01386279142045338
292,46037,0.02257989784450558
292,46038,0.02468507146844862
292,46039,0.042377815180239004
292,46040,0.0292620623404935
292,46041,0.08969447394783683
292,46042,0.021538940636361036
292,46043,0.027750384752534073
292,46044,0.018375599225683072
292,46045,0.013279930808926988
292,46046,0.30330887789493466
292,46047,0.36700717587799014
292,46048,0.04258448769122193
292,46101,0.07275802664747134
292,46102,0.047861686733462416
292,46103,0.026213451473891855
292,46104,0.056478313035180756
292,46105,0.031459879930963885
292,46106,0.0382645385016351
292,46107,0.0483873002560745
292,46108,0.05687906776138899
292,46109,0.019900839417146616
292,46110,0.03193278676618131
292,46111,0.019581262337630415
292,46112,0.019386001713721603
292,46113,0.31865623636906465
292,46114,0.16707320313477533
292,46115,0.018203293125049428
292,46116,0.038760572329069695
292,46117,0.010434051557817048
292,46118,0.05425345613838314
292,46119,0.012742133136371072
292,46120,0.043409661426280804
292,46121,0.02177761265687538
292,46122,0.0447369975328224
292,46123,0.01608023380552123
292,46124,0.024527379825304684
292,46125,0.024792769726196384
292,46126,0.08111073431497992
292,46127,0.015282411496324326
292,46128,0.35526915032054257
292,46129,0.09086736867310251
292,46130,0.014059878283385438
292,46131,0.05028827646770648
292,46132,0.015448101860108908
292,46133,0.06352126947719514
292,46134,0.02018927404207
292,46135,0.07459103634796523
292,46136,0.032159033063402294
292,46137,0.21335406684543667
292,46138,0.42713449552610366
292,46139,0.13423082312432924
292,46140,0.155585583475841
292,46141,0.1326276718122896
292,46142,0.06995675881999427
292,46143,0.5494797477711652
292,46144,0.04258721194114613
292,46145,0.03619736867030693
292,46146,0.07408472147360749
292,46147,0.01083685037642979
292,46148,0.06283315429196859
292,46201,0.02945068835811252
292,46202,0.02835705720232181
292,46203,0.08233850663732363
292,46204,0.008128116396205795
292,46205,0.0645456800316525
292,46206,0.048137843092309514
292,46207,0.028651950564167857
292,46208,0.042694762704751844
292,46209,0.08379674317482723
292,46210,0.04389087852808086
292,46211,0.0327701318081767
292,46212,0.06952733381169976
292,46213,0.015152301947833431
292,46214,0.08510373287666524
292,46215,0.22494157736333462
292,46216,0.02858067852616737
292,46217,0.024523531203218416
292,46218,0.00866796623935049
292,46219,0.03843128209543197
292,46220,0.013141765000889611
292,46221,0.024224338228071428
292,46222,0.026647558077032524
292,46223,0.016464712599836142
292,46224,0.050674414653108985
292,46225,0.03732790908462088
292,46226,0.02264606914505452
292,46227,0.019592227252083986
292,46228,0.0031410523734102594
292,46229,0.0824325704434154
292,46230,0.010752677394643426
292,46231,0.05129589267409185
292,46232,0.04252425420711408
292,46233,0.029310054457792792
292,46234,0.1675098741440334
292,46235,0.14591100329056728
292,46236,0.05105355633301334
292,46237,0.04259089834763668
292,46238,0.025468714796119566
292,46239,0.03203241887318654
292,46240,0.08548521250407075
292,46241,0.04361403283043295
292,46242,0.1074371416671931
292,46243,0.25654005223076004
292,46244,0.33314356814374263
292,46245,0.22321427107401534
292,46246,0.028465326192031716
292,46247,0.07690199094396946
292,46248,0.04261903495671318
292,46301,0.02422207457236878
292,46302,0.05370064387984522
292,46303,0.018146650734883276
292,46304,0.06066748932950904
292,46305,0.010878204212135176
292,46306,0.029149802292782356
292,46307,0.01638815510672227
292,46308,0.04824407512840523
292,46309,0.019125831201668986
292,46310,0.04998160947983907
292,46311,0.01903521220779719
292,46312,0.014930695277948988
292,46313,0.4432053910306619
292,46314,0.040828768222537434
292,46315,0.048112930480277934
292,46316,0.027764161561338215
292,46317,0.018561182211009896
292,46318,0.011505226610475476
292,46319,0.06632634147259246
292,46320,0.009413498989884054
292,46321,0.04874595065724943
292,46322,0.07446651174821661
292,46323,0.04907159942477122
292,46324,0.05924473808469713
292,46325,0.05966074815070982
292,46326,0.008537823619724477
292,46327,0.18643827931224868
292,46328,0.13818340079390992
292,46329,0.04701576565830075
292,46330,0.005311650468403776
292,46331,0.02884639293698335
292,46332,0.008674708239774145
292,46333,0.018018996286460063
292,46334,0.01875794688713649
292,46335,0.703696884178236
292,46336,1.2103999389491478
292,46337,0.6123800404207784
292,46338,0.36665225939496343
292,46339,0.3623715102994527
292,46340,0.2607255462778988
292,46341,0.18225655029527113
292,46342,0.0680946552306915
292,46343,0.18617358904244602
292,46344,0.09107792731018202
292,46345,0.04603577314501316
292,46346,0.04099837289606411
292,46347,0.010007614478111094
292,46348,0.04255463940156651
292,46401,0.012451161519662777
292,46402,0.014498193682953874
292,46403,0.02705940857136299
292,46404,0.032427742529043596
292,46405,0.08727559600462811
292,46406,0.056565170907587
292,46407,0.08393345572175231
292,46408,0.010453238394742994
292,46409,0.21302676533711312
292,46410,0.024432018908469452
292,46411,0.00926019586321626
292,46412,0.0660620565364196
292,46413,0.01121454115931481
292,46414,0.04021172155832674
292,46415,0.04500799605093385
292,46416,0.15859527487136862
292,46417,0.0917357092260259
292,46418,0.4080461075152419
292,46419,0.0946841477195679
292,46420,0.03449240188449279
292,46421,0.048730653980690174
292,46422,0.009136095848827566
292,46423,0.03962878181713208
292,46424,0.01612676858672261
292,46425,0.06233556499218846
292,46426,0.02668913424884582
292,46427,0.010865281626607373
292,46428,0.04385716410272792
292,46429,0.06015852548358625
292,46430,0.057969192768136335
292,46431,0.02678956943929224
292,46432,0.5972502013409329
292,46433,0.049693068386402806
292,46434,0.16642389060893276
292,46435,0.08293137474303816
292,46436,0.1649296190470095
292,46437,0.1470887301265831
292,46438,0.05213214280069714
292,46439,0.6429876083930364
292,46440,0.10932395419530626
292,46441,0.08047317461712884
292,46442,0.03719034367567242
292,46443,0.092517161859253
292,46444,0.040509325548205515
292,46445,0.08813903455041122
292,46446,0.05935788856480998
292,46447,0.012399862059829455
292,46448,0.05398845859584133
292,46501,0.03972654558116972
292,46502,0.04617368918457653
292,46503,0.04103793790263515
292,46504,0.01593556057388277
292,46505,0.039332960362025764
292,46506,0.05959208904838627
292,46507,0.030606953262283295
292,46508,0.07969431655193995
292,46509,0.01729802517657568
292,46510,0.3190324474061217
292,46511,0.0766683230819058
292,46512,0.012675125383534568
292,46513,0.03996883946424638
292,46514,0.02141737868095172
292,46515,0.09405607046909159
292,46516,0.15010829990361052
292,46517,0.14159168908178119
292,46518,0.06828627381243678
292,46519,0.4457595128860686
292,46520,0.09899102398147187
292,46521,0.03103280701001218
292,46522,0.07736285036404801
292,46523,0.04048541524940212
292,46524,0.009442740416175467
292,46525,0.026244448726186583
292,46526,0.03649784197373329
292,46527,0.012239155775911042
292,46528,0.12894012239998714
292,46529,0.05561614678060413
292,46530,0.05693682302982191
292,46531,0.09123532742177265
292,46532,0.08527798788621475
292,46533,0.18133871898905304
292,46534,0.11408513462184498
292,46535,0.13608528611643583
292,46536,0.08874688406226251
292,46537,0.35551916988649035
292,46538,0.29720630857540553
292,46539,1.0363003037246996
292,46540,0.07755558013107347
292,46541,0.08436310758802622
292,46542,0.14406361060028944
292,46543,0.0373274625520382
292,46544,0.06717610444221833
292,46545,0.02375880583790637
292,46546,0.0336956976228957
292,46547,0.06237746381901254
292,46548,0.027786033260778123
292,46601,0.021013637295081992
292,46602,0.051148461147538654
292,46603,0.049436684877603616
292,46604,0.010224571304754758
292,46605,0.07349791260664466
292,46606,0.054304341462675904
292,46607,0.05213592480680771
292,46608,0.07009393546053001
292,46609,0.013205864086249455
292,46610,0.5908296131907692
292,46611,0.07255434270130728
292,46612,0.05989781449666531
292,46613,0.030524321079253354
292,46614,0.08224183121675008
292,46615,0.10154722254474766
292,46616,0.033479271636839676
292,46617,0.02308126262437097
292,46618,0.024324627623431096
292,46619,0.012579646286459242
292,46620,0.031628974441805416
292,46621,0.04214406553494112
292,46622,0.009433857948356971
292,46623,0.022855876605780617
292,46624,0.006179345015010467
292,46625,0.04449482846984628
292,46626,0.036767858055738956
292,46627,0.00962162212854487
292,46628,0.09359007988524967
292,46629,0.19236438423464863
292,46630,0.019382329336443162
292,46631,0.07391400273016883
292,46632,0.005653745348476163
292,46633,0.05554692106702327
292,46634,0.029028571476213752
292,46635,0.04077993911242927
292,46636,0.2653484343927216
292,46637,0.15027340337427403
292,46638,0.3592058922508266
292,46639,0.5668064924895547
292,46640,0.13049617934982166
292,46641,0.2578136290781995
292,46642,0.08866131398835725
292,46643,0.0635144591651673
292,46644,0.11484387187107616
292,46645,0.044431800037776505
292,46646,0.03840779701130705
292,46647,0.008107840641095496
292,46648,0.059250749150460934
292,46701,0.04166451076463308
292,46702,0.01422252753081052
292,46703,0.08908755844421813
292,46704,0.01096495490530098
292,46705,0.05617290769493891
292,46706,0.02957506292585046
292,46707,0.008437483991973662
292,46708,0.2745770654773549
292,46709,0.05568213477446487
292,46710,0.016389365392150093
292,46711,0.051024325964089165
292,46712,0.01749193024427065
292,46713,0.04552681385949002
292,46714,0.0295607059403393
292,46715,0.030042634956327332
292,46716,0.03697492409874473
292,46717,0.02183982500265174
292,46718,0.0210586654507467
292,46719,0.0650544486797203
292,46720,0.0203826837545183
292,46721,0.20939448067856548
292,46722,0.035817117174454176
292,46723,0.008900657377794847
292,46724,0.09461511594453767
292,46725,0.018091102303479607
292,46726,0.03973213337783793
292,46727,0.08238984296595618
292,46728,0.077011924890139
292,46729,0.011828553967976694
292,46730,0.034182023288425525
292,46731,0.02419627068237933
292,46732,0.010589126496362875
292,46733,0.037794843875348955
292,46734,0.029413819010469543
292,46735,0.02988619132097977
292,46736,0.0720904269431733
292,46737,0.026845502301438885
292,46738,0.0575659972278679
292,46739,0.05337922326878781
292,46740,0.8057099092517256
292,46741,0.37880883817131483
292,46742,0.43450652962227304
292,46743,0.09658410062900656
292,46744,0.13930691271888362
292,46745,0.06022343076118682
292,46746,0.030480997293106285
292,46747,0.01959667431444072
292,46748,0.05605949284777197
292,46801,0.07468311180715503
292,46802,0.03214971320027133
292,46803,0.0319936601558885
292,46804,0.019420288918357294
292,46805,0.029944356828936425
292,46806,0.0587353513938325
292,46807,0.028898061030368724
292,46808,0.04615867767533222
292,46809,0.4331466339181026
292,46810,0.04642376989795115
292,46811,0.0316119586139862
292,46812,0.018080371925050177
292,46813,0.026847436785396063
292,46814,0.045780829047926845
292,46815,0.03363588735469485
292,46816,0.02231086845625873
292,46817,0.005309680049608566
292,46818,0.022794567340779684
292,46819,0.016769154610444422
292,46820,0.022314524581632345
292,46821,0.025077290344944138
292,46822,0.016039058195686948
292,46823,0.026924882307474807
292,46824,0.05745090933764572
292,46825,0.010260555937843138
292,46826,0.24207721785543743
292,46827,0.037236688058753624
292,46828,0.017997595062298616
292,46829,0.05582867359084762
292,46830,0.014028800206751485
292,46831,0.021142370280194115
292,46832,0.03683730905456813
292,46833,0.035088836158685306
292,46834,0.09055218211394833
292,46835,0.25053879847635985
292,46836,0.28724020618941704
292,46837,0.587123349329294
292,46838,0.08204929544580225
292,46839,0.28086774660961217
292,46840,0.06743951076585353
292,46841,0.052158918537911776
292,46842,0.07215841272546024
292,46843,0.06050473342081115
292,46844,0.050336999436206196
292,46845,0.1142436100359094
292,46846,0.11851150970243152
292,46847,0.027660711250998317
292,46848,0.022368010133773646
292,46901,0.022946180952519504
292,46902,0.03604824841930816
292,46903,0.01860002403398216
292,46904,0.030854353546956367
292,46905,0.030480564836414106
292,46906,0.4426289708533707
292,46907,0.043547913687893465
292,46908,0.020195762643109096
292,46909,0.05143686578562673
292,46910,0.007547195081286419
292,46911,0.030427519663899186
292,46912,0.06425522501916552
292,46913,0.017395343070035412
292,46914,0.5022376890167499
292,46915,0.02241294864099831
292,46916,0.03812254022547734
292,46917,0.04706267607082647
292,46918,0.007909655973067028
292,46919,0.07287586599622348
292,46920,0.0081589814373463
292,46921,0.04314354364523181
292,46922,0.06358919514319773
292,46923,0.005806825247486927
292,46924,0.026331822172055902
292,46925,0.05026316039365576
292,46926,0.08907736925509932
292,46927,0.08142508997826035
292,46928,0.05037586502880414
292,46929,0.008211871916303369
292,46930,0.0329221772004427
292,46931,0.3113680743046266
292,46932,0.11702329264458883
292,46933,0.04294500255530406
292,46934,0.018358252344892145
292,46935,0.08179612570178335
292,46936,0.03955627533811813
292,46937,0.01968878033668076
292,46938,0.048730319987298674
292,46939,0.08396174533593069
292,46940,0.6379173884241699
292,46941,0.22900956332033118
292,46942,0.036992524397249996
292,46943,0.1089629277151985
292,46944,0.013554896545385439
292,46945,0.044692422967020015
292,46946,0.01519683852281592
292,46947,0.023965096043645634
292,46948,0.09522344788980407
292,47001,0.008686282958588462
292,47002,0.06344572504004599
292,47003,0.0140231737600765
292,47004,0.023588268010152676
292,47005,0.04786380509893871
292,47006,0.009363285594951651
292,47007,0.03938965590811276
292,47008,0.1950257071759322
292,47009,0.059251326859606275
292,47010,0.05803460841685567
292,47011,0.045653797715378225
292,47012,0.024834245756921437
292,47013,0.09318561267880912
292,47014,0.03368002982548088
292,47015,0.07288937081307659
292,47016,0.05555248472359949
292,47017,0.020674702623248768
292,47018,0.06573401549411215
292,47019,0.02711708144229992
292,47020,0.03156906439049867
292,47021,0.01839036333564471
292,47022,0.014687126747312785
292,47023,0.08728351722654576
292,47024,0.02097399933347238
292,47025,0.04843991325822356
292,47026,0.5070874280717993
292,47027,0.02088424335029496
292,47028,0.045921730474244846
292,47029,0.01826098030995468
292,47030,0.07100711511557106
292,47031,0.02396622119144961
292,47032,0.018000904874523327
292,47033,0.08684571127719999
292,47034,0.07370083518529197
292,47035,0.04662371829370341
292,47036,0.18966110677114553
292,47037,0.2886126444683005
292,47038,0.12900339512466638
292,47039,0.1175655078619516
292,47040,0.10978745592540269
292,47041,0.16952500453214595
292,47042,0.10318253566016927
292,47043,0.041047883370534895
292,47044,0.016546056666930053
292,47045,0.30575686188505496
292,47046,0.03759335024546239
292,47047,0.049104601358586596
292,47048,0.054850741422906864
292,47101,0.029068349090692613
292,47102,0.04911355843271562
292,47103,0.013994861012440074
292,47104,0.05665544439510893
292,47105,0.03284307411885547
292,47106,0.040853929354587946
292,47107,0.02299119551416105
292,47108,0.018473113345501627
292,47109,0.04272311004370423
292,47110,0.02459018083666967
292,47111,0.06851961908806165
292,47112,0.007673606876850281
292,47113,0.023691871016086087
292,47114,0.01215775870154027
292,47115,0.30928459098405975
292,47116,0.16970440530800807
292,47117,0.2622818574538697
292,47118,0.7744099302039641
292,47119,0.3168726647337094
292,47120,0.07497129707716843
292,47121,0.0038189702579552827
292,47122,0.03576895391405025
292,47123,0.052780795004098276
292,47124,0.036243575926689614
292,47125,0.02233454157259418
292,47126,0.03872771184233921
292,47127,0.00865183805293076
292,47128,0.05648032146662971
292,47129,0.012861683572792973
292,47130,0.059689229456742196
292,47131,0.008338905123819292
292,47132,0.061649758581247285
292,47133,0.004131109193412794
292,47134,0.07254023244318955
292,47135,0.011630476322820802
292,47136,0.0629426938890223
292,47137,0.40625341525648445
292,47138,0.04102111865706278
292,47139,0.010746426694520915
292,47140,0.029899818374575855
292,47141,0.029724110406514084
292,47142,0.031603845932572046
292,47143,0.022539538099421785
292,47144,0.0207776715759274
292,47145,0.025159712425612893
292,47146,0.02036066337903759
292,47147,0.052133848954187205
292,47148,0.014755154004844437
292,47201,0.013789305347950937
292,47202,0.013279595518967395
292,47203,0.02142071058473052
292,47204,0.02971182163146398
292,47205,0.04140806907492699
292,47206,0.46231024728943526
292,47207,0.03081919265221744
292,47208,0.0038969184704034823
292,47209,0.029308344453005206
292,47210,0.006666705313907326
292,47211,0.07455301429149813
292,47212,0.04240068890216756
292,47213,0.04718638409862745
292,47214,0.0354797643485151
292,47215,0.009702696994652864
292,47216,0.04036941704320075
292,47217,0.00466322596151313
292,47218,0.049792924064237506
292,47219,0.014989874978769363
292,47220,0.021328945281183388
292,47221,0.02101617664117784
292,47222,0.043156391838475285
292,47223,0.0213487421460545
292,47224,0.060547992890048676
292,47225,0.6272263322725511
292,47226,0.09671601789547897
292,47227,0.04726379866362107
292,47228,0.033319034328194996
292,47229,0.0207103996336593
292,47230,0.13022654506992948
292,47231,0.05196971303421275
292,47232,0.029426615049319753
292,47233,0.11163221943221283
292,47234,0.09547909704771518
292,47235,0.1614778589543331
292,47236,0.38894979526471074
292,47237,0.42924055550619067
292,47238,0.4874179833308775
292,47239,0.1410823906909502
292,47240,0.07445075828848972
292,47241,0.09291634895390562
292,47242,0.1329163778763497
292,47243,0.404836875919252
292,47244,0.04090057693577321
292,47245,0.03788754375929967
292,47246,0.053469931416004424
292,47247,0.03169717847916485
292,47248,0.011773673083135419
292,47301,0.052543139378820415
292,47302,0.013769741528236991
292,47303,0.036130990398839664
292,47304,0.03657948597665209
292,47305,0.025300159574266196
292,47306,0.08509600794777451
292,47307,0.027357459279095653
292,47308,0.04197096229116253
292,47309,0.0423729597294289
292,47310,0.01883337464188518
292,47311,0.05417258455299629
292,47312,0.3369092520492585
292,47313,0.06878406229900429
292,47314,0.0333938937145984
292,47315,0.04662329360507144
292,47316,0.008838351338268822
292,47317,0.018460649621362516
292,47318,0.02424900204078017
292,47319,0.010613193874288643
292,47320,0.02504864660557481
292,47321,0.05841511753656897
292,47322,0.08240629397556162
292,47323,0.0758855514587299
292,47324,0.011807829973380089
292,47325,0.02304873171882103
292,47326,0.5185411952614687
292,47327,0.00960377762565579
292,47328,0.052132352718815
292,47329,0.04168780425054363
292,47330,0.008130192724881464
292,47331,0.02874862307429784
292,47332,0.08267321214629522
292,47333,0.2566795869365549
292,47334,0.13667807593496453
292,47335,0.23865516333916925
292,47336,0.412192376322872
292,47337,0.4938549337438151
292,47338,0.6766740616543698
292,47339,0.07632311579952077
292,47340,0.40384070834491015
292,47341,0.13311542837448864
292,47342,0.09719480546808543
292,47343,0.049267044491023974
292,47344,0.6956415755060548
292,47345,0.025585332757075665
292,47346,0.03161908402527298
292,47347,0.08363971736832207
292,47348,0.055620777709819616
292,47401,0.06380815845459172
292,47402,0.030723575335986446
292,47403,0.03126300697234678
292,47404,0.06391890739976938
292,47405,0.06034231461197507
292,47406,0.03595677824703936
292,47407,0.03318442880003763
292,47408,0.02918961245830042
292,47409,0.055742408475411585
292,47410,0.02201667049525503
292,47411,0.05845011352796417
292,47412,0.036969580442246366
292,47413,0.045979198419751226
292,47414,0.377790106474417
292,47415,0.0621532959718693
292,47416,0.06267711483214729
292,47417,0.007080845112766505
292,47418,0.07686627696359083
292,47419,0.009783256300110345
292,47420,0.04777306326629131
292,47421,0.012755037743611664
292,47422,0.04932250889217367
292,47423,0.02485475331314295
292,47424,0.029812923083344024
292,47425,0.03531343853023642
292,47426,0.027902211049877085
292,47427,0.035983407163515245
292,47428,0.016369118852815532
292,47429,0.023093074974958785
292,47430,0.011226977821928653
292,47431,0.03905051762513008
292,47432,0.0033657896730220384
292,47433,0.34512944295387704
292,47434,0.04881559084123621
292,47435,0.0932139341599917
292,47436,0.03578172965506241
292,47437,0.028050177454246823
292,47438,0.012650182881320962
292,47439,0.1680158833123233
292,47440,0.21070183209955293
292,47441,0.29019079861743835
292,47442,0.1124555982886864
292,47443,0.10373843336349611
292,47444,0.048556292433173304
292,47445,0.06313683147741872
292,47446,0.05259157274425453
292,47447,0.03924250640815356
292,47448,0.018418104647733358
292,47501,0.08373566977330299
292,47502,0.024957412404019944
292,47503,0.07715635081296614
292,47504,0.013749878900901322
292,47505,0.02249078631300259
292,47506,0.07637456143313516
292,47507,0.013862828044853132
292,47508,0.06210762266204538
292,47509,0.06444349092947636
292,47510,0.027075542193833558
292,47511,0.31003360455274553
292,47512,0.028940422802745922
292,47513,0.10187224543442877
292,47514,0.03849219957922694
292,47515,0.07342426138142612
292,47516,0.003620058989763612
292,47517,0.05909151209880891
292,47518,0.020240270750308313
292,47519,0.04213814112895996
292,47520,0.04010360032107192
292,47521,0.009350933433477072
292,47522,0.049476943544647954
292,47523,0.014573970490560492
292,47524,0.019672349916843995
292,47525,0.0414726977768174
292,47526,0.2615906585240341
292,47527,0.024408928758299208
292,47528,0.015864430018829565
292,47529,0.016089672744172067
292,47530,0.03187176187954213
292,47531,0.016084485260817835
292,47532,0.08698194091148682
292,47533,0.013242488574288579
292,47534,0.038973969976873885
292,47535,0.3465967824094072
292,47536,0.4029462310566732
292,47537,0.22839319605693922
292,47538,0.14479169562623276
292,47539,0.3639079825066748
292,47540,0.9419240600979246
292,47541,0.17362049806970298
292,47542,0.055827574176805145
292,47543,0.10548532360520463
292,47544,0.11847661812449546
292,47545,0.07448562916593125
292,47546,0.01723016093118589
292,47547,0.03401843754684941
292,47548,0.02893969881822303
292,47601,0.02019598340875481
292,47602,0.0221914381878762
292,47603,0.04291034245791387
292,47604,0.07199935754849261
292,47605,0.021281515749461608
292,47606,0.0035071395483591227
292,47607,0.05445537894494331
292,47608,0.04365475609270241
292,47609,0.04382094036637313
292,47610,0.19753749053943798
292,47611,0.05446879463227054
292,47612,0.04900220156548618
292,47613,0.017878445714390335
292,47614,0.015017193756076462
292,47615,0.062316304171608564
292,47616,0.017250167654601207
292,47617,0.04952850552329172
292,47618,0.027177534914099077
292,47619,0.017105355220870897
292,47620,0.054653669717760645
292,47621,0.013339149934138145
292,47622,0.024722875747842803
292,47623,0.06694027509060228
292,47624,0.063470413216097
292,47625,0.0841881096317037
292,47626,0.01993308629095067
292,47627,0.018612389213332334
292,47628,0.052106202821818395
292,47629,0.28059725425247223
292,47630,0.04012561008311384
292,47631,0.0105728447341354
292,47632,0.06231266137164098
292,47633,0.02505836644215228
292,47634,0.11373075450093664
292,47635,0.18175550123114875
292,47636,0.11074094633258676
292,47637,0.03149407074598488
292,47638,0.09458597854408385
292,47639,0.03363019028587195
292,47640,0.04179499018975526
292,47641,0.9500166502118889
292,47642,0.12742481933617503
292,47643,0.048663323740096506
292,47644,0.04493377799406662
292,47645,0.05535450613159047
292,47646,0.014841415470453463
292,47647,0.03271046995961
292,47648,0.023144243540627902
292,47701,0.052921910583122296
292,47702,0.08734217958575766
292,47703,0.08555176127497291
292,47704,0.04521304016631141
292,47705,0.084123692387248
292,47706,0.05860589307048847
292,47707,0.032085764009088094
292,47708,0.19192574246028876
292,47709,0.006634150817542908
292,47710,0.08784017929705946
292,47711,0.019844067593207393
292,47712,0.04030784912471696
292,47713,0.019223283178200812
292,47714,0.024381636854483295
292,47715,0.03617687790897178
292,47716,0.1257068843811746
292,47717,0.23987387844324456
292,47718,0.06431420039814041
292,47719,0.23517122183928224
292,47720,0.05178862977393466
292,47721,0.014703684269550984
292,47722,0.11045661957135963
292,47723,0.08833608654542355
292,47724,0.06487875943140821
292,47725,0.08305485734314451
292,47726,0.1022971877844193
292,47727,0.15865453068084992
292,47728,0.39100049465816367
292,47729,0.24847062845154413
292,47730,0.0692726841853951
292,47731,0.08980859215531459
292,47732,0.14529930767617658
292,47733,0.5021059383183207
292,47734,1.361980997206232
292,47735,0.7159610385167816
292,47736,0.25259575749520546
292,47737,0.19132923200011498
292,47738,0.15934750618332602
292,47739,0.9232880034493282
292,47740,0.12607905268839753
292,47741,0.2596356546993031
292,47742,0.11608746851678906
292,47743,0.04648910114648419
292,47744,0.07949262157792963
292,47745,0.06121147033275668
292,47746,0.023466569655584458
292,47747,0.05678175271532817
292,47748,0.041941156568025495
292,47801,0.019028584544763166
292,47802,0.026244015854510142
292,47803,0.019202610119974012
292,47804,0.02108196242975518
292,47805,0.045143240012529805
292,47806,0.0654911767176494
292,47807,0.04576947794744543
292,47808,0.06881908457716787
292,47809,0.07143357208687053
292,47810,0.21898823694348882
292,47811,0.07630861590229625
292,47812,0.023608616851019205
292,47813,0.0309410922281695
292,47814,0.028287230632057812
292,47815,0.0061500510408599805
292,47816,0.07846641552570892
292,47817,0.29758716819341324
292,47818,0.6483960236376847
292,47819,0.09939890235145142
292,47820,0.03058778035605153
292,47821,0.09573307128878387
292,47822,0.03673511005321051
292,47823,0.02482752967229643
292,47824,0.051231885063846606
292,47825,0.03037748666144367
292,47826,0.11148862277612469
292,47827,0.11257139557101456
292,47828,0.0993645761005636
292,47829,0.04105556344164556
292,47830,0.05992629537635374
292,47831,0.06462957550113783
292,47832,0.5021946209425224
292,47833,0.2708978200235983
292,47834,0.2978655570593385
292,47835,0.7005853058063138
292,47836,0.36063924771710215
292,47837,0.23358849107922097
292,47838,0.6166562330793436
292,47839,0.10524036782915688
292,47840,0.1498672101778394
292,47841,0.08901641500410983
292,47842,0.04607222412093918
292,47843,0.13042041995832737
292,47844,0.0471057351264579
292,47845,0.037707609625200686
292,47846,0.08481865880364178
292,47847,0.017520029382650376
292,47848,0.0746543090246602
292,47901,0.06204710294880042
292,47902,0.041554243174380785
292,47903,0.055113969686871656
292,47904,0.015369891452941663
292,47905,0.052761696708950354
292,47906,0.04605204370796523
292,47907,0.2561059302257918
292,47908,0.261673838589741
292,47909,0.016823247211342724
292,47910,0.05337009722053861
292,47911,0.03200754009433281
292,47912,0.015471704629386874
292,47913,0.03980274632682693
292,47914,0.030414626806321853
292,47915,0.022330266198824413
292,47916,0.014103974447458967
292,47917,0.09731736937238748
292,47918,0.30629191389413074
292,47919,0.14294368102006094
292,47920,0.25034359651996574
292,47921,0.6997522352387685
292,47922,0.1984608845048575
292,47923,0.10337273932469422
292,47924,0.17539019359489977
292,47925,0.055476103247300804
292,47926,0.047442071023665586
292,47927,0.1189997690200742
292,47928,0.3955239396720593
292,47929,0.10850956974763894
292,47930,0.046618986964551516
292,47931,0.04524555897354233
292,47932,0.03821548280288094
292,47933,0.46950393704595406
292,47934,0.0881358329210765
292,47935,0.08688096096490956
292,47936,0.3947081298548491
292,47937,0.10643549089890886
292,47938,0.19915794732088776
292,47939,0.9780304078819848
292,47940,0.1236858605610755
292,47941,0.16014743450647004
292,47942,0.06950431160262432
292,47943,0.027048992893939996
292,47944,0.08023249887725738
292,47945,0.043264532362401124
292,47946,0.034488053124326686
292,47947,0.05050117459444129
292,47948,0.04883436223353508
292,48001,0.08707040797949345
292,48002,0.07408899894553451
292,48003,0.031062718079518183
292,48004,0.02080701255575767
292,48005,0.03324809384453572
292,48006,0.01300402882576556
292,48007,0.04686688415954593
292,48008,0.029851416587898645
292,48009,0.20511864169763272
292,48010,0.22584968262039531
292,48011,0.0252192627975259
292,48012,0.07438266971920832
292,48013,0.017401851390329473
292,48014,0.024905233571745924
292,48015,0.03594963074488439
292,48016,0.03534319072662738
292,48017,0.18754068710945557
292,48018,0.08538003870312065
292,48019,0.0970603653493574
292,48020,0.31434580356133046
292,48021,0.022981636779957137
292,48022,0.09692830343311469
292,48023,0.08642419558981822
292,48024,0.17450528540434324
292,48025,0.4208843593588777
292,48026,0.05059795063393079
292,48027,0.05189435070238193
292,48028,0.0730526020623908
292,48029,0.08646674882315032
292,48030,0.045018664095913284
292,48031,0.0214698994491089
292,48032,0.01768094979546139
292,48033,0.025670824192699896
292,48034,0.32094518011363876
292,48035,0.007327500205564832
292,48036,0.07091506542634939
292,48037,0.013371605005932008
292,48038,0.012706245517241121
292,48039,0.05647006103134822
292,48040,0.06361933141987629
292,48041,0.045704370669908755
292,48042,0.27811422808072894
292,48043,0.08891646233850635
292,48044,0.05920223388686451
292,48045,0.02486860511696967
292,48046,0.0599085728174347
292,48047,0.0217822542072503
292,48048,0.06236991726340388
292,48101,0.016296981896434113
292,48102,0.056068609300687876
292,48103,0.016380916231418678
292,48104,0.027434346187943322
292,48105,0.02518078453612492
292,48106,0.022649357043741936
292,48107,0.051030279829794
292,48108,0.014978585003524591
292,48109,0.04802764854788027
292,48110,0.01561554588041424
292,48111,0.008535212257290653
292,48112,0.18199687857501554
292,48113,0.03301491983343119
292,48114,0.0928785838332184
292,48115,0.060245356452343246
292,48116,0.008621106200230084
292,48117,0.3486279992652346
292,48118,0.08794509344899151
292,48119,0.0443067385162722
292,48120,0.060825678251706185
292,48121,0.010904996953524641
292,48122,0.04050876895423208
292,48123,0.03931993387309809
292,48124,0.04182697186455965
292,48125,0.13714319964826352
292,48126,0.14788935533053707
292,48127,0.049514270550720184
292,48128,0.0572047240914902
292,48129,0.07571383546302643
292,48130,0.18221215856949258
292,48131,0.16604697942157642
292,48132,0.06317174724083233
292,48133,0.02099838001928675
292,48134,0.03547751593202652
292,48135,0.5851254863336293
292,48136,0.9282712512117938
292,48137,0.581300213852763
292,48138,0.13488998146010203
292,48139,0.22868540410307267
292,48140,0.15716169693513396
292,48141,0.488882299287758
292,48142,0.25462057275737077
292,48143,0.06204169665009003
292,48144,0.08096567922311643
292,48145,0.6349677508558607
292,48146,0.03733086281945956
292,48147,0.07898368208047064
292,48148,0.026871386891557637
292,48201,0.08468503299463542
292,48202,0.0439182933577243
292,48203,0.013020446326604289
292,48204,0.03500552364262775
292,48205,0.0525563209671821
292,48206,0.02255979956480401
292,48207,0.03501184434419304
292,48208,0.033471237262009255
292,48209,0.023880136866170763
292,48210,0.010278645035397929
292,48211,0.07074730324886554
292,48212,0.03152557672847985
292,48213,0.041367180662870755
292,48214,0.03994105676763411
292,48215,0.024619859114917705
292,48216,0.5931316757284156
292,48217,0.02191639257014728
292,48218,0.023038750824438566
292,48219,0.02028111182326013
292,48220,0.025788808707226787
292,48221,0.061765725102110335
292,48222,0.06259639499499683
292,48223,0.035110982394494686
292,48224,0.029320898978722084
292,48225,0.03440069197098311
292,48226,0.010751988746569761
292,48227,0.02311217862265346
292,48228,0.06073383878846783
292,48229,0.01512321446967465
292,48230,0.0482512641371072
292,48231,0.012222045484967628
292,48232,0.05992424396518978
292,48233,0.10676692798821988
292,48234,0.20129601394201554
292,48235,0.11072036851184065
292,48236,0.11576660743602861
292,48237,0.14844643687622253
292,48238,0.10295831520621992
292,48239,0.10017561490850221
292,48240,0.27878598449038117
292,48241,0.5384569795061864
292,48242,0.051810408734079175
292,48243,0.10348987955372148
292,48244,0.038138568077255124
292,48245,0.07163179119020922
292,48246,0.020603269969495228
292,48247,0.05853576759211307
292,48248,0.013686098289227986
292,48301,0.028909202748481404
292,48302,0.058271575990117716
292,48303,0.03995232471012373
292,48304,0.08366659956600071
292,48305,0.03477538194059891
292,48306,0.008926937058101792
292,48307,0.031463060137496085
292,48308,0.026793361604760646
292,48309,0.03392286599595309
292,48310,0.019774486867695538
292,48311,0.013614428312741116
292,48312,0.23202831783965508
292,48313,0.008146266382045618
292,48314,0.05577512540309286
292,48315,0.04417486865790777
292,48316,0.023219443035683806
292,48317,0.01057069758328069
292,48318,0.049965990200126556
292,48319,0.027935180753193505
292,48320,0.0401227030008073
292,48321,0.031801610844643766
292,48322,0.022771360728502204
292,48323,0.04886079698249808
292,48324,0.009841167701975583
292,48325,0.07181299765785978
292,48326,0.2619412581921006
292,48327,0.029103895451853594
292,48328,0.010510367028592918
292,48329,0.01706007247480536
292,48330,0.031182241059051135
292,48331,0.020194717463799784
292,48332,0.07864925318488412
292,48333,0.017266323038876825
292,48334,0.1411114006226073
292,48335,0.05121492716134344
292,48336,0.2751757088834241
292,48337,0.07275833407574672
292,48338,0.0893423657907569
292,48339,0.23890218536200547
292,48340,0.6026033670475706
292,48341,0.43660355574398313
292,48342,0.2528564685402189
292,48343,0.14408189346228284
292,48344,0.500552452017005
292,48345,0.29027135295325907
292,48346,0.018836075629610368
292,48347,0.024053272126321204
292,48348,0.01602565280881471
292,48401,0.02843335399071997
292,48402,0.041239576609577853
292,48403,0.01775197488055699
292,48404,0.05780995906642287
292,48405,0.054767575190203616
292,48406,0.012692587837084901
292,48407,0.03720174485504751
292,48408,0.01812667228818129
292,48409,0.04344155508277254
292,48410,0.03187252195615081
292,48411,0.011969800239435125
292,48412,0.057483741803733585
292,48413,0.024223301468879337
292,48414,0.08762820543266889
292,48415,0.18282305090826173
292,48416,0.027321010363847088
292,48417,0.027781839745248577
292,48418,0.05336101030712786
292,48419,0.06186465217219392
292,48420,0.07188765525570315
292,48421,0.00949621974672176
292,48422,0.04913696253565297
292,48423,0.04062709021577757
292,48424,0.022062569178736356
292,48425,0.05033714862211367
292,48426,0.017751288778065404
292,48427,0.026210557093134818
292,48428,0.033786653399458036
292,48429,0.10779814498674493
292,48430,0.04468846267295552
292,48431,0.009143387781912789
292,48432,0.056087390857461436
292,48433,0.3908619030612399
292,48434,0.0481444377409424
292,48435,0.0536259143882744
292,48436,0.015076507118881411
292,48437,0.20619370387319869
292,48438,0.8916276966477209
292,48439,0.11880934982295323
292,48440,0.14473708035975344
292,48441,0.13185689594342276
292,48442,0.05012440907617997
292,48443,0.06729045484104235
292,48444,0.12662696641592264
292,48445,0.16735276285850406
292,48446,0.05747000645896397
292,48447,0.027298585093358557
292,48448,0.021269372823400978
292,48501,0.03190117036891825
292,48502,0.05819873002086345
292,48503,0.036703960027960565
292,48504,0.03577583353429072
292,48505,0.04824495278605378
292,48506,0.0347054938740701
292,48507,0.32582096053564413
292,48508,0.023304811532072537
292,48509,0.010002895517981244
292,48510,0.04023916712681071
292,48511,0.026619314576910982
292,48512,0.02561500727284655
292,48513,0.06315518786238346
292,48514,0.12124629287337496
292,48515,0.3396755829005202
292,48516,0.10416223858169385
292,48517,0.5745773164740186
292,48518,0.07384836289262804
292,48519,0.028152486707560532
292,48520,0.04968779178377418
292,48521,0.04839572295545278
292,48522,0.009591664995344343
292,48523,0.02239561605169236
292,48524,0.007953579434727366
292,48525,0.055653636135055265
292,48526,0.03409781852207105
292,48527,0.012485383798045934
292,48528,0.10672995629047369
292,48529,0.053886568887340364
292,48530,0.027948505261204817
292,48531,0.07066509694578754
292,48532,0.019521628071938784
292,48533,0.40617664065236403
292,48534,0.09663469794828718
292,48535,0.04109437064877582
292,48536,0.15681710073314317
292,48537,0.03955283202690564
292,48538,0.08573332978610453
292,48539,0.07066674742288225
292,48540,0.028997351005830032
292,48541,0.4987442227022696
292,48542,0.04899122119365777
292,48543,0.11644115602419211
292,48544,0.9922856451402411
292,48545,0.24670639045297704
292,48546,0.10883844168301585
292,48547,0.13943707110083128
292,48548,0.0405844797551665
292,48601,0.022541303376679672
292,48602,0.07364534178286451
292,48603,0.0075092437517055265
292,48604,0.128046758905836
292,48605,0.05442474054016499
292,48606,0.02367867694601039
292,48607,0.05349528533488007
292,48608,0.026299380222765317
292,48609,0.03390925717372122
292,48610,0.045893573249802234
292,48611,0.0166887943748301
292,48612,0.04667487218370872
292,48613,0.019317264286025784
292,48614,0.07464476404241652
292,48615,0.03668431528959376
292,48616,0.05376113229071701
292,48617,0.5496160700291728
292,48618,0.7376233017123849
292,48619,0.12445102298142627
292,48620,0.12355354366640449
292,48621,0.1405205694999948
292,48622,0.03939198634437005
292,48623,0.06928882753599504
292,48624,0.543818521686766
292,48625,0.05026253383365058
292,48626,0.10729496320106258
292,48627,0.07736651283370943
292,48628,0.048579624807378916
292,48629,0.057916475960144154
292,48630,0.1745802350681746
292,48631,0.11514418304059118
292,48632,0.04726506674124803
292,48633,0.23246354755460882
292,48634,0.04913072848454539
292,48635,0.06507006901916321
292,48636,0.13762495186013018
292,48637,0.22965689462688768
292,48638,0.16285609866420933
292,48639,0.1022886843335862
292,48640,0.2383475165136477
292,48641,0.3421167426276022
292,48642,0.09135837619940138
292,48643,0.08669344351527809
292,48644,0.12296096119225569
292,48645,0.042118434991270604
292,48646,0.042603030359648505
292,48647,0.06887608919167601
292,48648,0.02916595260446597
292,48701,0.0545602930069577
292,48702,0.053226199484436444
292,48703,0.019251598435686103
292,48704,0.09868190962644707
292,48705,0.022480010495140566
292,48706,0.03613122673989219
292,48707,0.05676563091494646
292,48708,0.012074680634605327
292,48709,0.040284762083191795
292,48710,0.4364818399353956
292,48711,0.04338939633759201
292,48712,0.04020505568929159
292,48713,0.015551732488727646
292,48714,0.048092647394607974
292,48715,0.02262614413184277
292,48716,0.038369221661333934
292,48717,0.06340554459924226
292,48718,0.0216790653479062
292,48719,0.08463723321816463
292,48720,0.026294679330390803
292,48721,0.014993286677574966
292,48722,0.05971523242347753
292,48723,0.03249250851008772
292,48724,0.031378490927612954
292,48725,0.045361347439589444
292,48726,0.03660746954669248
292,48727,0.4913422513700726
292,48728,0.05291342338459229
292,48729,0.04187594179037716
292,48730,0.024060097363903292
292,48731,0.027044981817110642
292,48732,0.045902650546928235
292,48733,0.02406166466920077
292,48734,2.2960088805030257
292,48735,2.2128326968733925
292,48736,0.43332594094545557
292,48737,0.24878354333478017
292,48738,0.21090773222193124
292,48739,0.5007932839477546
292,48740,0.06656939140734573
292,48741,0.13649255276786762
292,48742,0.06743225756157266
292,48743,0.0556868592531381
292,48744,0.11729221249046126
292,48745,0.04958034581838207
292,48746,0.043958111670489596
292,48747,0.08591628260181403
292,48748,0.010126590979453084
292,48801,0.05969598426730978
292,48802,0.052206405232321014
292,48803,0.027287200701265796
292,48804,0.021446100155430785
292,48805,0.025182101511582906
292,48806,0.024184200279372115
292,48807,0.08577681453575038
292,48808,0.1829976413487018
292,48809,0.04103561218775612
292,48810,0.017535956332884146
292,48811,0.05912321956835299
292,48812,0.0223390824268276
292,48813,0.030066133014851115
292,48814,0.09624105471372782
292,48815,0.047501637769879576
292,48816,0.04527358102178312
292,48817,0.031694644873589056
292,48818,0.017351067865918186
292,48819,0.03253398791243187
292,48820,0.006310402520770815
292,48821,0.059569144731444035
292,48822,0.042108061503474466
292,48823,0.014054937676739751
292,48824,0.06354506983364697
292,48825,0.33750463365142913
292,48826,0.01907930785778026
292,48827,0.041405477466077666
292,48828,0.007965194063867627
292,48829,0.08663644135627183
292,48830,0.011375445922444102
292,48831,0.015433823254283637
292,48832,0.04943015265668103
292,48833,0.007909644245851149
292,48834,0.02744770323406749
292,48835,0.07142165762845837
292,48836,0.22714801412244764
292,48837,0.2866355241871907
292,48838,1.0298481446065912
292,48839,0.15078456560310968
292,48840,0.15643846428015812
292,48841,0.08635957826784177
292,48842,0.12117506744199587
292,48843,0.11257356574471887
292,48844,0.08132678247763166
292,48845,0.023621712219850873
292,48846,0.053427745126003574
292,48847,0.055925385344710456
292,48848,0.005456058665975857
292,48901,0.04394796329025934
292,48902,0.03525600518245439
292,48903,0.02394849591703855
292,48904,0.04344578194650605
292,48905,0.2977107457785956
292,48906,0.0527626391734235
292,48907,0.012741018268752942
292,48908,0.02066190096147779
292,48909,0.08760269918389187
292,48910,0.013956483170956125
292,48911,0.01642923059082724
292,48912,0.06585001497045007
292,48913,0.018785085055378636
292,48914,0.29632530403376245
292,48915,1.0675246897322266
292,48916,0.030723944455514324
292,48917,0.06257020565046507
292,48918,0.015498980574544581
292,48919,0.058249802613729036
292,48920,0.018503821639240844
292,48921,0.0406518127885351
292,48922,0.04304873797961684
292,48923,0.011609036003727202
292,48924,0.04514657215958968
292,48925,0.07487383729114162
292,48926,0.031153298849742533
292,48927,0.04044230838396528
292,48928,0.0329460914816977
292,48929,0.032137120616086465
292,48930,0.023003613245058653
292,48931,0.38061885254390954
292,48932,0.011971783980269084
292,48933,0.04118606631698295
292,48934,0.021504336411687027
292,48935,0.14472630253557137
292,48936,0.03203599776309978
292,48937,0.03879203584155126
292,48938,0.12695967183238302
292,48939,0.05889618380101473
292,48940,0.09940863339757289
292,48941,0.07225759002274666
292,48942,0.02060155804992005
292,48943,0.3448477900013061
292,48944,0.20856483346329116
292,48945,0.1304425540902055
292,48946,0.03587397571992948
292,48947,0.030294732042006965
292,48948,0.024635303791684753
292,49001,0.04221115929887155
292,49002,0.023068744286328314
292,49003,0.06845923824025556
292,49004,0.030871250713441212
292,49005,0.027162465789907577
292,49006,0.020761358238763506
292,49007,0.00906076937368846
292,49008,0.08164238952355853
292,49009,0.02660183644103378
292,49010,0.47787228714279684
292,49011,0.037850986625054754
292,49012,0.029070858989886903
292,49013,0.04574327291296332
292,49014,0.0604488064955528
292,49015,0.015797557466440904
292,49016,0.0387042355638964
292,49017,0.05012359265281855
292,49018,0.02324779418347944
292,49019,0.022395272842966274
292,49020,0.030506198355471463
292,49021,0.0518779378453198
292,49022,0.24230937648303977
292,49023,0.026124802983665603
292,49024,0.048052671877977265
292,49025,0.029063164868984297
292,49026,0.048147996885247554
292,49027,0.023356428384039642
292,49028,0.014365915048402123
292,49029,0.03427786149019579
292,49030,0.015325189386648695
292,49031,0.02950058730292803
292,49032,0.02207953926085999
292,49033,0.014650024507369519
292,49034,0.0290992075730655
292,49035,0.18192678096966797
292,49036,0.08612208772756591
292,49037,0.015273351499174036
292,49038,0.47914140782043463
292,49039,0.03936310450450487
292,49040,0.05462216097880613
292,49041,0.15804747056032123
292,49042,0.31168455572242304
292,49043,1.0119646279810999
292,49044,0.06788404132177267
292,49045,0.0922179233576233
292,49046,0.07635394944000366
292,49047,0.09459735463376721
292,49048,0.007986948105657091
292,49101,0.06597779948755529
292,49102,0.05643333221299127
292,49103,0.029479705597633233
292,49104,0.028350509319879685
292,49105,0.008618582070342263
292,49106,0.0262220642995286
292,49107,0.04263273332691865
292,49108,0.03073325635667291
292,49109,0.06035140540364981
292,49110,0.009083459051637469
292,49111,0.035397693162368314
292,49112,0.021057682261088857
292,49113,0.20261001302273424
292,49114,0.059890256935850074
292,49115,0.011189341173465492
292,49116,0.08478860605863722
292,49117,0.1991673182860858
292,49118,0.10750963812455694
292,49119,0.04890219341456821
292,49120,0.6711569926980635
292,49121,0.10290019778234989
292,49122,0.1050942232115987
292,49123,0.07740805284677937
292,49124,0.6584236021083886
292,49125,0.45871550123135374
292,49126,0.26502241373703406
292,49127,0.5152341475177993
292,49128,0.04203728009041939
292,49129,0.0439429883285309
292,49130,0.05943253422971467
292,49131,0.028313374378402544
292,49132,0.04831203518733362
292,49133,0.10962378190861255
292,49134,0.776509890218304
292,49135,1.322117788178113
292,49136,0.6848308057778933
292,49137,0.2783327846807823
292,49138,0.7619215288759466
292,49139,0.7845416147871769
292,49140,0.8395780498110067
292,49141,1.32373156602437
292,49142,0.8670517782864242
292,49143,0.2112224301458918
292,49144,0.1300867674342914
292,49145,0.019077626211144495
292,49146,0.02135773781687229
292,49147,0.027551899499804817
292,49148,0.046364698928627573
292,49201,0.04740458701682427
292,49202,0.013070389896229134
292,49203,0.0422290336340758
292,49204,0.05918348257790229
292,49205,0.0385441353232001
292,49206,0.32020495181293146
292,49207,0.021502761744302337
292,49208,0.020856078456695792
292,49209,0.07536530539771563
292,49210,0.011684732907148838
292,49211,0.056228441213798365
292,49212,0.010392082568827128
292,49213,0.05853237598283633
292,49214,0.11911281407636541
292,49215,0.0980070352917692
292,49216,0.4720086074109928
292,49217,1.411667766139183
292,49218,1.1263328724899477
292,49219,1.1684025081331328
292,49220,0.022735035672006437
292,49221,0.04820048430033261
292,49222,0.07054376688562378
292,49223,0.036573254982170886
292,49224,0.017576011187938965
292,49225,0.02716985304457055
292,49226,0.03503556442669786
292,49227,0.10612720975497339
292,49228,0.6369132782156195
292,49229,0.06446077718081192
292,49230,0.08330369097340447
292,49231,0.10098294698504831
292,49232,0.09776573781755456
292,49233,1.1435071022201946
292,49234,0.14391546918676634
292,49235,0.03808074420713873
292,49236,0.051077864190518706
292,49237,0.09097827171600896
292,49238,0.04561057642407989
292,49239,0.03681998108391335
292,49240,0.019749278414685146
292,49241,0.05238322486852081
292,49242,0.016530178637509874
292,49243,0.04412369689618867
292,49244,0.07696007387939824
292,49245,0.05065992967434939
292,49246,0.028282461515546517
292,49247,0.02372487077368404
292,49248,0.8702510496771007
292,49301,0.14712715573051935
292,49302,0.05443679542084229
292,49303,0.03242214486997318
292,49304,0.04940716835895667
292,49305,0.04382690553121619
292,49306,0.012432079288850244
292,49307,0.02838401254434069
292,49308,0.01761838743181825
292,49309,0.049165266534563566
292,49310,0.0309409177485913
292,49311,0.05699274058939415
292,49312,0.026735955658368758
292,49313,0.03857604751311538
292,49314,0.012168142568064646
292,49315,0.5943463863889731
292,49316,0.11769109215038266
292,49317,0.9874102132173219
292,49318,0.768149003090587
292,49319,0.7081791889160103
292,49320,0.7653022456097296
292,49321,0.28511608538341476
292,49322,0.07074929913105725
292,49323,0.42554301016278145
292,49324,0.5927437766780208
292,49325,0.2900660723368798
292,49326,0.12054863534104347
292,49327,0.0916137655897582
292,49328,0.16917303181651347
292,49329,0.11127983562667913
292,49330,0.05828387738124964
292,49331,0.08568065730861858
292,49332,0.05610952860408505
292,49333,0.03888676655521838
292,49334,0.11448121636780348
292,49335,0.28983652122282094
292,49336,1.134075603126073
292,49337,0.3793783594787421
292,49338,0.2948985780467738
292,49339,0.44463143663514604
292,49340,0.15705305422346455
292,49341,0.3210818778023273
292,49342,0.46833000207287107
292,49343,0.6890599564887235
292,49344,0.24578923521493942
292,49345,0.020579017617110708
292,49346,0.027093731181646392
292,49347,0.024439973924473682
292,49348,0.03097235764609328
292,49401,0.036377333885677356
292,49402,0.032809545138699284
292,49403,0.04162775237703812
292,49404,0.03747586482231429
292,49405,0.027392550280651358
292,49406,0.02951612746486022
292,49407,0.03244532307327549
292,49408,0.007767461594367404
292,49409,0.07120590407797335
292,49410,0.03399900655054565
292,49411,0.05155687590871708
292,49412,0.14796397249114462
292,49413,0.014373340658140674
292,49414,0.06686657901542047
292,49415,0.029160722164907994
292,49416,0.060292886930611155
292,49417,0.011234022888066818
292,49418,0.06555909458864907
292,49419,0.008639374485951519
292,49420,0.02502296215643013
292,49421,0.035649997129827214
292,49422,0.017359213602248205
292,49423,0.0110958540575868
292,49424,0.21735316880768463
292,49425,0.06414295571377777
292,49426,0.028760766636476223
292,49427,0.05585742608288729
292,49428,0.005966510169067688
292,49429,0.042776678645110214
292,49430,0.006302098219930509
292,49431,0.05916863261058442
292,49432,0.00910368546853947
292,49433,0.22430972004383443
292,49434,1.9276882082676505
292,49435,1.417990296031693
292,49436,0.9206023453379728
292,49437,0.10740507414871965
292,49438,0.046960876666819314
292,49439,0.09739088755934631
292,49440,0.36751804002402255
292,49441,0.2952138331260967
292,49442,0.2418284114978415
292,49443,0.33649427946516075
292,49444,0.29867162775182027
292,49445,0.09241838359409822
292,49446,0.07779059112448462
292,49447,0.053499546531387054
292,49448,0.029516099496063233
292,49501,0.0807451647700228
292,49502,0.0031427284851470484
292,49503,0.02737788092726228
292,49504,0.03352423461948825
292,49505,0.009281625768572388
292,49506,0.07404629351081524
292,49507,0.010070429305362609
292,49508,0.06138525350637745
292,49509,0.3561402825131143
292,49510,0.009351705696930512
292,49511,0.04903827520840958
292,49512,0.02055596398030321
292,49513,0.02908456874734767
292,49514,0.10513001882710807
292,49515,0.10412352228054449
292,49516,0.07205972631687647
292,49517,0.016611631061655578
292,49518,0.04348870669457772
292,49519,0.019976907850409988
292,49520,0.024220540386821376
292,49521,0.05267009503521147
292,49522,0.005238252493106719
292,49523,0.04820010573878489
292,49524,0.1454105835747146
292,49525,0.10839816859778438
292,49526,0.036282447713121176
292,49527,0.01675209005975186
292,49528,0.0364896844984037
292,49529,0.02428698413666335
292,49530,0.019164142540019552
292,49531,0.025131227351315122
292,49532,0.010678259006379132
292,49533,0.04621287350182911
292,49534,0.012656985639036536
292,49535,0.03902609429703601
292,49536,0.900065716994274
292,49537,1.0455230189272475
292,49538,0.959137254884909
292,49539,0.9497463459980384
292,49540,0.3111979457355852
292,49541,0.3481277661256053
292,49542,0.766138831396551
292,49543,0.48076919798249895
292,49544,0.26109636871083985
292,49545,0.05257214255234753
292,49546,0.022884946434914562
292,49547,0.03533704276466645
292,49548,0.01709927552358014
292,49601,0.05543004078122503
292,49602,0.017341715015682005
292,49603,0.02012011992547621
292,49604,0.055057461573880875
292,49605,0.02005465070083276
292,49606,0.04078422317297675
292,49607,0.017097415237683357
292,49608,0.021481797862054376
292,49609,0.037653621939051904
292,49610,0.28543050883895005
292,49611,0.05365075804086205
292,49612,0.015296995938986167
292,49613,0.012267087165426554
292,49614,0.05749175948962112
292,49615,0.03352752189560799
292,49616,0.03143662571808923
292,49617,0.04807328120637062
292,49618,0.009598419992421595
292,49619,0.05297405751423859
292,49620,0.02510397031825372
292,49621,0.15775187223908527
292,49622,0.2420206053349925
292,49623,0.011630746016973502
292,49624,0.07678524368108898
292,49625,0.02179506845524265
292,49626,0.08187785238417754
292,49627,0.03866388002760233
292,49628,0.028030466557806822
292,49629,0.021937669082875134
292,49630,0.060520149650301745
292,49631,0.010500809720066808
292,49632,0.07204839864525928
292,49633,0.009332338116699647
292,49634,0.0545332764165162
292,49635,0.16426472824559418
292,49636,0.24316706967890156
292,49637,0.08325218362080533
292,49638,0.07958581110255544
292,49639,0.9860581277204
292,49640,1.8768916797150115
292,49641,0.6810808795395548
292,49642,0.5293233874152635
292,49643,0.31140989021310134
292,49644,0.699410289282609
292,49645,0.04010914291561445
292,49646,0.0191956347073421
292,49647,0.041844252699663576
292,49648,0.027437837857609605
292,49701,0.03030890596667671
292,49702,0.03666408454855932
292,49703,0.015205212789258496
292,49704,0.05444310001941313
292,49705,0.01893232669850025
292,49706,0.04254456892588542
292,49707,0.04255475394082085
292,49708,0.3328196346829274
292,49709,0.0713898727002238
292,49710,0.017245381016307678
292,49711,0.02406832803057691
292,49712,0.022708199548277085
292,49713,0.008615811156196446
292,49714,0.022873595813877132
292,49715,0.18631973501723467
292,49716,0.03937769161260087
292,49717,0.027161176817054385
292,49718,0.03417539536910475
292,49719,0.05931942009381576
292,49720,0.04981094080255102
292,49721,0.39398293588888594
292,49722,0.02747662875629108
292,49723,0.012985923868746196
292,49724,0.04469655516037349
292,49725,0.01842489636976982
292,49726,0.012644305194095758
292,49727,0.04546741594954011
292,49728,0.004912886650718345
292,49729,0.020096485775284844
292,49730,0.032058651683896974
292,49731,0.02654522267796465
292,49732,0.05019810179812728
292,49733,0.009883836248239032
292,49734,0.016540557832039584
292,49735,0.49134259574681727
292,49736,1.2509807341423087
292,49737,1.1546723577766052
292,49738,1.1593208739255942
292,49739,1.2170837298818418
292,49740,0.7871831226821846
292,49741,0.49179472952877046
292,49742,0.6429643865697354
292,49743,0.6981807281248492
292,49744,0.34886367723491185
292,49745,0.07890535171513313
292,49746,0.043712454238838565
292,49747,0.04086281365073972
292,49748,0.009678077943442652
292,49801,0.05273978488481126
292,49802,0.24358748784091486
292,49803,0.016902656275055022
292,49804,0.03279062168608722
292,49805,0.014480023311708695
292,49806,0.058940122433816744
292,49807,0.05543347966358943
292,49808,0.09013714910903232
292,49809,0.05230177798563851
292,49810,0.0241832282051951
292,49811,0.07679974157747936
292,49812,0.014415370968840083
292,49813,0.01823327949569092
292,49814,0.04153536659933693
292,49815,0.04830909739214548
292,49816,0.032464751125508284
292,49817,0.01983569657952264
292,49818,0.5470523297834967
292,49819,0.041580453780175795
292,49820,0.016479936790688356
292,49821,0.024899994668461916
292,49822,0.012154150856417792
292,49823,0.04847999819447119
292,49824,0.019753253591070344
292,49825,0.01265132078561178
292,49826,0.04861725752839576
292,49827,0.010535689238622106
292,49828,0.014223328984555642
292,49829,0.04134003101247365
292,49830,0.020735997487224007
292,49831,0.057792721749626054
292,49832,0.018446641994878644
292,49833,0.04339251187454137
292,49834,0.10143077697140458
292,49835,1.7143329079575578
292,49836,1.2532765228157254
292,49837,0.6807547852408762
292,49838,0.4383853000460033
292,49839,0.3326160869674253
292,49840,1.1673464957255026
292,49841,0.5282642272417895
292,49842,0.2652237144479373
292,49843,0.5031179215202918
292,49844,0.15685010872357208
292,49845,0.06615274157474448
292,49846,0.06037455764369491
292,49847,0.018944378260806534
292,49848,0.02850151132873225
292,49901,0.019122617714676455
292,49902,0.0190827452833158
292,49903,0.027386334973703016
292,49904,0.02068271153738115
292,49905,0.04859802788335202
292,49906,0.013024556748548612
292,49907,0.07303838914684943
292,49908,0.18673950279939383
292,49909,0.122537098766367
292,49910,0.01802432819068239
292,49911,0.030150328147752488
292,49912,0.03693685429613757
292,49913,0.0296371309057233
292,49914,0.060137782675765306
292,49915,0.007486433832095168
292,49916,0.6975168382451711
292,49917,2.2083727784397147
292,49918,0.6597542848982351
292,49919,0.040034338699797285
292,49920,0.09778054668214252
292,49921,0.05396973929896051
292,49922,0.27141467359133115
292,49923,0.04579042021590911
292,49924,0.12254978362224815
292,49925,0.06808516427840396
292,49926,0.07293815217622952
292,49927,0.10325093312521119
292,49928,0.07765989564248336
292,49929,0.3535085643927372
292,49930,1.1145931676015024
292,49931,0.5159424064090931
292,49932,0.3383132255704565
292,49933,0.4417973917638265
292,49934,0.10052555515709084
292,49935,0.028158356554512886
292,49936,0.04293251972619624
292,49937,0.04877629983499842
292,49938,0.08147606928660357
292,49939,0.014339555901287887
292,49940,0.07421084307686922
292,49941,0.07110191327275249
292,49942,0.06059227281270252
292,49943,0.0496477677115181
292,49944,0.04339952894747628
292,49945,0.011786463292474663
292,49946,0.30732287796275415
292,49947,0.007846410462334622
292,49948,0.042398723941613294
292,50001,0.020864973581731297
292,50002,0.03376048422813989
292,50003,0.00835173280633797
292,50004,0.045803519384768294
292,50005,0.0076276141766416705
292,50006,0.032199967777525415
292,50007,0.01768538941125566
292,50008,0.008207086644042436
292,50009,0.019564892275938706
292,50010,0.016126991206452387
292,50011,0.045472812800175996
292,50012,0.0325503917123871
292,50013,0.47300451849509745
292,50014,0.024664550868812668
292,50015,0.01816580795996612
292,50016,0.021367502804193004
292,50017,0.5332232911352531
292,50018,0.04839728490506202
292,50019,0.9848759085724735
292,50020,0.028689278111835685
292,50021,0.0642784917813095
292,50022,0.007411666150631313
292,50023,0.04098327926423741
292,50024,0.04626208468740807
292,50025,0.03707156081305318
292,50026,0.11832038693076226
292,50027,0.0726385751709967
292,50028,0.049939359935560215
292,50029,0.03522592699015886
292,50030,0.04561687965350045
292,50031,0.049868730326512185
292,50032,0.06571859476864952
292,50033,0.041971767599934096
292,50034,0.05341004071418762
292,50035,1.0445147053857997
292,50036,0.9142482268399528
292,50037,0.7565562429241731
292,50038,0.6922984771481971
292,50039,0.3037646116444061
292,50040,0.7917137540309762
292,50041,0.4475727400590664
292,50042,0.24986987684813627
292,50043,0.4254966312529821
292,50044,0.27855155013814986
292,50045,0.022867485700116718
292,50046,0.029262972498531173
292,50047,0.024425732276861165
292,50048,0.0331398493133599
292,50101,0.031097776950212028
292,50102,0.03484580596535707
292,50103,0.04361951958787337
292,50104,0.030411006823583633
292,50105,0.04807889766364206
292,50106,0.02332742456134518
292,50107,0.012790956991759018
292,50108,0.028012601409308033
292,50109,0.048920343434687506
292,50110,0.024779660870667315
292,50111,0.36936051337082054
292,50112,0.018329362997466965
292,50113,0.031246733990219402
292,50114,0.009032315985509276
292,50115,0.06271111968051817
292,50116,0.045211451534654695
292,50117,0.09332729909150764
292,50118,0.031311941772018397
292,50119,0.03579980284437716
292,50120,0.029274282372630328
292,50121,0.04343593508884549
292,50122,0.032003342735622206
292,50123,0.04056467080727587
292,50124,0.03720965150377011
292,50125,0.036681857827377054
292,50126,0.5006600252434091
292,50127,0.019067639932826817
292,50128,0.029271403271240556
292,50129,0.03258401169086556
292,50130,0.02882756536433278
292,50131,0.05801645410034919
292,50132,0.006368810125390478
292,50133,0.015169460124906853
292,50134,1.0275533702460127
292,50135,3.3340251890948895
292,50136,0.9274255740873796
292,50137,0.6117751130105933
292,50138,0.799355499750383
292,50139,0.05728684503506738
292,50140,0.17777174636863705
292,50141,0.044305453617416626
292,50142,0.9089875456774218
292,50143,0.7874583785879188
292,50144,0.051055987661428465
292,50145,0.029049709657887116
292,50146,0.04117261772552947
292,50147,0.010527240629276222
292,50148,0.030899537933865007
292,50201,0.03612031251044503
292,50202,0.02866906317954169
292,50203,0.020763976987094132
292,50204,0.01866854894189427
292,50205,0.03324640093854134
292,50206,0.02279466310694902
292,50207,0.0690143403750158
292,50208,0.03491647031204341
292,50209,0.008044982341040808
292,50210,0.015760307178652753
292,50211,0.35015536418629617
292,50212,0.05964472309473415
292,50213,0.01717530965652252
292,50214,0.052089826277609684
292,50215,0.06704307948272022
292,50216,0.04185461073567224
292,50217,0.016671899468689678
292,50218,0.04388432907325628
292,50219,0.04018321575799716
292,50220,0.02827592427539773
292,50221,0.039990146252120704
292,50222,0.00865060312526918
292,50223,0.04834793951766494
292,50224,0.016072815065371865
292,50225,0.06276964708579996
292,50226,0.01884388332001165
292,50227,0.016193152547100645
292,50228,0.18486651547497895
292,50229,0.04688772132669273
292,50230,0.015666732232661483
292,50231,0.06228759638278127
292,50232,0.023296963806983203
292,50233,0.022880044900494924
292,50234,0.009643279123859795
292,50235,0.03748416543278141
292,50236,0.04300532369541326
292,50237,0.1682369353734486
292,50238,0.5132703025436426
292,50239,1.4383170132056649
292,50240,0.6541349507984313
292,50241,0.5020134659343499
292,50242,0.2079313536626202
292,50243,0.3692425633414264
292,50244,0.04408383525137796
292,50245,0.011153277000830023
292,50246,0.07240799296290479
292,50247,0.046086950426231524
292,50248,0.08163157816904662
292,50301,0.038375167162936236
292,50302,0.017957433989246513
292,50303,0.05298634317216667
292,50304,0.00367482430480786
292,50305,0.22931512401568366
292,50306,0.008425137295888558
292,50307,0.06226499313465906
292,50308,0.0064741833178743186
292,50309,0.040508527696919594
292,50310,0.012635950606163139
292,50311,0.040999910938007124
292,50312,0.02783340083730227
292,50313,0.041387914041774894
292,50314,0.012120890158428
292,50315,0.05641009406562483
292,50316,0.015354563151430151
292,50317,0.007565678107543985
292,50318,0.016472807311424337
292,50319,0.003108597282863019
292,50320,0.06499265308577032
292,50321,0.5056739849345308
292,50322,0.038052786889864465
292,50323,0.006765539477508773
292,50324,0.028375692502029738
292,50325,0.018127500926615695
292,50326,0.04014014118853627
292,50327,0.02670374181461714
292,50328,0.029600834857065397
292,50329,0.02638009372278933
292,50330,0.013502756768354614
292,50331,0.07654973241510897
292,50332,0.004776592933119364
292,50333,0.03409875080917917
292,50334,0.006581322771138778
292,50335,0.0568013646682995
292,50336,0.5027894295936577
292,50337,0.34188235094539754
292,50338,0.08013916405850165
292,50339,0.06246974203044056
292,50340,0.053579999200164985
292,50341,0.1887068877234279
292,50342,0.6543561613076313
292,50343,0.03281132243122374
292,50344,0.05269826660560568
292,50345,0.061770063090528696
292,50346,0.026846267398919946
292,50347,0.07001386211003806
292,50348,0.009421033897420918
292,50401,0.04220291847242483
292,50402,0.011633499369147924
292,50403,0.05006641733172177
292,50404,0.03202932831475448
292,50405,0.04087052379464972
292,50406,0.018443108747849223
292,50407,0.01788695580473287
292,50408,0.03708882398338534
292,50409,0.02068273245849726
292,50410,0.028069277396614817
292,50411,0.4561541547763242
292,50412,0.0568186202182729
292,50413,0.013288912453216452
292,50414,0.04973494061740587
292,50415,0.05615742375791823
292,50416,0.12935640030830345
292,50417,0.07895898274943598
292,50418,0.04467226898116255
292,50419,0.5950435611909998
292,50420,0.01911317574000943
292,50421,0.026760753721671186
292,50422,0.01422782633746463
292,50423,0.02821710656732998
292,50424,0.008125281283636219
292,50425,0.07386301371072809
292,50426,0.01177975459658537
292,50427,0.019582829636867707
292,50428,0.027209239382896214
292,50429,0.05431673351221665
292,50430,0.054658698707646315
292,50431,0.06463189250796965
292,50432,0.0274470459191466
292,50433,0.027430894703315795
292,50434,0.02941691203149595
292,50435,0.04740500448860808
292,50436,0.020594290870360937
292,50437,0.14859611223314206
292,50438,0.6256400021723524
292,50439,0.36560818536310635
292,50440,0.047854313527906235
292,50441,0.225281161763274
292,50442,0.07389259292097473
292,50443,0.01911002472118861
292,50444,0.025464802418491927
292,50445,0.029302817154239866
292,50446,0.016043143254280457
292,50447,0.05460148514866983
292,50448,0.01826708180048874
292,50501,0.05617223728930958
292,50502,0.012893125763360904
292,50503,0.0455141129974505
292,50504,0.04515850420992961
292,50505,0.032152154872501906
292,50506,0.03466636948853913
292,50507,0.009275359165055815
292,50508,0.030588946472820976
292,50509,0.20755931474444322
292,50510,0.09928308389828523
292,50511,0.026486857486836934
292,50512,0.02844690730861789
292,50513,0.015120241229186496
292,50514,0.018170160949787895
292,50515,0.03502311095847771
292,50516,0.040996765496733215
292,50517,0.018009165602417797
292,50518,0.050277605091466254
292,50519,0.022999166598011912
292,50520,0.04284437116674778
292,50521,0.03378678376463593
292,50522,0.01628337327842111
292,50523,0.03031408180902962
292,50524,0.008557314769967997
292,50525,0.027645233882491255
292,50526,0.44320125815595474
292,50527,0.05730523076814388
292,50528,0.16491850735777377
292,50529,0.027952800974903987
292,50530,0.06168067037246483
292,50531,0.028418634984945408
292,50532,0.09471616880302045
292,50533,0.05094048568311593
292,50534,0.13911855477899748
292,50535,0.831153014572216
292,50536,1.6640484791982346
292,50537,0.7216232788065052
292,50538,0.25390777076863463
292,50539,0.9187464544195393
292,50540,0.11711624253948105
292,50541,0.049256402512079786
292,50542,0.14418448867669975
292,50543,0.15960747233168388
292,50544,0.07818584548675181
292,50545,0.03894285024179659
292,50546,0.07764906605598355
292,50547,0.061132491615520056
292,50548,0.030354913132962076
292,50601,0.05554423777114044
292,50602,0.03589208729098502
292,50603,0.04328388601125809
292,50604,0.03767558523184856
292,50605,0.03515676547142336
292,50606,0.05688678163244181
292,50607,0.16188726363336875
292,50608,0.0395389213673976
292,50609,0.013143946027128631
292,50610,0.023208545202662197
292,50611,0.025149026596604136
292,50612,0.027935629113847747
292,50613,0.018986553843904724
292,50614,0.046988323911164864
292,50615,0.08645587738501599
292,50616,0.37109082636644836
292,50617,0.5347202839603654
292,50618,0.7119895879784719
292,50619,0.08158201943403416
292,50620,0.024849747845915832
292,50621,0.048732617386621664
292,50622,0.011463328480049237
292,50623,0.05668953453834901
292,50624,0.030336411336481645
292,50625,0.13620629199525616
292,50626,0.040001566906294264
292,50627,0.09550362872350901
292,50628,0.10486953106389083
292,50629,0.5016589024755378
292,50630,0.21444791713661016
292,50631,0.04828881833992196
292,50632,0.0732122293992312
292,50633,0.04395629483604825
292,50634,0.22806728414176433
292,50635,1.3368092196719978
292,50636,0.1948568637616211
292,50637,0.1354391950735522
292,50638,0.1593743475458587
292,50639,0.20900975224265914
292,50640,0.02777572120021106
292,50641,0.04583174103444314
292,50642,0.01979684924144687
292,50643,0.05772452559962937
292,50644,0.03765246527056996
292,50645,0.039580055160864304
292,50646,0.029112176689390513
292,50647,0.01784441000327489
292,50648,0.05016102608704871
292,50701,0.03595045623881499
292,50702,0.02617234072975414
292,50703,0.06136787186547322
292,50704,0.01397132908702009
292,50705,0.062759669872786
292,50706,0.014100027224983583
292,50707,0.06914586603469064
292,50708,0.22062455510857207
292,50709,0.05309973341866758
292,50710,0.02552138051479875
292,50711,0.04284449913972981
292,50712,0.024660725959484806
292,50713,0.035156457651493514
292,50714,0.05489702869772885
292,50715,0.08437519111538636
292,50716,0.07907518340369177
292,50717,0.029786044370235496
292,50718,0.12727745878153543
292,50719,0.03444243023733284
292,50720,0.9829484782265715
292,50721,1.0349586370765262
292,50722,0.030579880913104176
292,50723,0.021396367197269225
292,50724,0.019668299832440183
292,50725,0.3163842235618597
292,50726,0.03287132707094416
292,50727,0.09691406142288611
292,50728,0.06647181041100365
292,50729,0.037199042039039946
292,50730,0.12653610366138154
292,50731,0.11409485820495224
292,50732,0.10586317583873633
292,50733,0.0920567114574093
292,50734,0.3072975851604946
292,50735,0.5144396639160819
292,50736,1.060986362235891
292,50737,0.11313029620095331
292,50738,0.048694575880307005
292,50739,0.04413026807972557
292,50740,0.13149358474206696
292,50741,0.05206594911679241
292,50742,0.4744100556616112
292,50743,0.10975647270474957
292,50744,0.06410181774242643
292,50745,0.022810903054707177
292,50746,0.008168579974259611
292,50747,0.06471404481109529
292,50748,0.0039122713684028474
292,50801,0.05770378786197655
292,50802,0.007033479580984112
292,50803,0.026897401600938058
292,50804,0.032586486043732946
292,50805,0.02405070158978527
292,50806,0.015370568737104002
292,50807,0.023868566642130426
292,50808,0.05165734848441543
292,50809,0.005175088694584185
292,50810,0.052737315319730575
292,50811,0.006467622157883306
292,50812,0.24668480651517394
292,50813,0.08476885484778172
292,50814,0.3874063794367878
292,50815,0.07061442545753818
292,50816,0.032922358312554974
292,50817,0.08452176974323844
292,50818,0.051012742786735364
292,50819,0.07397193506390598
292,50820,0.028249842082301798
292,50821,0.009101110908485225
292,50822,0.057597705792633624
292,50823,0.016171247397757584
292,50824,0.05000374922603989
292,50825,0.019005533595932936
292,50826,0.037281262000335214
292,50827,0.02380941243441038
292,50828,0.03667805588400829
292,50829,0.037835734781103685
292,50830,0.023997352149773866
292,50831,0.015048332232667862
292,50832,0.3422523496915934
292,50833,0.20322929033260703
292,50834,0.14107079653015223
292,50835,0.41460221255200524
292,50836,0.6577320734555123
292,50837,0.1464589478752857
292,50838,0.37914757437193963
292,50839,0.1560565841467131
292,50840,0.07519047267047904
292,50841,0.0856351029495997
292,50842,0.12221140946658804
292,50843,0.056580598340617266
292,50844,0.026868471985775116
292,50845,0.024448222427202796
292,50846,0.02810098038347074
292,50847,0.012319544768354685
292,50848,0.05175754642804851
292,50901,0.032407942066178815
292,50902,0.0467109512505534
292,50903,0.031186365764969918
292,50904,0.02750708427712945
292,50905,0.012994361679448802
292,50906,0.05545683527732638
292,50907,0.48623010737816796
292,50908,0.02003972427099266
292,50909,0.018267587378253652
292,50910,0.024056033079391498
292,50911,0.04003057846955023
292,50912,0.0249613098083968
292,50913,0.05544481912990854
292,50914,0.02432457853082813
292,50915,0.10068294988824598
292,50916,0.019168039567188506
292,50917,0.04570281671977483
292,50918,0.04268566171523354
292,50919,0.0438964911619316
292,50920,0.044890873350406056
292,50921,0.015735851366490285
292,50922,0.029059202326244295
292,50923,0.4398525751374812
292,50924,0.031203749451258506
292,50925,0.00439583265864623
292,50926,0.025621794521903402
292,50927,0.019134520590035852
292,50928,0.03953934305503092
292,50929,0.015097658785676496
292,50930,0.019227236744862722
292,50931,0.05475229141185455
292,50932,0.006432416750202685
292,50933,0.07112643631249632
292,50934,0.004217178411982788
292,50935,0.025481735562128086
292,50936,0.00675352036390501
292,50937,0.050527561317373564
292,50938,0.015936046258495477
292,50939,0.019427215675708875
292,50940,0.7630312282030852
292,50941,1.0707505895184084
292,50942,0.14471946666754687
292,50943,0.16251763326599608
292,50944,0.10213573345826335
292,50945,0.03828090349764199
292,50946,0.0056422800824802635
292,50947,0.06274182186916452
292,50948,0.00779777688422308
292,51001,0.06424020072953399
292,51002,0.020113552733077692
292,51003,0.04918957478595295
292,51004,0.02214077616827562
292,51005,0.027368553824516088
292,51006,0.12755019965713624
292,51007,0.02157227424019938
292,51008,0.031677726420864576
292,51009,0.011264291439036836
292,51010,0.026093409717580587
292,51011,0.016217237498135476
292,51012,0.03078258164329461
292,51013,0.0157762266067428
292,51014,0.03605062610046659
292,51015,0.06650902526997515
292,51016,0.01768842215825807
292,51017,0.03446267731296723
292,51018,0.0074791317578623805
292,51019,0.05378380674374367
292,51020,0.009526328460489245
292,51021,0.11990988164405239
292,51022,0.27944616697024127
292,51023,0.01726384460814938
292,51024,0.03718948606695897
292,51025,0.009180562236231595
292,51026,0.04147135144235953
292,51027,0.010000686536831142
292,51028,0.041789725801251475
292,51029,0.01581982811389547
292,51030,0.06197736845079713
292,51031,0.09818542206600461
292,51032,0.03821785960904015
292,51033,0.05242273143978367
292,51034,0.05111309029278526
292,51035,1.6039335954087108
292,51036,1.006769882328227
292,51037,0.6395121000367424
292,51038,0.11764221553375635
292,51039,0.8230146875312552
292,51040,0.19194428992788987
292,51041,0.5152596652973114
292,51042,0.5922591316841226
292,51043,0.05160570910214336
292,51044,0.09132290469968508
292,51045,0.012522689254312559
292,51046,0.06065697900395903
292,51047,0.015254235804788817
292,51048,0.03880226662263493
292,51101,0.023025236656673873
292,51102,0.036150857873494854
292,51103,0.042205022179671384
292,51104,0.011611447519269725
292,51105,0.07463806065889103
292,51106,0.014282959889531223
292,51107,0.42989685348660617
292,51108,0.014986501995930155
292,51109,0.046851632491682706
292,51110,0.019194854183244053
292,51111,0.011054387171369152
292,51112,0.01937887503075724
292,51113,0.010116797343864444
292,51114,0.043836295473418906
292,51115,0.030376793806319587
292,51116,0.07208259498435021
292,51117,0.0168222502076439
292,51118,0.014762497187263388
292,51119,0.02492503110302966
292,51120,0.02350586733923723
292,51121,0.03634512140016641
292,51122,0.0072480950189787105
292,51123,0.21248485478490603
292,51124,0.10580097462059479
292,51125,0.05563464226068172
292,51126,0.052419893676571426
292,51127,0.016547064353331004
292,51128,0.03256759444807846
292,51129,0.016259358629516097
292,51130,0.027992011032205208
292,51131,0.014181648207210882
292,51132,0.026610352639007837
292,51133,0.03897725961189488
292,51134,0.9638768933696065
292,51135,0.1456008387223935
292,51136,0.1675277731173552
292,51137,0.09443979772026921
292,51138,0.08013545401840295
292,51139,0.05188978632732714
292,51140,0.03507750631968572
292,51141,0.5466888920274501
292,51142,0.5517260960929979
292,51143,1.1893167460646377
292,51144,0.5099675570051181
292,51145,0.029485821582473426
292,51146,0.06210923249213253
292,51147,0.019971650314886544
292,51148,0.05323459435831505
292,51201,0.021148989590818446
292,51202,0.018754558895237437
292,51203,0.041899293489340246
292,51204,0.031083547493512227
292,51205,0.06118851166640439
292,51206,0.007478984477996935
292,51207,0.01825800462220949
292,51208,0.0058236656413484114
292,51209,0.4024099733105844
292,51210,0.007899522543983574
292,51211,0.017166261191999238
292,51212,0.019509370780839048
292,51213,0.019882074231579963
292,51214,0.07133599274749707
292,51215,0.029047792002454536
292,51216,0.06676116750125374
292,51217,0.010430730059053617
292,51218,0.02824802261216576
292,51219,0.033505450261428434
292,51220,0.06154707003839746
292,51221,0.09466759411314192
292,51222,0.01902767230653218
292,51223,0.16162001788887717
292,51224,0.2183303543678747
292,51225,0.02456619029612936
292,51226,0.043869377933737436
292,51227,0.014758545363651425
292,51228,0.0509775857603077
292,51229,0.009891299411817328
292,51230,0.0764619058377226
292,51231,0.016187896731702657
292,51232,0.056033715231326456
292,51233,0.017460601542738274
292,51234,0.16220492088278354
292,51235,0.15252203386190152
292,51236,0.05496487461318054
292,51237,0.05580795508755187
292,51238,0.030277770355146078
292,51239,0.3449329350686037
292,51240,0.05195139562722386
292,51241,0.31624353605085137
292,51242,0.5166329391769107
292,51243,1.2143489552495967
292,51244,0.015169156057753534
292,51245,0.029935121513827937
292,51246,0.032381496341987545
292,51247,0.01833287962799287
292,51248,0.04700640872544764
292,51301,0.011662113375507798
292,51302,0.021547376830658424
292,51303,0.009163418544681608
292,51304,0.024664511395560446
292,51305,0.010335839855799521
292,51306,0.02578011990081043
292,51307,0.016325043004130783
292,51308,0.033627964814179935
292,51309,0.04179354994264126
292,51310,0.16381193200071323
292,51311,0.3295580824854698
292,51312,0.02541436925875608
292,51313,0.060275396283731346
292,51314,0.11833205792113219
292,51315,0.7977027471544988
292,51316,1.1698734993498459
292,51317,0.6719935591703609
292,51318,1.4769058700062898
292,51319,0.14508765134461363
292,51320,0.041634863603440306
292,51321,0.027874490077321405
292,51322,0.0844107816055236
292,51323,0.8562361998950815
292,51324,0.04628726626131942
292,51325,0.16540961620667957
292,51326,0.5679054380307447
292,51327,0.9887612748221054
292,51328,0.26727640282625903
292,51329,0.5452959536418086
292,51330,1.021273284311617
292,51331,0.21984866107901127
292,51332,0.0975349225406917
292,51333,0.31221671499773895
292,51334,0.29035268369375217
292,51335,1.3363300951237866
292,51336,0.3708066960134262
292,51337,0.7677702289995492
292,51338,0.28798148370267207
292,51339,0.046745285718439056
292,51340,0.061954206994030855
292,51341,0.10295846871215159
292,51342,0.03937519985304318
292,51343,0.12882371348782157
292,51344,0.03422576542400917
292,51345,0.038755397065085406
292,51346,0.09108835377624555
292,51347,0.022998855341154527
292,51348,0.05852155379076424
292,51401,0.014238281187383628
292,51402,0.04581958158343388
292,51403,0.01840715581848912
292,51404,0.5666139084042762
292,51405,0.02510471667680983
292,51406,0.02423039786187508
292,51407,0.028979675823065473
292,51408,0.013023556339036504
292,51409,0.042679914944844397
292,51410,0.010083991400741907
292,51411,0.041892966731833715
292,51412,0.018570126618134005
292,51413,0.04560782898245775
292,51414,0.015291901504175354
292,51415,0.019354746642967734
292,51416,0.0078664052512437
292,51417,0.132657079442839
292,51418,0.7432327842968941
292,51419,1.5594514317320638
292,51420,0.46248971194762767
292,51421,1.2058541199546047
292,51422,0.1544059187312651
292,51423,0.05935890295769986
292,51424,0.09475899899510154
292,51425,0.04913268695344831
292,51426,0.04048174049668988
292,51427,0.04940579582872278
292,51428,0.21099024295388205
292,51429,0.06955379616643102
292,51430,0.03539344323435229
292,51431,0.059076215434400114
292,51432,0.09600346639398127
292,51433,0.07916310063212807
292,51434,0.024812114258493622
292,51435,0.533005275531382
292,51436,0.4951094759838714
292,51437,0.5617000301725751
292,51438,0.7860555626920269
292,51439,0.6032858351535445
292,51440,0.3506367087314792
292,51441,0.7668759931852799
292,51442,0.23005677118878898
292,51443,0.024095747531980755
292,51444,0.02329934234752095
292,51445,0.03228772856805432
292,51446,0.06441046568192402
292,51447,0.008414805169129775
292,51448,0.03190579766720307
292,51501,0.010982314216219556
292,51502,0.030385255583032584
292,51503,0.16215765292364048
292,51504,0.01622194924203413
292,51505,0.05717041792271212
292,51506,0.013797330806695936
292,51507,0.05973852157345212
292,51508,0.019921031173046604
292,51509,0.046934324208850645
292,51510,0.02115425889523678
292,51511,0.04600545126786968
292,51512,0.012213026803063678
292,51513,0.05238239763737913
292,51514,0.02031441143284339
292,51515,0.048352220342809865
292,51516,0.009924731592645194
292,51517,0.019383154708381957
292,51518,0.055365912305799424
292,51519,0.46840130607677916
292,51520,0.030348365254851482
292,51521,0.025227461746999035
292,51522,0.029356908420809364
292,51523,0.0061258622233107485
292,51524,0.03362688692480195
292,51525,0.017047378241528372
292,51526,0.03600361232470418
292,51527,0.025638737495742872
292,51528,0.048083554747734694
292,51529,0.017413401685676077
292,51530,0.019929479006771656
292,51531,0.012221094726531415
292,51532,0.09450460556334092
292,51533,1.4118462598932549
292,51534,0.6125120882060481
292,51535,0.2132879751032787
292,51536,0.7972624090485175
292,51537,0.37812749007446717
292,51538,0.5324415762440156
292,51539,0.37868222633111137
292,51540,0.41360533645294073
292,51541,0.34374755439505655
292,51542,0.20214771969110132
292,51543,0.16428683803546018
292,51544,0.06089496152992785
292,51545,0.04043539818980735
292,51546,0.03130209502572566
292,51547,0.04962078748402803
292,51548,0.019720634812266793
292,51601,0.036760275672408256
292,51602,0.007201256819702469
292,51603,0.04489564901063063
292,51604,0.01148023442862703
292,51605,0.06147222774235861
292,51606,0.043686779593795105
292,51607,0.07383184418061474
292,51608,0.4608101354907521
292,51609,0.019039717689890205
292,51610,0.02295653407686618
292,51611,0.03245227381690031
292,51612,0.022675593478743376
292,51613,0.010571891458994544
292,51614,0.03876265824552535
292,51615,0.09412202691645333
292,51616,0.030740209699750904
292,51617,0.015506520097724503
292,51618,0.019461190340717957
292,51619,0.04010113920244208
292,51620,0.12642379890094854
292,51621,0.14549464035054802
292,51622,0.0176815536859099
292,51623,0.06278566259233105
292,51624,0.013332495756055511
292,51625,0.06940451403723663
292,51626,0.020324830812349527
292,51627,0.03269357280154241
292,51628,0.026108143690547307
292,51629,0.018076687958841382
292,51630,0.043952354095282864
292,51631,0.03715068908078484
292,51632,0.011308661862922356
292,51633,0.09471691054524076
292,51634,0.11355210416087412
292,51635,0.08779059424487963
292,51636,0.06893933530952867
292,51637,0.031003304499936
292,51638,0.3119267397694597
292,51639,0.02347622343351442
292,51640,0.07031941881408585
292,51641,0.021746358905296897
292,51642,0.04386836229596529
292,51643,0.030275938413172204
292,51644,0.04549217963963922
292,51645,0.07771040373288615
292,51646,0.472393816015915
292,51647,0.031797762061700624
292,51648,0.019806622446711036
292,51701,0.028734457375662104
292,51702,0.01621695645271338
292,51703,0.039395813919567355
292,51704,0.039164232109049374
292,51705,0.03256356772824937
292,51706,0.050146536037274696
292,51707,0.03215032127456168
292,51708,0.05789043885102096
292,51709,0.02006695332819089
292,51710,0.041198875852893155
292,51711,0.007784507300442603
292,51712,0.021487114599611536
292,51713,0.018643897287102158
292,51714,0.06557420891704772
292,51715,0.30048040855370894
292,51716,0.05038835767195311
292,51717,0.050254861947247514
292,51718,0.02667126564030862
292,51719,0.04387758219108937
292,51720,0.017538422608121183
292,51721,0.05558078434490377
292,51722,0.018364574533587558
292,51723,0.0644864170980664
292,51724,0.016854148508523625
292,51725,0.06962755323870148
292,51726,0.01443334802235361
292,51727,0.018954879747643212
292,51728,0.021896958323659167
292,51729,0.01658350214656019
292,51730,0.017775662434733205
292,51731,0.3958205368693166
292,51732,0.019560718931257007
292,51733,0.020081818215567277
292,51734,0.034026314979488284
292,51735,0.6071074116560088
292,51736,0.972238108620805
292,51737,0.12470401903098803
292,51738,0.1378932848681785
292,51739,0.17506629674168672
292,51740,0.05136120253192648
292,51741,0.1806062692435955
292,51742,0.28654778499144296
292,51743,0.02019497758580376
292,51744,0.02989438510981305
292,51745,0.033099384426303384
292,51746,0.07395056772873365
292,51747,0.008529817555047616
292,51748,0.045263593336684324
292,51801,0.012624233090824256
292,51802,0.05702362233044555
292,51803,0.020010696339401876
292,51804,0.03660479520101535
292,51805,0.03379492432448057
292,51806,0.008869255826751679
292,51807,0.02864841843548731
292,51808,0.009960807210862604
292,51809,0.06650800704406643
292,51810,0.009055037566854404
292,51811,0.040696022015774484
292,51812,0.0350527906634524
292,51813,0.30232225078304803
292,51814,0.17921013660161364
292,51815,0.05393406605712653
292,51816,0.05452309170010616
292,51817,0.007395760436292482
292,51818,0.06693695797837929
292,51819,0.0090155856345171
292,51820,0.06524855854680678
292,51821,0.032519715363535026
292,51822,0.037917395997895474
292,51823,0.012886295813353932
292,51824,0.01639346904111753
292,51825,0.045940254883819476
292,51826,0.030601656101843407
292,51827,0.04075623336550028
292,51828,0.03478216060526203
292,51829,0.07952122214985882
292,51830,0.06804583828691192
292,51831,0.1362697982965573
292,51832,0.09941454895260485
292,51833,0.016193936163036434
292,51834,0.03713708379096753
292,51835,0.07654261947121883
292,51836,0.04770739712487946
292,51837,0.6906196020869134
292,51838,0.031246085117692553
292,51839,0.040565884881129916
292,51840,0.01589675860399775
292,51841,0.037607008148218185
292,51842,0.1215105669154293
292,51843,0.11497679594724705
292,51844,0.08760430146480833
292,51845,0.021934821023929855
292,51846,0.05178829084165724
292,51847,0.021793570739283976
292,51848,0.03571693297827948
292,51901,0.015974097108668758
292,51902,0.06127727578091168
292,51903,0.021620068750785232
292,51904,0.023637574165928914
292,51905,0.4113767078415911
292,51906,0.015436990952882432
292,51907,0.04217398572230696
292,51908,0.017285688040453124
292,51909,0.020019041241149838
292,51910,0.023183820966651458
292,51911,0.07136008168771119
292,51912,0.011439049620991173
292,51913,0.029436372927100645
292,51914,0.02672393201361182
292,51915,0.049042407921550915
292,51916,0.02072334362887724
292,51917,0.044180550980318256
292,51918,0.055892591914120375
292,51919,0.03438226292716826
292,51920,0.0755755054986926
292,51921,0.4037619020079877
292,51922,0.039420627453741794
292,51923,0.06432346864750861
292,51924,0.023731726140588886
292,51925,0.03750290126362367
292,51926,0.020733376439955545
292,51927,0.03583006207584118
292,51928,0.019282175006381085
292,51929,0.01816364004405653
292,51930,0.029586734493110986
292,51931,0.02090985042956575
292,51932,0.023003745924660722
292,51933,0.0188825103150218
292,51934,0.11174793775874994
292,51935,0.19262154332803272
292,51936,2.6240139176073134
292,51937,1.7125979939926355
292,51938,0.5739790554054183
292,51939,0.9865259000677694
292,51940,0.18964177833831422
292,51941,0.22558107268610653
292,51942,0.12090197680793684
292,51943,0.14072911776091554
292,51944,0.0450529787536724
292,51945,0.02659907355993959
292,51946,0.009208761246030801
292,51947,0.03072693221526848
292,51948,0.018978049464560248
292,52001,0.013895855566460606
292,52002,0.05576752688237592
292,52003,0.013464361441420127
292,52004,0.0250768393380602
292,52005,0.01478657556229575
292,52006,0.02418448560662835
292,52007,0.5188874566689695
292,52008,0.06299395392999446
292,52009,0.0331799782088486
292,52010,0.04302194580865723
292,52011,0.011596178246642014
292,52012,0.04244255617431408
292,52013,0.017323964184336908
292,52014,0.033655481498125556
292,52015,0.022626619575053346
292,52016,0.010935816960248328
292,52017,0.0802570312806505
292,52018,0.1346367756459068
292,52019,0.745973102541899
292,52020,0.040974352378391005
292,52021,0.051013413023525446
292,52022,0.04805657499278856
292,52023,0.018981989272942135
292,52024,0.21447248310277847
292,52025,0.2746191266361865
292,52026,0.09165069018028622
292,52027,0.21765347955171377
292,52028,0.5504632673298384
292,52029,0.005436996561543768
292,52030,0.1230917369696602
292,52031,0.08475155763386248
292,52032,0.10120631599340042
292,52033,0.5831575737210563
292,52034,0.921372257940831
292,52035,0.4398258909855794
292,52036,0.16718331092535257
292,52037,0.12073246275587428
292,52038,0.08598226503831624
292,52039,0.16349133628203708
292,52040,0.23166400002944065
292,52041,0.2407019247323529
292,52042,0.14552571262084235
292,52043,0.15922432829975483
292,52044,0.10414512539449469
292,52045,0.09117902552697031
292,52046,0.0177732113417247
292,52047,0.33273425132975804
292,52048,0.02668163811490331
292,52101,0.019962794090300745
292,52102,0.04321237593234994
292,52103,0.011602665783414194
292,52104,0.026325712317953824
292,52105,0.018304908459543034
292,52106,0.029999594900202525
292,52107,0.018684662054621645
292,52108,0.010968269915745253
292,52109,0.07246538992534851
292,52110,0.011554731653092778
292,52111,0.015594416294106553
292,52112,0.045242329220809556
292,52113,0.013054013683751609
292,52114,0.018774370696413165
292,52115,0.02462006848889346
292,52116,0.24817538102307607
292,52117,0.23471640156438991
292,52118,0.2846185989290586
292,52119,0.06986543882642293
292,52120,0.8499742064018664
292,52121,0.5149958179771712
292,52122,0.1533405058758096
292,52123,0.043302585234944714
292,52124,0.021358561306760882
292,52125,0.05415935415587028
292,52126,0.017106123294492435
292,52127,0.041599445690917176
292,52128,0.016697225179472693
292,52129,0.006804098671811219
292,52130,0.0346987958619082
292,52131,0.018083497571905995
292,52132,0.05258080936513955
292,52133,0.044571795027467526
292,52134,0.06746261699938985
292,52135,0.6952411990377515
292,52136,0.6646550010781659
292,52137,0.20584569117724688
292,52138,0.6584523261238701
292,52139,0.332424980651849
292,52140,0.7428424988546116
292,52141,0.49560868262963376
292,52142,0.19394753734272885
292,52143,0.14252018541051673
292,52144,0.08077453540165092
292,52145,0.027852185650850503
292,52146,0.016434853285563322
292,52147,0.05434450103500572
292,52148,0.009092313252892392
292,52201,0.023881755212489468
292,52202,0.015211042126867235
292,52203,0.0360826988463174
292,52204,0.06486248041406108
292,52205,0.007318213240211703
292,52206,0.02029090233124406
292,52207,0.021617218288118023
292,52208,0.2710484438822797
292,52209,0.09028915104040747
292,52210,0.05632783696077903
292,52211,0.0838052430817783
292,52212,0.05148970351565745
292,52213,0.015531789182317315
292,52214,0.023687477136092937
292,52215,0.015331159066013234
292,52216,0.04793107641004489
292,52217,0.02236239890117484
292,52218,0.009661272616345997
292,52219,0.01893391095050079
292,52220,0.012072827854026134
292,52221,0.029221898436008194
292,52222,0.016928306325137938
292,52223,0.43799091875969065
292,52224,0.06692361748284191
292,52225,0.006215524998038025
292,52226,0.04658867777647086
292,52227,0.011325147698091143
292,52228,0.009028248382765936
292,52229,0.07688458620400816
292,52230,0.016100193363932175
292,52231,0.03161145027731533
292,52232,0.039531864235132434
292,52233,0.016202113521025466
292,52234,1.1978110006653742
292,52235,3.7105215233560287
292,52236,1.357911523356411
292,52237,0.6774893089637966
292,52238,0.33483423332912204
292,52239,0.6999028995616655
292,52240,0.8054140000982738
292,52241,0.47197050290140174
292,52242,0.5556534365747875
292,52243,0.1904737716707886
292,52244,0.13142001925301283
292,52245,0.018005970886948486
292,52246,0.04154818411792384
292,52247,0.056133505057904036
292,52248,0.028387860350825928
292,52301,0.04285673275736723
292,52302,0.01926817758820796
292,52303,0.022336103143980737
292,52304,0.054954760075734944
292,52305,0.01218174099182292
292,52306,0.049699725411468096
292,52307,0.014273745902147921
292,52308,0.051704596787206986
292,52309,0.46483076076910895
292,52310,0.020807509280415106
292,52311,0.020825571031722286
292,52312,0.005320678226130915
292,52313,0.026985455744040633
292,52314,0.11364037629620463
292,52315,0.4275903399884813
292,52316,0.017850068690976027
292,52317,0.019639007261996147
292,52318,0.027669099166748496
292,52319,0.008211276018713194
292,52320,0.02663288910885512
292,52321,0.03425648148393895
292,52322,0.02154438308970777
292,52323,0.3111872523169688
292,52324,0.06201148866767441
292,52325,0.03702480108025364
292,52326,0.038179173631836344
292,52327,0.01294580533666459
292,52328,0.07312586383037405
292,52329,0.0075533075941400935
292,52330,0.017408831801356703
292,52331,0.013971269995974098
292,52332,0.007504136990111837
292,52333,0.0721890812731374
292,52334,0.01758159998163409
292,52335,0.03747077750134362
292,52336,0.027309909865131186
292,52337,0.009688199064893733
292,52338,0.06854054128977476
292,52339,0.44475398229569574
292,52340,1.3342445946848904
292,52341,1.0376277604354436
292,52342,2.1935553019291065
292,52343,1.1510872791280995
292,52344,0.29932461086182
292,52345,0.18378036710930354
292,52346,0.030482508354785793
292,52347,0.01918751469336482
292,52348,0.03332535410489836
292,52401,0.03164898087843692
292,52402,0.005191083362404896
292,52403,0.04341732725450722
292,52404,0.014274806926104514
292,52405,0.029317019784653182
292,52406,0.03459168921010798
292,52407,0.006898803757466214
292,52408,0.0436314710285032
292,52409,0.011261752779082305
292,52410,0.4677693160842826
292,52411,0.016457063480611617
292,52412,0.01355792274949636
292,52413,0.07283786673629314
292,52414,0.048829372560424245
292,52415,0.050810962464065336
292,52416,0.08491426962529806
292,52417,0.07235923695255415
292,52418,0.03164289564758558
292,52419,0.03468743085852863
292,52420,0.08128781002188895
292,52421,0.0859988147948689
292,52422,0.05219711789059008
292,52423,0.08069535439230444
292,52424,0.03145844070015268
292,52425,0.3490722504579035
292,52426,0.10683548820074915
292,52427,0.03400742634874222
292,52428,0.060831297637504486
292,52429,0.07411154446617517
292,52430,0.026363471980468938
292,52431,0.045529035009760535
292,52432,0.05992751428866788
292,52433,0.07915820915741119
292,52434,0.0895729923252415
292,52435,0.06089927887035503
292,52436,1.3864179535745618
292,52437,1.334428649247612
292,52438,1.3457521066870684
292,52439,1.258034383904537
292,52440,0.58587960386597
292,52441,0.4721382857981567
292,52442,1.1715879710950887
292,52443,1.2739170429188045
292,52444,0.099198853485299
292,52445,0.014093270826472298
292,52446,0.04549234054033308
292,52447,0.02711181674362996
292,52448,0.010535254250960687
292,52501,0.06420124242795203
292,52502,0.003632046151384853
292,52503,0.08055345388848396
292,52504,0.004131545544428645
292,52505,0.0356077530884145
292,52506,0.029325248148132
292,52507,0.019428211171936455
292,52508,0.2586405122313261
292,52509,0.14266491995557715
292,52510,0.017350212418183956
292,52511,0.01724712648827707
292,52512,0.007870569098724496
292,52513,0.06057170481755731
292,52514,0.019179881647919738
292,52515,0.18550182501651136
292,52516,0.05147686870696722
292,52517,0.009259632853161632
292,52518,0.021963001562696764
292,52519,0.034626348569885196
292,52520,0.003546265057564031
292,52521,0.04328047009715302
292,52522,0.004794326686202016
292,52523,0.03648155600056093
292,52524,0.3244480865686649
292,52525,0.006368650612068768
292,52526,0.07675851776120675
292,52527,0.008641884846669865
292,52528,0.032609230256235494
292,52529,0.023253075261677428
292,52530,0.053319362266228534
292,52531,0.059229529137017255
292,52532,0.010005908423184993
292,52533,0.026844609094618912
292,52534,0.028453047290065214
292,52535,0.018546361381658775
292,52536,0.04554475269129688
292,52537,0.010706893363313206
292,52538,0.01568612386802918
292,52539,0.014285249092044502
292,52540,0.27305304622790083
292,52541,0.026905649809076986
292,52542,0.010263943409640689
292,52543,0.023067814408511352
292,52544,0.030500991558429027
292,52545,0.011893876676386727
292,52546,0.056956142660236436
292,52547,0.008550755860001728
292,52548,0.016767482435534668
292,52601,0.015361660484450899
292,52602,0.004613953674205041
292,52603,0.059605745267756874
292,52604,0.005679164580826428
292,52605,0.03121106149410299
292,52606,0.52699233610421
292,52607,0.01060511557145556
292,52608,0.0556123082922965
292,52609,0.004005136551231492
292,52610,0.022839163770592186
292,52611,0.02435223131243824
292,52612,0.00901050370457766
292,52613,0.037495322495927574
292,52614,0.01765569571073505
292,52615,0.011111607968838477
292,52616,0.043344604474441856
292,52617,0.009798726700527375
292,52618,0.018451851322183663
292,52619,0.010503025717787239
292,52620,0.009711170002134022
292,52621,0.35716951089360666
292,52622,0.006274569570645193
292,52623,0.017204070783128942
292,52624,0.03779071140728315
292,52625,0.010864915556347107
292,52626,0.05362494962414304
292,52627,0.01624211506138274
292,52628,0.03575518080198685
292,52629,0.012788671520176851
292,52630,0.010087643388531924
292,52631,0.04738063515092972
292,52632,0.009707807287463718
292,52633,0.038654564220001866
292,52634,0.008186636326245651
292,52635,0.010284725363067486
292,52636,0.026714958728550883
292,52637,0.010120057356170725
292,52638,0.43409439736611777
292,52639,0.019627873417251446
292,52640,0.018426961105631055
292,52641,0.0585423319905633
292,52642,0.005915481942948091
292,52643,0.020735325560328456
292,52644,0.013897650831603823
292,52645,0.010771639166724772
292,52646,0.0293974115254613
292,52647,0.005443498730788443
292,52648,0.023811163879530986
292,52701,0.009959610089631036
292,52702,0.022415784084942734
292,52703,0.02592293554751088
292,52704,0.008508589715588844
292,52705,0.027374480660683927
292,52706,0.18609189802184103
292,52707,0.013414890945995614
292,52708,0.045276372909936545
292,52709,0.0045741787479534795
292,52710,0.04091694222397582
292,52711,0.021955572621239903
292,52712,0.010946861712260732
292,52713,0.028672175895584715
292,52714,0.004331160551961014
292,52715,0.03348024513863297
292,52716,0.02886595612461822
292,52717,0.009726018390508516
292,52718,0.04481820278968268
292,52719,0.0071617717396703015
292,52720,0.04388292184144138
292,52721,0.560199522077519
292,52722,0.010102881164718788
292,52723,0.036646971281312446
292,52724,0.036204784737209526
292,52725,0.04273115709416568
292,52726,0.023983882558695734
292,52727,0.0134530348430302
292,52728,0.05477437946008132
292,52729,0.0107822786409304
292,52730,0.05131833586137374
292,52731,0.0067116381110435795
292,52732,0.03266917020896855
292,52733,0.03731011672297439
292,52734,0.010086249886553945
292,52735,0.057628674913645137
292,52736,0.0047680170028824
292,52737,0.04934314138830797
292,52738,0.3960982599015365
292,52739,0.007526407549409979
292,52740,0.07055549160179388
292,52741,0.008387394339759819
292,52742,0.05230335952692421
292,52743,0.02416677618726956
292,52744,0.018788713791241776
292,52745,0.062418125088243695
292,52746,0.007454248904871106
292,52747,0.022409543054048974
292,52748,0.03198505234066057
292,52801,0.02708745108231705
292,52802,0.04843354955392543
292,52803,0.00281387413659132
292,52804,0.021505341466386548
292,52805,0.015506877685476914
292,52806,0.3803419065796592
292,52807,0.038333224691198764
292,52808,0.004748333692899043
292,52809,0.05541583498368693
292,52810,0.03188822446837445
292,52811,0.018642409852829292
292,52812,0.061320011421763576
292,52813,0.0067086406480600606
292,52814,0.04059651466748374
292,52815,0.021702961201707432
292,52816,0.014982229481635443
292,52817,0.049981769890062366
292,52818,0.00914691603978335
292,52819,0.061963362462685426
292,52820,0.04690083108482032
292,52821,0.06987620613040366
292,52822,0.48887858968017
292,52823,0.007561796403905049
292,52824,0.06744475120443424
292,52825,0.021039236512859567
292,52826,0.014830589257429484
292,52827,0.0411092843475394
292,52828,0.015335780564045925
292,52829,0.07517522253061656
292,52830,0.0037818638810452323
292,52831,0.038184428413564425
292,52832,0.03219089737671667
292,52833,0.012178858062257878
292,52834,0.06372481278462605
292,52835,0.005483355054110402
292,52836,0.04575810343182054
292,52837,0.016074107383445783
292,52838,0.40774236910389755
292,52839,0.054009975397192746
292,52840,0.007439445964433823
292,52841,0.056380061707521065
292,52842,0.008535162962144103
292,52843,0.03219906666016286
292,52844,0.024699458311333754
292,52845,0.007033608022804065
292,52846,0.05496151809440844
292,52847,0.02350137320020084
292,52848,0.016660885172288826
292,52901,0.011398051334940299
292,52902,0.006915597670294382
292,52903,0.055476108016367966
292,52904,0.0032698097349885213
292,52905,0.037051666176540946
292,52906,0.32412876151761805
292,52907,0.04213119533066899
292,52908,0.06308491410707545
292,52909,0.005110153582436141
292,52910,0.04021391069393598
292,52911,0.0276035128962931
292,52912,0.0035529682562126853
292,52913,0.08712029975155386
292,52914,0.026936085592239457
292,52915,0.0663635531873229
292,52916,0.05189965725534704
292,52917,0.007667830849044352
292,52918,0.0738158311429612
292,52919,0.011704108866527077
292,52920,0.024336933178393444
292,52921,0.03872613971396078
292,52922,0.009409499669140882
292,52923,0.5153450366866574
292,52924,0.006048038508413739
292,52925,0.049215658226704234
292,52926,0.009228227941742927
292,52927,0.010592293539517338
292,52928,0.02173355461504846
292,52929,0.013151799622150366
292,52930,0.06529023770935286
292,52931,0.016100694453883457
292,52932,0.018871418923703052
292,52933,0.038520672359037174
292,52934,0.004795265730854512
292,52935,0.025564239926390654
292,52936,0.010818028365388158
292,52937,0.02962066728134166
292,52938,0.035552932165296175
292,52939,0.008264400775464779
292,52940,0.18749701848101724
292,52941,0.2874079175312016
292,52942,0.0499990411358585
292,52943,0.030128898986214854
292,52944,0.01659375977076994
292,52945,0.03708095257988959
292,52946,0.017399362465558024
292,52947,0.03646251452954569
292,52948,0.027162763427079517
292,53001,0.012493086093201997
292,53002,0.06323582823540805
292,53003,0.010444400976012123
292,53004,0.0395811628403477
292,53005,0.008283913271052127
292,53006,0.013761673117076916
292,53007,0.04852396639731399
292,53008,0.058976797331234704
292,53009,0.0827800074422733
292,53010,0.1895492120185555
292,53011,0.030672297246349498
292,53012,0.011353817342849142
292,53013,0.009080724227101947
292,53014,0.04194203474167222
292,53015,0.008011471070662647
292,53016,0.047659058968101055
292,53017,0.01558449037314708
292,53018,0.011981425426636078
292,53019,0.03775866597834788
292,53020,0.005363286585882143
292,53021,0.032593693312721946
292,53022,0.016203635369205382
292,53023,0.027189926121419048
292,53024,0.05448924607604652
292,53025,0.006486293242939946
292,53026,0.40159396257915164
292,53027,0.08635235166007517
292,53028,0.0411180691529257
292,53029,0.0148605633084271
292,53030,0.002860506430256107
292,53031,0.03849526060226658
292,53032,0.0029351803400645346
292,53033,0.01913784765187393
292,53034,0.028805854878415086
292,53035,0.0085549418288931
292,53036,0.06356923746986505
292,53037,0.004020282963541551
292,53038,0.054542168070131056
292,53039,0.012077007807695564
292,53040,0.01965366183255969
292,53041,0.04415480158018439
292,53042,0.01593904149973877
292,53043,0.0700847381105793
292,53044,0.36509410804928255
292,53045,0.03200712359098401
292,53046,0.04647333774537776
292,53047,0.005941495281448843
292,53048,0.056758901421437684
292,53101,0.022425205543859177
292,53102,0.051535325910860415
292,53103,0.024265284666876292
292,53104,0.011208164889557795
292,53105,0.06664662481989793
292,53106,0.0031728161687354746
292,53107,0.03177389291348692
292,53108,0.03250548522808669
292,53109,0.021692662478057328
292,53110,0.028068990547235675
292,53111,0.025874299887094165
292,53112,0.04575597289666942
292,53113,0.3791430167958242
292,53114,0.03970720259211905
292,53115,0.0140808693239309
292,53116,0.005678403056465362
292,53117,0.024122558258179622
292,53118,0.007488153243785508
292,53119,0.04798283450255965
292,53120,0.03141967018076611
292,53121,0.019073065496859398
292,53122,0.07155889962934915
292,53123,0.00815473063985679
292,53124,0.061872021934711516
292,53125,0.021786280502751342
292,53126,0.02729893790102634
292,53127,0.03971125888169378
292,53128,0.010529927445108396
292,53129,0.02679898516180554
292,53130,0.1373778941127759
292,53131,0.01108016861144143
292,53132,0.021724572144675783
292,53133,0.020757915252669158
292,53134,0.07121925968293086
292,53135,0.008078213173001083
292,53136,0.05046047852716678
292,53137,0.04364545433252414
292,53138,0.012104750577035773
292,53139,0.025491308348806432
292,53140,0.005763210345900802
292,53141,0.034758889549020386
292,53142,0.03658946667224574
292,53143,0.042142314933357114
292,53144,0.020936688620988325
292,53145,0.0032818403784536853
292,53146,0.07523885792741641
292,53147,0.143900928692162
292,53148,0.11081415187818179
292,53201,0.037906861789967
292,53202,0.018693590906963715
292,53203,0.06587273647796438
292,53204,0.005759853874059404
292,53205,0.024228540474250333
292,53206,0.011854529934832617
292,53207,0.015102658280945843
292,53208,0.02132588161140252
292,53209,0.005184751239581742
292,53210,0.03707475071742879
292,53211,0.013541982326626971
292,53212,0.027753400787826316
292,53213,0.02495513883564144
292,53214,0.0034083873373495967
292,53215,0.024103653825680454
292,53216,0.2473435603655346
292,53217,0.01888649781709776
292,53218,0.041411151051946656
292,53219,0.0100308553928461
292,53220,0.07258070001308807
292,53221,0.009345114652904218
292,53222,0.03063365957238028
292,53223,0.022092263690830442
292,53224,0.014992054789709264
292,53225,0.05654127634170906
292,53226,0.010531342970106694
292,53227,0.027027595677649823
292,53228,0.01112241004383121
292,53229,0.012875807854015237
292,53230,0.03670134290893188
292,53231,0.010626677684632381
292,53232,0.02619036440838862
292,53233,0.3533283704417213
292,53234,0.03176353951045468
292,53235,0.030469935916351273
292,53236,0.04709484194841621
292,53237,0.0865377958329389
292,53238,0.0029380890760310856
292,53239,0.03020958760619349
292,53240,0.04142532933511671
292,53241,0.021900460494178306
292,53242,0.01659648755702481
292,53243,0.010477547005534755
292,53244,0.04579614224868168
292,53245,0.014289033738082199
292,53246,0.019694755089742916
292,53247,0.023228153543571085
292,53248,0.4340955154014781
292,53301,0.04496391855855803
292,53302,0.007500000162037169
292,53303,0.03234517508464931
292,53304,0.03764087728445552
292,53305,0.002719590292977614
292,53306,0.07223517562271956
292,53307,0.004193828081834382
292,53308,0.024503827586115627
292,53309,0.019240988543482617
292,53310,0.002895565505101249
292,53311,0.03940130144136942
292,53312,0.0038797382887309595
292,53313,0.016358184893359436
292,53314,0.20050801070882157
292,53315,0.11636152115359683
292,53316,0.04607161064770025
292,53317,0.003559466573965945
292,53318,0.013390538146168795
292,53319,0.04120502335578887
292,53320,0.008520840414373535
292,53321,0.039159441657328035
292,53322,0.010309607769826565
292,53323,0.03195557767771696
292,53324,0.027639161135089154
292,53325,0.009788327125248374
292,53326,0.04256815339000681
292,53327,0.0070560820224824395
292,53328,0.014841672039625789
292,53329,0.03337744055906628
292,53330,0.5315843970422616
292,53331,0.029577175066457254
292,53332,0.03253370509715132
292,53333,0.021177595420547975
292,53334,0.04586704381521227
292,53335,0.004705820305668534
292,53336,0.11347583951765898
292,53337,1.779585218988453
292,53338,1.3163962857149274
292,53339,0.2406102083210824
292,53340,0.9711881466734708
292,53341,1.2394331520370239
292,53342,1.2779935831019669
292,53343,1.436233002013721
292,53344,0.5097522375010861
292,53345,1.1766830109227933
292,53346,0.8781769586319447
292,53347,0.7931237521212762
292,53348,0.014167896507382722
292,53401,0.010805901971081954
292,53402,0.04803684852647157
292,53403,0.008826885703281198
292,53404,0.035423565178200556
292,53405,0.014964778886105834
292,53406,0.026180407014333103
292,53407,0.040419948551365895
292,53408,0.008889620350115854
292,53409,0.013624244197500093
292,53410,0.021834257154811538
292,53411,0.006561304611269958
292,53412,0.3723485044639704
292,53413,0.09915255514911009
292,53414,0.0863658982295582
292,53415,0.41852347148668395
292,53416,0.20571795907555446
292,53417,0.09474928986462419
292,53418,0.9451916943706227
292,53419,0.4284139376165487
292,53420,0.0449198001665854
292,53421,0.06400535024299202
292,53422,0.015009263835812834
292,53423,0.02323783573409457
292,53424,0.011604299629066202
292,53425,0.2542771802750107
292,53426,0.09920758310061557
292,53427,0.13423060627984026
292,53428,0.43299492961782415
292,53429,0.09851129261659207
292,53430,0.45923411644399864
292,53431,0.21547536215052251
292,53432,0.18934725713125405
292,53433,0.4310320139447453
292,53434,0.5418664268593866
292,53435,2.7081829653929104
292,53436,2.543791712772113
292,53437,0.1635271269110966
292,53438,0.43434852729954104
292,53439,1.1769631327635783
292,53440,1.1142659858700548
292,53441,0.6719889187065018
292,53442,0.7518329268567717
292,53443,0.8974310008956035
292,53444,0.28360500142310197
292,53445,0.13361432457240122
292,53446,0.060245908707230414
292,53447,0.05276554397328185
292,53448,0.021088476971224165
292,53501,0.07327171199899336
292,53502,0.08843109876250664
292,53503,0.021251006114704395
292,53504,0.020215935248269458
292,53505,0.05178755652797589
292,53506,0.006274080733174812
292,53507,0.5572290181625286
292,53508,0.014892696673501767
292,53509,0.023355592933543452
292,53510,0.031261920780087556
292,53511,0.016118144203657408
292,53512,0.0664180427158614
292,53513,0.021137042718438494
292,53514,0.011863092083089576
292,53515,0.04579305583354604
292,53516,0.004477117245694929
292,53517,0.21607205146486957
292,53518,0.28688347018807236
292,53519,0.28153338291560037
292,53520,0.1735497891975096
292,53521,0.0787144179304867
292,53522,0.5131547678111976
292,53523,0.03960127168742469
292,53524,0.02677914850126307
292,53525,0.06884099289590817
292,53526,0.06431036970490611
292,53527,0.15337203339622796
292,53528,0.09492354555179314
292,53529,0.054609932366012
292,53530,0.1788193588288893
292,53531,0.5346055932379825
292,53532,0.6521656509031484
292,53533,0.3955001651312401
292,53534,0.5913325206658965
292,53535,0.4538783404623552
292,53536,0.5063070115990612
292,53537,0.2714870686295261
292,53538,0.47783466396652025
292,53539,0.11481075363438126
292,53540,0.6002801603354148
292,53541,0.6536262057818433
292,53542,0.5824186186929807
292,53543,0.8196486483239888
292,53544,0.3776515641046939
292,53545,0.03247833695743473
292,53546,0.01732310122491892
292,53547,0.05959837625225959
292,53548,0.08315686340400935
292,53601,0.1273744141234262
292,53602,0.026151079054587262
292,53603,0.05079560867088924
292,53604,0.014276536969248164
292,53605,0.009949275359112787
292,53606,0.016062048830803304
292,53607,0.019101778540039742
292,53608,0.07061478373757843
292,53609,0.007685298960714526
292,53610,0.04392744650605377
292,53611,0.04490880879607071
292,53612,0.0055050628049966915
292,53613,0.06312121727414402
292,53614,0.21053453295684169
292,53615,0.09711630042590479
292,53616,0.035172225453894666
292,53617,0.008712295242760416
292,53618,0.05239500815501574
292,53619,0.009249642047331783
292,53620,0.048091510546058876
292,53621,0.00922598774628972
292,53622,0.03251431168657182
292,53623,0.02851642095310198
292,53624,0.019351234917644334
292,53625,0.06366992090784557
292,53626,0.051420757725694634
292,53627,0.06864301280991633
292,53628,0.05733868552193517
292,53629,0.018340055502693426
292,53630,0.43945799899569127
292,53631,0.020780188748320993
292,53632,0.013714298678084682
292,53633,0.22095527239575016
292,53634,0.4834642314272767
292,53635,1.1153501115113804
292,53636,0.6984622151209132
292,53637,0.3366038690806467
292,53638,0.48887135147445077
292,53639,0.8096665785455545
292,53640,0.18737943017890724
292,53641,0.12257286236725383
292,53642,0.38255751989699976
292,53643,0.27490189553041033
292,53644,0.4054672421114901
292,53645,0.16386392634569036
292,53646,0.01570856899708063
292,53647,0.06333005751996836
292,53648,0.01145651806181507
292,53701,0.08030363325279766
292,53702,0.017747362976202444
292,53703,0.06337875393255489
292,53704,0.027822003332186176
292,53705,0.01314659137816979
292,53706,0.36739914343708535
292,53707,0.022035350506657926
292,53708,0.028569069262495923
292,53709,0.008288513791734687
292,53710,0.025352179763132355
292,53711,0.009553005659701647
292,53712,0.021253613065578963
292,53713,0.015649235833716107
292,53714,0.13646094620421634
292,53715,0.044988759542827335
292,53716,0.01729909617621229
292,53717,0.04539027442211046
292,53718,0.015164559724004321
292,53719,0.03130853179713207
292,53720,0.021647003757116916
292,53721,0.2867513618981511
292,53722,0.05951128527132652
292,53723,0.010104439983312325
292,53724,0.04500230977037354
292,53725,0.008670003932584018
292,53726,0.05211016972834751
292,53727,0.007762698279436165
292,53728,0.020563534636219485
292,53729,0.028701456031399224
292,53730,0.02945245689041804
292,53731,0.03444312601599372
292,53732,0.011770755457743079
292,53733,0.04893755558651391
292,53734,0.09771218409462679
292,53735,0.08793773239931975
292,53736,0.03163041763346097
292,53737,0.3901742265911479
292,53738,0.05961568313430454
292,53739,0.015513155857786246
292,53740,0.02403107095152063
292,53741,0.026047465834003705
292,53742,0.6162509365150797
292,53743,0.7723681668866467
292,53744,1.136544832181293
292,53745,0.40569876073966343
292,53746,0.021068544808902336
292,53747,0.04375377731065493
292,53748,0.007757094007951528
292,53801,0.02800974250714974
292,53802,0.01626510067802343
292,53803,0.036659340248325054
292,53804,0.054689700870570054
292,53805,0.00613260834872491
292,53806,0.06794140382408942
292,53807,0.030684932428353146
292,53808,0.0581651212280664
292,53809,0.03194354140704834
292,53810,0.1436629604000728
292,53811,0.03902213696964723
292,53812,0.008794739678086545
292,53813,0.03624182793703655
292,53814,0.027422076529662713
292,53815,0.10739347889100591
292,53816,0.018172919232285117
292,53817,0.028579421402401946
292,53818,0.017517417840891673
292,53819,0.021348376124856756
292,53820,0.05221718212854395
292,53821,0.38756157627567206
292,53822,0.052636916110346404
292,53823,0.02701202140880792
292,53824,0.021379457227664104
292,53825,0.026325246621550835
292,53826,0.01906457638566058
292,53827,0.04216728677359638
292,53828,0.014866109731506646
292,53829,0.03335888888443124
292,53830,0.01098121018462448
292,53831,0.01917530352045872
292,53832,0.02323781621976717
292,53833,0.009275889459226845
292,53834,0.35073726802898214
292,53835,1.2712607805424905
292,53836,1.052080745359722
292,53837,1.2263472146170127
292,53838,0.6273440347612821
292,53839,0.49205863692063695
292,53840,0.5341361392709415
292,53841,0.2976296619329898
292,53842,0.03347991678470228
292,53843,0.07307250308761361
292,53844,0.012478955001922783
292,53845,0.02331023605542661
292,53846,0.02111247088102569
292,53847,0.027755666527744697
292,53848,0.03556362992936695
292,53901,0.024385376215965888
292,53902,0.026974516580286656
292,53903,0.03823629912978141
292,53904,0.09337870650880532
292,53905,0.040055399351621154
292,53906,0.11492261208399003
292,53907,0.12758281617867387
292,53908,0.017817549326990315
292,53909,0.023404407487547227
292,53910,0.011616454463587158
292,53911,0.04057410199916311
292,53912,0.020470658791161497
292,53913,0.01621193156002617
292,53914,0.01741554031206152
292,53915,0.023434322164548247
292,53916,0.10250849359062486
292,53917,0.012074785084994932
292,53918,0.04017735152110378
292,53919,0.013028797633963895
292,53920,0.014998455578314716
292,53921,0.12628560723265495
292,53922,0.01700669518735513
292,53923,0.026754099535403756
292,53924,0.013014989094350162
292,53925,0.061101303310422184
292,53926,0.017845643974996713
292,53927,0.012130227586659843
292,53928,0.040844948495699265
292,53929,0.012854665378192487
292,53930,0.025593945959651507
292,53931,0.010506883605598878
292,53932,0.05395223520906867
292,53933,0.01719741929869456
292,53934,0.4211335693392381
292,53935,1.6383975974663298
292,53936,0.4165608856374882
292,53937,0.3107344152423531
292,53938,0.36251804999141357
292,53939,0.4842586098959428
292,53940,0.523787357205278
292,53941,0.07267564318146413
292,53942,0.03275818219784798
292,53943,0.02991397727210573
292,53944,0.05306775902369061
292,53945,0.015497888433403877
292,53946,0.0538159399610902
292,53947,0.01071490722599529
292,53948,0.03192886991009706
292,54001,0.30041672055548985
292,54002,0.06741837875691434
292,54003,0.02186356944527839
292,54004,0.057682555511981565
292,54005,0.008347708085660665
292,54006,0.03223494400718943
292,54007,0.031903431219337294
292,54008,0.013509761884742497
292,54009,0.026914861567544406
292,54010,0.009576569317688452
292,54011,0.050999229892551554
292,54012,0.006645952517604874
292,54013,0.03128202639429059
292,54014,0.028968538331622773
292,54015,0.5558305781313706
292,54016,0.0382935277108382
292,54017,0.006827306725966323
292,54018,0.06551031936444665
292,54019,0.02469526348124625
292,54020,0.036263777811953994
292,54021,0.034498653563857055
292,54022,0.019708745729303267
292,54023,0.07469976356937286
292,54024,0.018774495232205847
292,54025,0.023676226741393497
292,54026,0.024931540412851748
292,54027,0.018636277259713646
292,54028,0.03396098728167186
292,54029,0.013391204459087926
292,54030,0.09937557455641413
292,54031,0.39005101049536517
292,54032,0.02201624943645826
292,54033,0.09978721633809177
292,54034,1.1520341138564831
292,54035,0.5499245506845051
292,54036,1.619245698120186
292,54037,2.0568410105952886
292,54038,0.9150561781870076
292,54039,0.5970797058023335
292,54040,0.5921262149185103
292,54041,0.29872427443820987
292,54042,0.41127311033491
292,54043,0.2924766122391218
292,54044,0.25598928852262814
292,54045,0.5289815640511435
292,54046,0.37731326723266473
292,54047,0.058947917492879025
292,54048,0.02920629908710721
292,54101,0.05998032019311564
292,54102,0.019822267353000016
292,54103,0.023754609363761642
292,54104,0.03839576238612551
292,54105,0.010155079055494245
292,54106,0.1389377704610798
292,54107,0.01662273031230292
292,54108,0.020880548691925006
292,54109,0.023913203983652116
292,54110,0.017104336786769946
292,54111,0.041137242603405476
292,54112,0.014307694149445317
292,54113,0.024416489096222304
292,54114,0.02034571860899111
292,54115,0.038187982918718236
292,54116,0.02763300234516289
292,54117,0.14096818313888876
292,54118,0.18033824171467905
292,54119,0.971699598381083
292,54120,0.11975016971578152
292,54121,0.02620787458052172
292,54122,0.0111849094302832
292,54123,0.16020516446921174
292,54124,0.21682785734270274
292,54125,0.135656861741953
292,54126,0.1613806142380946
292,54127,0.060630891924427915
292,54128,0.8934510532331809
292,54129,0.1383342654683486
292,54130,0.28918594281339377
292,54131,0.07068936743584722
292,54132,0.15077509202199013
292,54133,0.40256588276330496
292,54134,0.6837968325411613
292,54135,0.6256464540371806
292,54136,0.7648020459725765
292,54137,0.38611654506755555
292,54138,0.6842041902200119
292,54139,1.1856067047415229
292,54140,0.5006889031927186
292,54141,0.43546565824140276
292,54142,0.2976670779866141
292,54143,0.02280118895211809
292,54144,0.011789713211844697
292,54145,0.07122282705811496
292,54146,0.016245738433831675
292,54147,0.06985838984449706
292,54148,0.013550856931373383
292,54201,0.05192673029815384
292,54202,0.021023009404981946
292,54203,0.03808573135552356
292,54204,0.018943562954986254
292,54205,0.06439080548917471
292,54206,0.48743412616394277
292,54207,0.02610633214289257
292,54208,0.031297528246084054
292,54209,0.017086128363544176
292,54210,0.050142513612235075
292,54211,0.01914127372246836
292,54212,0.03423942356565896
292,54213,0.017633734105362345
292,54214,0.027361023183908078
292,54215,0.022168913381527607
292,54216,0.0632334328801786
292,54217,0.14589748763006027
292,54218,0.42059133384131053
292,54219,0.17297476671620013
292,54220,0.07669419951204011
292,54221,0.016746418716680252
292,54222,0.02151396218013181
292,54223,0.028359219674449036
292,54224,0.02281647685505597
292,54225,0.04553007192590759
292,54226,0.0658010952771466
292,54227,0.07157139439024614
292,54228,0.017699251295107583
292,54229,0.2069875410613522
292,54230,0.012783867282647443
292,54231,0.022125069629712352
292,54232,0.04022858266566139
292,54233,0.044938342442937124
292,54234,0.04090001175066889
292,54235,0.23461195173021576
292,54236,0.9446339896140356
292,54237,1.1159422337995988
292,54238,0.4623572808604877
292,54239,0.43088883929875876
292,54240,0.9282306403971082
292,54241,0.22546047252049417
292,54242,0.03377351090129305
292,54243,0.021900031683787766
292,54244,0.07823585732905151
292,54245,0.00439750026331484
292,54246,0.07556522663427233
292,54247,0.014353524206426157
292,54248,0.03317435094818375
